-0.0028763
-0.0167371
0.0077881
0.0077333
-0.0023913
0.0081814
-0.0045893
-0.0095505
0.0053290
-0.0018678
0.0009372
0.0175746
0.0079954
-0.0197965
0.0118958
0.0063331
-0.0167186
0.0148328
0.0186315
0.0050092
0.0022536
0.0035003
0.0191721
-0.0021859
-0.0053335
0.0152020
0.0178818
0.0038529
-0.0039586
0.0021418
-0.0111790
-0.0108130
0.0125759
0.0359601
-0.0027076
-0.0040358
-0.0210547
-0.0115269
0.0232476
0.0529712
0.0349867
0.0389583
-0.0238611
-0.0283623
-0.0679972
0.0820713
-0.0657018
0.0025424
0.0383400
0.0493897
0.0132103
0.0186320
-0.0241999
-0.0121111
0.0016936
-0.0113244
-0.0035910
-0.0216053
0.0249154
0.0192136
-0.0004845
-0.0274171
-0.0061219
-0.0194672
0.0144640
0.0115782
-0.0079461
-0.0007878
-0.0118702
0.0041002
-0.0160495
-0.0127208
-0.0086487
0.0024802
0.0225887
-0.0112234
0.0077222
-0.0024699
-0.0220412
0.0133055
0.0027401
0.0204063
0.0206762
0.0126723
-0.0093781
-0.0087938
0.0204582
0.0042657
0.0090493
0.0030881
-0.0011879
-0.0026778
0.0106627
0.0016859
0.0080542
0.0221440
0.0139308
0.0129944
0.0187418
0.0113851
-0.0279162
0.0020562
0.0205090
0.0019129
0.0159926
0.0133557
-0.0086977
-0.0175629
-0.0078467
0.0106754
0.0416335
0.0358246
-0.0110960
-0.0660004
-0.0741884
0.0257925
0.0353668
-0.0620364
0.0051882
0.0073106
0.0050904
-0.0022088
0.0100631
0.0231262
0.0131867
0.0154193
0.0157416
-0.0001535
0.0034286
-0.0244161
0.0076397
0.0245664
0.0198588
0.0046487
-0.0006812
0.0143425
0.0041190
-0.0171517
0.0040193
0.0078543
-0.0083919
0.0043672
0.0107167
-0.0075824
-0.0005649
-0.0245048
0.0069439
-0.0049665
0.0023648
0.0142733
-0.0162664
-0.0098407
0.0174417
0.0122783
-0.0114069
0.0107970
-0.0075892
0.0163271
0.0047786
-0.0102124
0.0007012
-0.0095061
-0.0221233
-0.0247508
0.0006574
0.0078618
0.0047370
-0.0002427
0.0129940
-0.0079420
-0.0034404
-0.0158974
-0.0019095
0.0071637
-0.0205457
-0.0032645
0.0286280
0.0081870
0.0331083
-0.0160308
-0.0546215
-0.0625635
-0.0463850
0.0352289
0.1024899
0.0655005
-0.1110556
-0.1238512
-0.0663286
-0.0121885
0.0334854
0.0053218
0.0069027
-0.0352201
-0.0122473
0.0070415
-0.0102968
0.0045527
-0.0152042
-0.0122450
