0.0205791
-0.0117284
0.0125333
-0.0064894
0.0190233
-0.0036840
0.0227157
-0.0101843
-0.0060525
0.0077485
-0.0303338
0.0116806
0.0203153
0.0141801
0.0488601
0.0384748
-0.0055638
0.0023093
-0.0686674
-0.0694047
-0.0143534
0.0728547
0.1731175
0.1233321
-0.0839399
0.0025854
0.0169830
0.0038709
0.0058344
-0.0076553
-0.0184625
-0.0013608
-0.0117557
0.0095461
-0.0080236
0.0059866
-0.0003025
-0.0065873
0.0194876
0.0284370
-0.0095433
0.0091461
0.0104590
0.0054943
0.0115810
-0.0109617
0.0082796
-0.0124633
-0.0009409
0.0103202
0.0038636
-0.0152523
0.0029641
0.0007670
0.0175904
-0.0007279
-0.0002226
0.0039652
0.0023634
0.0019058
-0.0155842
-0.0110511
-0.0205650
0.0001692
0.0006342
0.0170683
-0.0080210
0.0054941
-0.0001241
0.0210320
-0.0144134
-0.0100505
0.0089487
-0.0152712
0.0132357
0.0058608
-0.0234307
-0.0098505
0.0060643
0.0054290
-0.0217540
0.0094129
0.0361410
-0.0222697
-0.0061407
0.0027834
0.0288083
0.0411159
-0.0037181
-0.0881777
0.0047879
0.1352949
-0.1100902
-0.1108881
-0.0153640
0.0018013
0.0289366
0.0086449
0.0148694
0.0291108
0.0045670
-0.0077987
-0.0119413
0.0016352
0.0040598
0.0159210
0.0112589
-0.0010803
-0.0200964
-0.0132079
0.0009537
-0.0194530
-0.0072833
0.0090459
0.0161107
-0.0103230
-0.0101100
0.0160701
-0.0026595
-0.0148538
0.0146045
-0.0042924
0.0139326
0.0010592
0.0023559
-0.0022061
-0.0087754
0.0213592
0.0026801
0.0185150
-0.0033041
0.0089654
-0.0109461
0.0105125
-0.0119338
-0.0113340
-0.0136811
0.0154725
0.0309117
0.0309962
0.0193410
0.0488650
-0.0247150
-0.0873035
-0.0264070
0.1620948
0.0986898
-0.1114877
-0.0825150
-0.0008918
0.0230740
0.0101094
0.0404483
0.0095872
0.0128468
-0.0312447
0.0168373
-0.0066898
-0.0109735
-0.0057701
0.0163658
-0.0210791
0.0075868
0.0180614
0.0206728
-0.0059724
-0.0003075
-0.0071499
0.0119702
-0.0027822
0.0164176
0.0131265
-0.0123148
-0.0211948
0.0151164
0.0086195
-0.0051953
-0.0133318
-0.0045392
0.0057573
-0.0166200
-0.0098072
0.0210168
0.0192653
-0.0070221
0.0064656
0.0013863
0.0031601
-0.0001795
0.0001793
-0.0110770
0.0098266
0.0055120
0.0091190
-0.0212966
0.0037997
0.0226007
-0.0266022
0.0115636
-0.0131212
