0.0067764
-0.0101564
-0.0194531
0.0008888
-0.0049999
-0.0191059
0.0018143
0.0081477
0.0157533
-0.0156310
-0.0261072
-0.0018051
0.0124176
0.0060565
0.0150429
0.0275116
0.0441928
0.0327345
-0.0084251
-0.0756449
-0.0984772
-0.0773100
0.0242287
0.1179810
0.1384654
-0.0674123
0.0159974
0.0401224
0.0293345
0.0219705
0.0256421
0.0090946
-0.0157270
-0.0035047
-0.0147574
-0.0154329
0.0042907
-0.0067292
0.0166836
-0.0002206
0.0202614
0.0205681
0.0170699
0.0048148
0.0184057
-0.0080498
-0.0084325
0.0084026
0.0122977
-0.0180452
0.0131468
0.0140837
-0.0121178
-0.0142839
-0.0024004
0.0110209
0.0196733
0.0104268
-0.0027475
0.0178391
-0.0103883
-0.0176131
-0.0174797
0.0195161
0.0115225
0.0080659
-0.0016190
-0.0193412
0.0071647
-0.0048418
0.0124479
0.0141843
-0.0106154
-0.0098316
-0.0003923
-0.0171650
-0.0140667
-0.0152792
-0.0103199
-0.0056222
-0.0077722
-0.0054406
-0.0099390
0.0010326
0.0120012
0.0095990
0.0036893
0.0255575
0.0164824
0.0030275
-0.0102618
-0.0180826
0.0125065
-0.0137162
-0.0170665
-0.0107721
-0.0031090
-0.0107280
0.0146416
0.0035775
0.0067166
-0.0296108
0.0060707
0.0116933
0.0292699
0.0388594
0.0120764
-0.0475549
-0.0730457
-0.0689841
0.1311095
0.1774054
-0.1427012
-0.0870230
0.0239795
0.0334437
0.0053014
0.0017760
-0.0065635
0.0031408
0.0033259
0.0104839
0.0078894
-0.0061746
-0.0288128
0.0212654
-0.0103625
-0.0103563
-0.0010306
0.0093189
0.0138592
-0.0111742
0.0139907
0.0061161
-0.0160186
-0.0204010
0.0160658
0.0168248
-0.0060199
-0.0126146
0.0033382
-0.0030877
-0.0015104
0.0057731
-0.0045377
0.0139977
0.0110924
-0.0099602
0.0187025
0.0005857
-0.0109980
0.0068172
0.0122247
-0.0064008
-0.0173009
0.0113837
-0.0000257
0.0068216
0.0108082
-0.0202902
-0.0098843
0.0126037
0.0084092
0.0138389
0.0068478
0.0282661
0.0495567
0.0120181
-0.0026886
-0.0463609
-0.1055824
-0.0897996
-0.0682083
0.1668611
0.1234538
0.0006522
-0.0442138
0.0254217
-0.0080323
0.0307961
0.0112959
-0.0066161
0.0061328
-0.0166341
-0.0130179
0.0016964
-0.0034835
-0.0119782
-0.0083772
0.0037515
0.0137838
0.0075045
0.0136808
-0.0139946
0.0119819
-0.0268386
-0.0214813
0.0152461
0.0112106
-0.0166464
