-0.0118165
-0.0058881
-0.0011917
-0.0128412
-0.0163235
-0.0167161
0.0108597
-0.0059679
-0.0129177
-0.0127869
0.0119011
0.0087580
0.0057487
0.0048921
0.0072773
0.0131776
0.0035295
0.0004839
-0.0015150
0.0128914
0.0174573
-0.0159695
0.0173535
-0.0119434
0.0138383
0.0186669
-0.0131925
-0.0172971
0.0084193
-0.0022472
0.0087933
-0.0007414
-0.0021573
-0.0184814
0.0231162
0.0121344
-0.0178629
-0.0174262
-0.0074374
-0.0072221
-0.0043592
-0.0006185
0.0001042
-0.0023170
-0.0093445
-0.0091148
0.0210526
0.0227112
-0.0430826
-0.0880533
-0.1109428
-0.0670328
0.0999868
0.1315824
-0.0342901
0.0399469
-0.0329000
-0.0023740
0.0047635
0.0027976
-0.0122963
-0.0180526
-0.0042456
-0.0093030
0.0050601
0.0199969
0.0060501
0.0051373
-0.0089213
0.0026073
-0.0068024
-0.0028559
-0.0015124
0.0022913
-0.0197409
0.0133719
0.0184891
-0.0051845
0.0006042
-0.0096671
-0.0101528
-0.0293125
0.0187759
-0.0027251
0.0082990
0.0037824
0.0141616
-0.0028127
-0.0055992
-0.0057564
-0.0084528
-0.0152916
-0.0073339
0.0228834
0.0238688
0.0516321
0.0082805
-0.0415680
-0.0834598
-0.0951034
-0.0507601
0.1228540
0.0323612
-0.1245999
-0.1124408
-0.0079329
0.0308220
0.0411279
0.0386913
0.0175987
-0.0182024
-0.0304247
0.0010841
-0.0193824
-0.0029093
0.0222474
-0.0199621
-0.0018982
-0.0093890
0.0060276
0.0002993
0.0023477
0.0112101
0.0235872
0.0040285
0.0199947
0.0061947
0.0198697
-0.0051189
0.0173650
-0.0170241
0.0129723
-0.0035508
0.0027873
-0.0240186
-0.0145428
-0.0142568
-0.0277208
0.0095488
0.0039631
0.0067048
0.0096121
-0.0122508
0.0025463
0.0043953
0.0120678
-0.0044393
-0.0108096
0.0219420
0.0125643
0.0139651
0.0057672
0.0024659
0.0057633
-0.0078196
-0.0145135
-0.0005758
0.0114904
0.0129831
-0.0018336
-0.0168093
-0.0044756
-0.0188566
0.0223842
-0.0108703
-0.0006575
-0.0348602
0.0043510
0.0175580
-0.0027177
0.0110342
0.0110270
0.0184268
0.0153854
-0.0302376
-0.0596314
-0.0161525
0.1272098
0.1026684
-0.1365498
-0.0626381
-0.0298986
0.0058439
0.0064991
0.0141398
-0.0025494
-0.0006859
-0.0058252
-0.0237568
-0.0377373
0.0166807
0.0037705
0.0153807
0.0150169
0.0154274
0.0038121
0.0077967
0.0128781
-0.0108647
0.0155844
