0.0137050
0.0123568
-0.0126173
0.0163346
-0.0285853
0.0234670
-0.0000560
-0.0084679
-0.0103490
0.0185464
-0.0206397
0.0120435
0.0195260
-0.0054404
-0.0164828
0.0125896
0.0089519
-0.0131601
-0.0084129
-0.0134955
-0.0034755
-0.0061730
-0.0045143
0.0147451
-0.0058326
-0.0069929
0.0193255
-0.0070010
-0.0244635
-0.0042096
-0.0088711
0.0018333
0.0132777
-0.0113258
-0.0038711
-0.0059668
0.0038499
0.0068908
0.0097298
0.0040983
0.0030475
-0.0083235
-0.0045355
0.0150747
-0.0067877
0.0066981
-0.0088176
-0.0203326
0.0192707
0.0206215
0.0089023
0.0224688
0.0242021
-0.0631009
0.0793933
0.0208789
0.0041703
0.0347266
0.0108509
-0.0066117
-0.0146403
-0.0051312
-0.0239872
-0.0071211
-0.0171620
-0.0062522
0.0101553
0.0107277
0.0023265
0.0296088
-0.0015467
-0.0109407
-0.0138949
0.0046602
-0.0026892
0.0090938
-0.0205138
0.0064921
-0.0064511
-0.0097188
-0.0062057
0.0146183
0.0201401
-0.0031239
-0.0129828
-0.0165611
-0.0216131
0.0216371
0.0062494
-0.0056782
-0.0038786
-0.0072466
0.0072417
-0.0077793
0.0089906
0.0078017
-0.0106213
-0.0103382
0.0059717
-0.0081960
0.0213575
0.0000159
0.0054343
-0.0126121
0.0138653
-0.0109911
0.0223822
-0.0015063
-0.0082991
-0.0226946
-0.0088429
0.0126932
0.0149118
0.0185542
0.0044732
0.0150916
-0.0200109
-0.0227698
-0.0047423
0.0207494
0.0422364
-0.0251128
-0.0456411
0.0031476
0.1835050
-0.1612147
0.0182689
0.0317851
0.0343816
0.0298400
0.0364561
0.0139192
-0.0070442
0.0126730
-0.0037611
-0.0131534
-0.0122485
-0.0202792
-0.0176980
-0.0105864
0.0057210
-0.0096701
0.0132426
-0.0151401
-0.0048566
-0.0100624
0.0072661
-0.0081980
0.0145185
-0.0023735
-0.0247832
-0.0448313
0.0038770
0.0430595
0.0524377
-0.0219008
-0.0072933
0.0309279
-0.0111777
-0.0005243
0.0189753
-0.0105657
0.0103853
-0.0150191
0.0043772
-0.0217629
-0.0050155
0.0206966
-0.0081395
-0.0082629
0.0022543
-0.0210231
-0.0099281
-0.0092428
0.0157341
-0.0034770
0.0097301
-0.0050345
-0.0143740
-0.0115768
0.0090458
-0.0178488
-0.0060962
0.0153121
-0.0048049
0.0022343
0.0061452
0.0211680
0.0069986
0.0088381
-0.0105273
0.0098650
0.0261301
0.0307085
0.0514440
-0.0855444
-0.1167408
0.0780382
0.1552832
0.1986434
