0.0125722
-0.0178474
-0.0193120
-0.0000555
-0.0110841
0.0168394
0.0064934
0.0155041
0.0047291
-0.0089788
-0.0156116
0.0050199
-0.0229313
0.0142332
-0.0043803
0.0167328
0.0141497
-0.0000796
0.0045470
-0.0205785
-0.0135595
-0.0086078
-0.0179217
0.0139808
-0.0000033
0.0174229
-0.0152322
-0.0248484
0.0038970
0.0234954
0.0189342
0.0085451
0.0019366
0.0185616
-0.0206460
-0.0145370
0.0020572
0.0165680
-0.0144733
-0.0178266
0.0223433
0.0232320
-0.0069268
0.0193735
0.0016668
-0.0179014
0.0096225
-0.0143552
-0.0258029
-0.0758375
-0.0695063
-0.0412925
0.0999725
0.0315682
-0.0092463
0.0314301
-0.0236412
0.0022231
-0.0100486
0.0109035
0.0142199
-0.0002509
-0.0115316
-0.0121307
-0.0085489
0.0118567
0.0111815
0.0160630
-0.0123006
0.0047192
-0.0075820
-0.0095365
-0.0103284
0.0056751
-0.0098196
-0.0142925
0.0070680
-0.0099349
-0.0133513
0.0160565
0.0108239
-0.0005099
0.0155401
-0.0042843
-0.0055396
0.0070140
0.0147660
0.0148993
-0.0035075
-0.0096238
-0.0099019
0.0040377
-0.0067508
-0.0245276
-0.0237043
-0.0187637
-0.0062136
0.0212246
-0.0002666
-0.0011863
0.0124335
-0.0028712
0.0066676
-0.0206268
-0.0007157
-0.0167668
0.0223341
0.0197839
0.0051484
0.0126916
-0.0235076
-0.0270393
-0.0172811
0.0003999
0.0280676
0.0165943
-0.0772577
0.0104878
0.0820720
-0.0016753
-0.1267355
0.0037809
0.0169809
0.0228360
-0.0078556
-0.0239665
-0.0045064
0.0146428
-0.0066992
0.0054908
-0.0066447
0.0215670
0.0121361
0.0089215
0.0153906
-0.0009141
0.0085132
-0.0184389
-0.0210915
0.0107944
-0.0127779
0.0063301
0.0015448
-0.0048001
0.0005025
0.0131556
0.0032646
-0.0015888
0.0093574
-0.0206295
0.0137179
-0.0013374
-0.0072749
-0.0126585
0.0160887
-0.0142514
-0.0075983
-0.0056842
-0.0144477
-0.0054406
0.0159039
-0.0034218
-0.0120009
-0.0162701
-0.0093346
0.0330253
0.0197717
0.0042707
-0.0149125
-0.0422635
-0.0896043
-0.0788036
-0.0594302
0.1744449
0.0804404
0.0012680
-0.0326567
-0.0055685
0.0350366
0.0170769
0.0011181
-0.0131202
-0.0260593
-0.0025163
-0.0151809
-0.0065255
0.0191698
0.0048633
0.0138252
-0.0075255
0.0035740
0.0053964
0.0010783
0.0125164
0.0107493
-0.0060821
-0.0206258
0.0005256
-0.0006823
0.0093969
