-0.0991695
0.0853608
-0.0061366
-0.0859785
0.0640599
0.0551984
-0.0126415
-0.0184785
-0.0078944
-0.0147855
0.0192244
-0.0000463
0.0391282
0.0577884
-0.0547120
0.0778376
0.0417045
-0.0476044
-0.0283780
-0.0343219
-0.0872704
-0.0423526
-0.0604313
0.0640512
-0.0361139
0.0552190
-0.0543386
0.0410269
0.0071469
-0.0140970
0.0410386
0.0440255
0.0226531
0.0038631
-0.0308946
-0.0615275
0.0300805
0.0574999
0.0360399
0.0102669
-0.0433403
-0.0220845
0.0022309
0.0352671
-0.0053683
-0.1118980
-0.0594709
-0.0273728
-0.1014159
-0.2126427
-0.1454953
0.0446072
0.0488380
-0.0165803
-0.1086615
0.0565799
-0.0898794
0.0768682
0.0084743
0.0657462
0.0801791
0.0493558
-0.0734361
0.0269630
0.0183934
-0.0373683
0.0699606
0.0063060
-0.0264288
-0.0118676
-0.0976384
0.0082876
-0.0028164
0.0603464
-0.0705140
-0.0313791
-0.0998418
0.0659363
-0.0844464
0.0507658
0.0702673
-0.0078990
-0.0266147
0.0808028
-0.0941889
-0.0695544
0.0211008
0.0149280
0.0777038
-0.0042063
0.0654609
0.0861480
0.0236492
0.0064592
0.0080997
-0.0627377
0.0067072
0.0022330
-0.0479317
0.0261903
-0.0246563
0.0857016
-0.0064901
-0.0012846
0.0456322
0.0476191
0.0610222
0.0333378
0.0579774
-0.0127851
0.0122149
0.0079964
0.0293113
-0.0141070
0.0562554
-0.0081728
0.0075794
-0.2180712
-0.2934828
0.1419372
-0.0112759
0.0245304
-0.0965153
0.0108934
-0.0317987
0.0513690
0.0751288
0.0239788
-0.0521251
-0.0319570
-0.0146723
0.0165401
-0.0225895
-0.0204489
0.0267890
-0.0219404
-0.0427486
0.0344205
0.0585042
-0.0936072
0.0408850
-0.0023390
-0.0089334
-0.0103632
-0.0683499
0.0185833
0.0486620
0.0042196
0.0947654
-0.0660150
0.0655719
-0.0168057
0.0147337
-0.0465435
-0.0594028
0.0821864
0.0444942
0.0260573
0.0069440
-0.0177428
-0.0510539
-0.0403233
0.0364753
-0.0336678
-0.0951565
-0.0052312
-0.0542714
-0.0660661
0.0161469
0.0760016
0.0529918
0.0075091
0.0741668
0.0055650
0.0718664
-0.0903645
0.0035837
0.1138790
0.0151861
-0.1026609
-0.0390056
-0.0618553
0.0439694
0.0306396
0.0930061
0.0321262
0.0076439
-0.1009108
-0.1898637
-0.2518515
0.0388782
0.1087970
0.0412550
0.0089056
-0.0233427
0.0243579
-0.0365046
-0.0547354
0.0018316
-0.0110626
