0.0379324
-0.0688968
0.0324021
0.0048216
-0.0625696
0.0226706
0.0772314
-0.0717370
0.0401110
-0.0377216
0.0451261
-0.0065235
0.0264214
0.0116403
0.0045523
-0.0244848
0.0180591
0.0762131
0.0468483
-0.0381489
0.0233157
0.0753929
0.0994923
0.0796181
0.0520213
-0.0391186
-0.0052555
-0.0363632
-0.0449271
-0.0991774
-0.0014983
-0.0325148
0.0771946
0.1560686
0.1436508
-0.1682324
0.0356231
0.0377246
-0.0315841
0.0475309
-0.0772591
-0.0758075
-0.0974302
0.0101036
0.0332938
0.0016492
-0.0610613
-0.0478100
0.0375020
0.0679397
0.0773041
0.0966863
0.0919553
0.0173567
-0.0536224
0.0974316
-0.0285570
-0.0090539
-0.0395033
0.0740242
0.0715256
0.0192872
-0.0029356
-0.0322127
0.0643528
0.0294645
0.0218713
-0.0367262
0.0681746
-0.0688520
0.0790912
0.0052430
0.0443585
-0.0131554
-0.0279576
-0.0475474
0.0379285
-0.0719345
-0.0333164
0.0824580
0.0191225
-0.0047282
-0.0813599
-0.0786955
0.0276115
0.0206192
-0.0368968
0.0235195
-0.0454663
0.0513520
0.0361908
0.0188134
-0.1017304
-0.0146070
-0.0153103
-0.0480321
0.0676182
0.0308968
0.0691503
0.0105141
-0.0280130
-0.0607329
-0.0262470
0.0334954
0.1375883
0.0137170
0.0517197
-0.1475643
-0.0748649
0.0752047
0.0901572
0.0927810
-0.1032569
-0.1174465
-0.0760185
-0.0145151
0.0017243
0.0029573
-0.0853153
-0.0447106
0.0007417
0.0568430
-0.0567855
-0.0048935
0.0529814
-0.0690647
0.0217141
0.0205093
0.0511121
-0.0018266
-0.0204488
-0.0112723
0.0137257
0.0417696
-0.0818441
0.0200888
0.0759821
-0.0322482
-0.0578871
0.0528717
0.0032617
-0.0844314
-0.0455240
0.0768968
-0.0676646
0.0563542
-0.0645673
0.0748439
-0.0704877
0.0401441
-0.0459105
0.0419741
0.0714561
0.0618725
-0.0730767
0.0232141
0.0877067
-0.0289582
0.0257844
-0.0152686
-0.0860510
-0.0320606
0.0525250
-0.0794275
-0.0423169
0.0271668
0.0272368
-0.0502879
-0.0227546
-0.0322779
-0.0078819
-0.0503493
0.0747496
-0.1161977
0.0195475
-0.0650504
0.1361689
0.0021829
0.1118924
-0.2065261
-0.2152730
-0.0448244
0.1006227
0.1274660
0.1097864
-0.0338469
-0.0758700
-0.0016607
-0.0633385
0.0564728
-0.0258040
0.0236032
-0.0645536
0.0075670
-0.0221786
0.0428331
-0.0559287
0.0103756
0.0152233
-0.0476895
