0.0325083
0.0095168
0.0679609
0.0872332
0.0164196
-0.0633422
-0.0419559
-0.0831307
0.0526013
-0.0388076
0.0052541
0.1252545
0.0690636
0.1359282
-0.0712687
-0.2555870
-0.1284712
0.0058830
0.0435488
0.0196884
0.0989803
-0.0762279
-0.1308081
-0.0766862
0.0180138
0.0106263
-0.0599506
0.0595640
-0.0441782
0.0505258
-0.0643619
-0.0463193
-0.0667476
0.0939684
-0.0219388
-0.0329619
0.0131025
0.0487616
-0.0845784
-0.0493207
0.0507011
0.0103408
-0.0558439
-0.0225811
0.0376522
0.0485431
-0.0550219
-0.0379792
-0.0071098
0.0365805
-0.0460768
0.0503070
-0.0935635
-0.0911220
-0.0853417
0.0809085
0.0827417
0.0454690
-0.0510208
-0.0287181
-0.0825196
-0.0592283
-0.0922469
-0.0852648
-0.0777633
-0.0416742
-0.0256457
-0.0148931
-0.0027249
-0.0049864
0.0789089
-0.0273472
-0.0131126
-0.0825292
-0.0521766
0.0224108
0.0204421
0.0056410
0.0264563
-0.0773130
-0.0752511
0.1156326
-0.0132556
-0.0510141
-0.0807604
0.0501400
0.0036162
0.1661198
-0.1802329
0.0938589
0.0620135
0.0965172
0.0076743
-0.1368707
0.0367591
0.0301691
0.0573584
0.0321912
-0.0735840
0.0424626
0.0544621
-0.0978003
0.0595550
0.0128274
-0.0424134
0.0267675
-0.0226301
0.0845852
-0.0017082
0.0373999
0.0004790
0.0645711
-0.0406238
-0.0655054
0.0592976
0.1164052
0.0854807
-0.0839783
-0.1877753
0.0030919
0.3089285
-0.6278433
0.4511723
0.5160105
0.2988432
-0.0936320
0.0210574
0.0597846
0.1142474
0.0254979
0.0026852
0.0740486
0.0778074
-0.0565528
-0.0135796
0.0057286
-0.0193371
0.0838950
-0.0015640
-0.0909291
-0.0458124
0.0079772
0.0141467
0.0000439
-0.0978360
-0.0300336
0.0154925
0.0275265
-0.0832684
0.0727248
-0.0829851
-0.0776732
0.0941396
-0.0011749
-0.0836098
-0.0427029
0.0857822
-0.0339299
-0.0043849
0.0486037
0.0388974
-0.0808602
0.0167269
0.0489233
-0.0958851
0.0126943
-0.0668010
0.0805884
0.0926945
-0.0470375
-0.0919691
0.0420783
-0.0433083
-0.0248533
0.0554354
0.0159158
0.0070398
0.0038898
0.0034193
0.0865375
-0.0627095
0.0303661
-0.0201376
0.0251340
-0.0376197
-0.0345026
0.0104405
-0.0421309
-0.0053955
-0.0123683
0.0819715
-0.0407054
0.0216626
-0.0715877
-0.0955971
-0.0255178
0.0618721
0.0068436
-0.0929111
0.0424488
