0.2054838
0.0607949
-0.0584628
-0.0541973
-0.0009384
0.0530374
0.1072034
0.0379510
-0.0059984
0.0603248
0.0679408
-0.0727447
0.0385815
-0.0513302
-0.0486883
0.0716386
0.0997250
0.0777234
0.0566793
-0.0286325
-0.0666125
-0.0714230
0.0808362
0.0079896
0.0422985
0.1395636
0.0078978
-0.0103287
-0.0770125
-0.0096892
0.1342937
0.0631295
0.1960794
-0.1248322
0.2160603
-0.1318604
-0.0260350
0.0471234
-0.0045373
-0.0429252
-0.0559158
0.0192975
-0.0139520
-0.0222701
0.0589829
-0.0650384
0.0164271
0.0871717
0.0162087
0.0416279
0.0250800
-0.0134129
0.0428548
0.0827832
-0.0438907
-0.0275391
0.0611641
-0.0021085
0.0345893
-0.0038224
-0.1198707
-0.1098565
-0.0197595
0.2557170
0.2387865
0.1390542
-0.2683480
0.0798694
0.1533879
0.0794745
-0.0293981
-0.0929771
0.0348078
0.0333582
-0.0040585
-0.0111899
0.0343897
0.0001390
-0.0293929
0.0272676
-0.0022325
0.0671733
-0.0124156
0.0964071
-0.0611887
-0.0072468
-0.0110487
0.0194619
0.0361832
0.0182104
-0.0633952
0.0400649
-0.0234811
-0.0423479
-0.0479412
-0.0860965
0.0741355
0.0197313
0.1750030
-0.2296015
