0.0120291
0.0033320
0.0453554
0.0441198
0.0807942
0.0444246
0.0052224
0.0849645
-0.0658207
0.0880528
-0.0689431
0.0218096
0.0238097
-0.0294768
-0.0953531
-0.0376550
-0.0789068
-0.0368503
-0.0043742
0.0462229
-0.0665022
0.0385270
-0.0291269
-0.0122618
-0.0929710
0.0760933
0.0405790
0.0459764
0.0397609
-0.0304261
0.0223626
-0.0031243
0.0772414
-0.0736441
-0.0348826
-0.0559945
-0.0371202
0.0968466
-0.0722289
-0.0262241
0.0306643
0.0622022
-0.0341790
-0.0558093
-0.0017150
-0.0639684
-0.0389116
-0.0107230
-0.0163563
-0.0591699
0.0499567
-0.0836568
0.0616452
-0.0907424
-0.0369473
0.0844860
0.0958570
0.0057370
0.0756606
-0.0323290
-0.0327749
-0.0783330
-0.0111558
-0.0093389
0.0690672
-0.0811486
0.0463036
0.0002541
0.0843236
0.0435117
-0.0494787
-0.1986319
0.1859945
0.1658130
0.1392274
0.0812910
-0.0691046
0.0574276
-0.0223476
0.0558538
0.0213090
-0.0669902
-0.0258571
-0.0306615
0.0662439
0.0391373
0.0675364
-0.0076472
0.0514319
0.0145270
0.0383668
-0.0689140
0.0789406
-0.0427817
0.0883232
-0.0211985
0.0075649
-0.0663505
-0.0332113
-0.0853139
-0.0857111
-0.0609147
0.0435202
-0.0685055
-0.0211483
-0.0231695
0.0722633
-0.0890006
0.0682724
0.0271810
0.0649588
0.0958211
-0.0463098
-0.0606243
-0.0473709
0.0226635
0.0785965
0.0970428
-0.0860572
-0.0484182
-0.0642161
0.0015208
0.0385558
-0.0443555
0.0091644
0.0295911
-0.0344384
0.1196570
0.0476501
-0.0254874
0.0856823
0.1537799
0.0539357
0.0262877
0.0359147
-0.1943194
-0.2666107
0.1659195
-0.0350119
0.0356172
-0.1143917
-0.1385469
0.0108680
-0.0500175
0.0119447
-0.0092036
0.0691195
-0.0462583
0.0212959
0.0759702
-0.0428632
0.0744332
0.0346868
-0.0519324
-0.0510930
0.0075976
0.0381131
0.0734295
0.0810077
0.0878211
-0.0280922
0.0057795
0.1180886
-0.0571536
-0.1717739
-0.2475033
-0.0135053
0.2362214
0.3815177
0.5067187
0.3984407
-0.0403550
-0.5808653
-0.3526423
0.1682671
0.2641853
0.0615206
-0.0293954
-0.0964361
-0.0538473
-0.0084451
0.0668560
0.1519832
-0.0182014
0.0595850
-0.0165145
-0.0325117
-0.0665778
-0.0401302
-0.1250605
0.0042950
0.0103945
0.0200371
0.0294827
0.0281545
0.0398231
0.0509367
0.0643097
0.0256013
-0.0770350
