0.0409548
-0.0496839
0.0368234
-0.0553837
0.0335212
-0.0395854
0.0217076
-0.0484328
-0.0649632
0.0047643
0.0409195
-0.0004486
0.0460650
-0.0498534
0.0039348
-0.0204641
0.0086328
0.0732639
-0.0786443
0.0117430
-0.0295992
-0.0452255
0.0118176
-0.0375377
-0.0315513
0.0472253
-0.0741271
-0.0560134
0.0687163
-0.0228760
0.0562884
-0.0786828
-0.0801241
0.0302659
0.0590334
-0.0102767
0.0655941
0.0600636
0.0167431
-0.0579831
0.1163720
0.1741442
-0.0472928
-0.1969308
-0.0906262
-0.1053529
0.0064817
0.1154038
0.0572298
0.0115633
-0.0723831
-0.0032965
0.0054849
-0.0634002
0.0726487
-0.0247884
0.0923924
-0.0668037
-0.0145907
-0.0191846
0.0587280
-0.0349546
0.0145174
0.0199368
-0.0580988
0.0614498
0.0956220
0.0495571
0.0476842
-0.0770854
0.0283074
-0.0513132
-0.0476151
-0.0292166
-0.0275074
0.0725912
-0.0179132
-0.0027785
-0.0054922
-0.0414695
0.0389774
-0.0724521
-0.1116983
0.0964955
-0.0169833
-0.0164381
0.0354565
0.0349098
0.0002649
-0.0243362
0.0661246
-0.0790972
0.0588070
0.0414658
0.0998586
-0.0903498
0.0330547
0.0469272
0.0772742
-0.0761772
