-0.0659604
0.0004678
-0.0279408
0.1360123
-0.0328412
-0.0279843
-0.0839379
0.0383853
-0.0924885
0.0756146
0.0625535
-0.1400441
-0.1689444
-0.3813467
-0.2925287
0.1496810
0.5494796
0.3964806
-0.2738051
-0.2160376
-0.1642539
-0.1256183
0.1400218
0.1371023
0.2090237
0.0352150
-0.0308415
-0.0618953
-0.0210270
0.0125371
0.0410141
0.0187323
-0.0086607
-0.1287168
-0.0786005
0.1237247
0.1110351
0.0111757
-0.1314462
-0.2589775
-0.2910539
-0.3092854
0.0112421
0.1855769
0.4702958
-0.4403889
0.1109427
-0.0828570
-0.0528620
-0.0179430
-0.1039348
-0.0812242
0.0536713
0.1169849
0.0538410
-0.0466126
0.1237517
0.1439230
-0.2979586
-0.3041787
0.2972979
0.6327919
0.7635159
0.0163671
0.1038010
0.1625521
0.0431464
-0.1573715
-0.0469013
-0.0053876
0.0057670
0.0969501
0.0536692
-0.0443183
-0.0723366
-0.1186476
0.0035334
-0.0718546
-0.1021687
-0.0379110
0.0577024
0.1706166
0.1384054
-0.1221649
-0.2484047
0.1506253
0.2071789
-0.5065367
-0.1431153
0.1842024
0.1066783
0.0248824
-0.0336661
-0.1051793
0.0328233
0.1197259
0.1440532
0.0196969
0.0905749
-0.0613196
-0.0444168
-0.0220263
0.0398075
0.0072387
0.0371723
0.0656128
0.0495246
-0.2198046
-0.5241642
-0.3686623
0.7886868
0.4669499
-0.4065688
-0.0495152
-0.0522103
0.1830661
0.0015009
-0.0988638
-0.0331925
-0.0482136
0.0617480
0.0353168
-0.0965969
-0.0137612
-0.0619946
0.2015801
0.0123326
-0.0924210
-0.0517608
-0.2519438
-0.2804052
0.0064482
0.1155184
0.1657804
0.1989870
0.1371189
0.0722026
0.0246317
-0.0809329
0.0336007
0.0514173
0.0618583
0.0015199
0.0208831
-0.0239252
-0.0480806
-0.0120186
0.0180060
0.1178661
0.1111120
0.1445005
-0.0510813
-0.0526240
-0.1597415
-0.3614167
0.5115506
-0.1464599
-0.0442100
0.0636588
0.0638024
0.0156335
-0.0799099
0.0491659
0.0390768
-0.0869038
-0.0203866
-0.0551401
-0.0334784
0.0105713
0.1158748
0.0752182
0.1581536
0.0665105
-0.2808530
-0.3797197
-0.2482125
0.7600205
0.2212352
-0.5709519
-0.1976490
0.0127122
0.1886107
0.2119876
0.1775107
0.0103758
0.0105075
-0.1023442
-0.1583207
-0.0741954
0.0360504
0.0281198
0.1074599
0.0370734
-0.1304763
-0.0339528
0.1277334
0.1441360
0.1462767
-0.0281732
0.0034432
