-0.0546768
0.0175897
-0.0688130
0.0811361
-0.0524520
-0.0084466
-0.0132163
-0.0045612
0.0015651
-0.0281724
0.0139597
-0.0947659
0.0166378
0.0599415
0.0085590
0.0033718
0.0947594
0.0725509
0.0758988
-0.0588191
-0.0956262
0.0429778
0.0273729
-0.0439726
0.0585420
0.0012853
0.0464551
-0.0058702
-0.0129569
-0.0070315
0.0156989
-0.0029979
-0.0056125
-0.0913088
-0.0003471
0.0218966
0.0013199
0.0005669
-0.0744115
0.0960918
-0.0628150
-0.1016653
-0.0958829
0.0700820
0.0226758
-0.0304930
-0.0367800
-0.0560923
0.0913845
-0.0338616
0.0932169
0.0869205
-0.0402197
-0.0190321
0.0484462
0.0160135
-0.0686237
0.0409770
-0.0785498
0.0292851
-0.0093939
0.0191658
0.0253456
-0.0008142
-0.1086992
0.0033738
0.0090419
-0.0608575
0.0769847
-0.1109506
-0.1763191
-0.1172296
0.0337449
0.1680249
0.1283161
0.2094649
-0.2121845
-0.3304520
-0.4133694
-0.3117166
-0.0484074
0.2410019
0.1453521
-0.1153640
-0.0126291
0.0682003
0.1213832
-0.0451001
0.0439693
-0.0839654
0.0677464
-0.0327065
0.0807883
0.0051193
-0.0787263
0.0731235
-0.1029308
-0.0568168
-0.0134424
0.0062497
0.0089462
-0.0589607
-0.0153662
-0.0914985
-0.0185758
-0.0209978
-0.0829085
-0.0655471
-0.0866161
0.0376092
0.0286614
-0.0870750
0.0162938
0.0368880
-0.0290438
0.0422994
-0.0193070
0.0528669
-0.0447620
0.0808397
0.0049065
0.0021663
0.0204826
-0.0574970
0.0494129
0.0217966
0.0282282
-0.0688460
-0.0490816
-0.0248021
-0.0740026
-0.0307483
-0.0459583
-0.0308958
0.0638441
-0.0167317
-0.0163644
0.0560247
-0.0617338
0.0940966
0.0121783
0.0197722
0.0318566
0.0582408
-0.0557107
-0.0377634
-0.0370886
0.0159828
-0.0105281
0.0719522
-0.0398042
-0.0893710
0.0489665
-0.0388622
-0.0411155
-0.0084377
-0.0440848
-0.0085849
-0.0380345
-0.0425048
-0.0407170
-0.0806797
-0.0091696
0.0059141
0.0179799
-0.0594738
-0.0233169
-0.0930042
0.0022388
-0.0391585
0.0309657
0.0837747
-0.0248194
-0.0060607
0.0204920
0.0873523
-0.1090147
-0.0973179
-0.0115951
0.0917803
-0.0468063
0.0869724
-0.0816388
-0.0978357
-0.0812867
-0.0346452
-0.0149370
-0.0310841
0.1310170
0.0338526
-0.0979732
-0.1470013
0.2324451
0.1535913
0.0172767
-0.0965022
-0.0128255
0.0337841
0.0840181
0.0234218
