0.7707752
0.0018426
-0.3457321
-0.2251266
0.2077052
0.1846905
-0.1171894
0.0484373
-0.0405548
0.0390536
0.0181340
0.1079944
-0.0916136
-0.1190687
-0.0499972
-0.0185107
-0.0052320
-0.1800520
0.4803142
0.4378995
0.1997728
-0.0320274
-0.5236690
-0.7326997
-0.1279723
0.2839802
-0.2494297
-0.3052390
-0.0338236
-0.0993331
0.1251664
0.0842788
0.0845817
-0.1021115
-0.1601317
-0.0130403
0.1472289
-0.0088449
-0.2467424
-0.0989245
-0.1543738
-0.0818667
0.2462176
0.2270261
0.4613064
-0.4931131
0.1291283
-0.2702896
-0.0890020
0.0098855
0.0812011
-0.0557575
0.1670574
-0.1279889
-0.1143447
0.0824375
-0.2595469
0.0265492
0.4062995
0.1309288
-0.3855788
-0.5798334
-0.7149083
0.0278514
-0.0898023
-0.0814465
-0.0472526
0.2079306
-0.0202523
-0.0938289
0.0756259
0.0862651
0.0405980
0.1781127
0.1571207
-0.1191886
-0.0371256
-0.2609924
-0.1086766
-0.1112309
-0.0346898
0.3090830
0.4192656
-0.6910717
0.3872342
0.9683376
-0.1221697
-0.3861070
-0.0637382
0.0697823
0.0368740
0.1202134
0.0922437
-0.0282471
0.1523571
0.0129224
0.0976989
-0.2135956
-0.2414188
-0.0898759
-0.0114570
0.4293395
0.3604552
-0.3428187
-0.4021063
-0.5739024
0.7553619
0.6259338
0.0793497
-0.2168588
-0.1401228
-0.2239808
0.0655784
0.0967884
0.1340785
0.0713032
-0.0190074
0.1096731
0.0291622
-0.0247608
-0.0113289
0.3355701
-0.2979746
-0.6344207
-0.4823773
0.3684975
-0.3418755
-0.2687318
-0.1060823
-0.0297431
0.1333505
-0.0304723
-0.0276372
-0.0208427
0.1156934
0.0126352
0.0207999
-0.1422257
-0.0800670
0.0929142
0.2656830
0.3707413
0.0983789
-0.4979274
-0.6088184
0.6745831
0.3252087
-0.1822951
-0.3612781
-0.0649463
-0.1214243
0.1381730
0.0822160
0.0464245
-0.0829058
0.0360763
0.2135188
0.0028067
-0.0210094
-0.1843115
0.4327788
0.4331527
-0.3900233
0.3709127
-0.0263996
-0.2454646
-0.0704086
0.0343014
-0.0438270
0.0532015
-0.0204526
-0.0297430
0.0974535
0.0174622
0.1352032
-0.0471613
-0.0451290
0.0812532
-0.2267278
-0.0362806
-0.0538493
0.0545981
0.2601104
0.2289566
0.1048669
-0.3431658
-0.7576133
-0.6003496
-0.2747251
0.1491501
0.0996884
-0.2747414
-0.1218970
-0.0777425
0.1339601
-0.0053987
-0.0523642
0.0799977
0.0236587
-0.0114785
