0.5707655
-0.1643564
0.0958332
0.0784311
0.0369236
-0.0677238
-0.0658809
-0.0445459
-0.0855917
-0.0677198
-0.0339337
-0.0784890
0.0226083
-0.0602163
-0.0474032
0.0059719
0.0788686
0.0424083
0.0421917
0.0655173
0.0629080
0.0081362
0.0290719
0.0538199
0.0038083
0.0651882
0.0295977
-0.0433275
-0.0952592
-0.0498621
0.0092682
-0.0372806
0.0067822
0.0085460
0.0115637
-0.1108623
0.0195446
0.0115961
0.0783328
-0.1226399
-0.1735160
-0.0448707
0.5066214
0.6133045
0.3943479
-0.2827303
-0.9249025
-0.0696796
-0.0085452
0.0191108
0.0032687
-0.0132104
-0.0577860
-0.0689261
0.0102941
-0.0768925
0.0060829
-0.0130411
0.0255224
-0.0232957
0.0282847
0.0713961
-0.0100227
-0.0492904
0.0189614
0.0294391
0.0235961
0.0163666
-0.0341877
0.0641823
0.0826270
-0.0505879
-0.0334195
0.0955968
-0.0701585
-0.0148930
-0.0040135
0.0017875
0.0410073
-0.0562421
0.0812481
0.6038648
0.0766681
-0.1695064
0.0533192
0.1435210
-0.0483868
0.0547054
0.0012976
0.0900662
0.0703937
-0.0437126
0.1060774
0.0926409
-0.0287204
-0.0043432
-0.0109742
-0.0205837
-0.0216849
0.0607623
