0.8868840
-0.0060424
0.0200990
0.1200326
-0.0036698
-0.0030145
-0.0237575
0.0540776
-0.0039863
-0.0534682
0.0255041
0.0286800
0.0561598
-0.0074215
0.0318771
0.0583234
0.0579278
-0.0444804
0.0545053
0.0589312
-0.0314032
0.0525048
0.0137755
-0.0376354
0.0401366
0.0827296
0.0391041
-0.0412124
-0.0429818
-0.0018800
-0.0339538
-0.0397418
-0.0692905
0.0419249
0.0373437
-0.0844906
-0.0391003
0.0018739
0.0399011
-0.0711979
-0.2035460
-0.0660654
0.7345575
0.5952005
0.1975163
-0.4371101
-0.7594072
0.1469475
0.1539510
-0.0587114
0.0771740
-0.0345720
0.0761738
-0.0741891
0.0743694
-0.0081005
-0.0366225
-0.0637642
0.1032257
0.0345347
-0.0761572
-0.0367040
-0.0519783
0.0306380
0.0015571
0.0005055
0.0527417
-0.0822164
0.0196495
0.0536976
0.0497210
0.0771944
0.0239809
-0.0155106
-0.0762672
0.0149684
-0.0172621
0.0458225
-0.0299040
-0.0581461
0.0304276
0.1195280
0.0892774
-0.0655932
0.1948133
0.0180570
-0.0244992
0.0007389
0.0703272
-0.0440943
0.0673182
0.0118198
-0.0084244
-0.0664902
0.0145352
0.0087039
-0.0434100
0.0646582
-0.0064833
-0.0536341
