1.4318734
-0.3067211
-0.2719608
-0.0011639
0.1424314
-0.0232147
-0.1198939
0.1803336
0.1441079
0.0541531
-0.2141773
-0.2539054
-1.1221947
0.3566921
-0.0485953
-0.0296974
0.0456621
-0.0748061
-0.1025056
0.0748585
-0.0490779
-0.0925219
-0.0653513
-0.0360933
-0.4612507
0.2536113
-0.2380626
-0.1286266
-0.0124962
0.1745712
0.0397014
-0.1792611
-0.0748644
0.0675150
0.0297095
0.2548304
-0.0546239
0.3347180
-0.5108482
0.0341603
0.1314800
-0.0812064
0.2870882
0.1589081
0.2143966
0.1418759
0.1358657
-0.0855071
0.0847955
-0.0973543
0.0159900
-0.3583531
0.2595205
-0.0895577
0.0210302
0.2309484
0.1816996
-0.4361143
-0.7273987
0.6658604
-0.2047937
-0.2658367
-0.3035505
0.7448557
0.3018916
-0.2431076
0.2285398
0.0343115
0.1333089
0.3910807
-0.2982810
-0.5441025
0.3906405
0.6239796
-0.0916219
-0.3223231
-0.0743490
0.0561280
-0.0734620
0.0437535
0.7233133
0.1109924
-0.0592070
-0.1247263
0.0231113
-0.0023399
-0.1628961
-0.1312386
0.6445823
0.9990352
-0.4173301
0.0897525
-0.4743578
-0.0824175
-0.0226711
-0.0115845
-0.0717075
0.1180021
0.0892713
0.1139806
