0.2533725
-0.1468518
-0.1230439
0.1492974
0.0658169
0.1108951
-0.0142901
-0.1452453
0.0859831
0.1506957
0.0810982
-0.0608081
-0.1285804
-0.0387549
-0.1645248
-0.0267704
0.3450955
0.2546588
0.0062932
0.0289378
-0.1171511
-0.5390550
-0.4670930
0.1349497
0.3784077
0.3413711
-0.0948877
0.1199761
-0.1157531
0.1051893
0.2691645
0.1498559
-0.0221142
-0.1848349
-0.1480673
-0.0438294
-0.0771332
-0.0152260
-0.0885016
-0.1488275
0.2306513
0.2741861
0.0776821
0.0134492
0.0779171
-0.1897364
-0.2761534
0.5181132
0.3777237
-0.3421837
-0.6200376
-0.3581118
-0.1220114
0.2577639
-0.0895072
-0.0828171
-0.0377434
0.2105274
0.1935636
-0.3028667
-0.6950417
-0.7255158
-0.1415390
-0.2201863
-0.2725563
-0.0773400
-0.1573215
0.6135139
-0.7727961
0.2208930
0.0108700
0.2052659
0.2028319
0.2116846
0.0531848
-0.0398010
-0.1704854
-0.2576267
-0.0788651
0.0086946
0.1931264
0.3943760
0.0773520
-0.5856793
0.7182560
0.2803177
-0.3111093
-0.0027093
0.0856436
-0.0027450
0.0485596
-0.3295166
0.0634431
-0.7226471
-0.0228287
0.1841692
-0.0868343
0.0899837
0.0192907
0.0437901
-0.0151411
0.1519761
0.0331710
-0.0479308
0.0335075
-0.3807473
0.2927710
0.4076660
0.0272060
-0.1877858
-0.1295552
-0.1015295
0.0279514
0.2225711
0.0089693
0.0886667
-0.2399482
-0.1133236
0.4783982
-0.8660334
-0.0975309
0.3479626
0.1709795
0.0271899
-0.4105110
0.2089258
0.0277921
0.0566093
-0.2170484
-0.0341346
-0.1210795
-0.0408128
0.1503259
-0.0480583
0.1192980
0.1013746
-0.0554870
0.6636484
1.1139636
0.9023257
-0.6742190
-0.7652494
-0.0030014
-0.4836902
0.0505403
0.4725761
-0.0250811
-0.3807162
-0.2622471
-0.1128357
-0.0618692
0.1523779
0.1543890
0.0511753
0.1149981
-0.1852544
-0.0349246
0.1046369
0.1882979
-0.0283860
-0.3440023
-0.0568705
1.1871787
0.2881039
0.5607914
0.1156780
-0.0959112
-0.0306449
-0.1639299
-0.1367350
0.0371557
-0.0398122
-0.0825526
-0.0764877
-0.0116604
0.0559328
-0.0660572
-0.0198582
-0.0653812
0.0369650
0.0294840
0.0601311
0.0816574
-0.0252918
0.0942810
-0.1672526
0.4310154
0.1864850
-0.4779061
-1.0378672
-0.2060970
0.2329110
-0.0120121
-0.0575837
0.0336141
0.1540070
-0.1388879
0.0818588
-0.0863064
-0.0510510
