0.5154633
-0.1532612
0.0593894
0.0744991
0.0474337
-0.0100936
-0.1330708
-0.0392530
0.0714063
-0.0424301
-0.0447897
0.0331097
-0.0355855
0.0380788
0.0424314
-0.0084061
-0.0710497
-0.0864310
0.0519249
-0.0040057
-0.0023035
0.0205151
-0.0232633
0.0367417
-0.0670003
-0.0208913
-0.0330692
-0.0130074
-0.0590438
0.0266480
-0.0386160
0.0551509
0.0565012
-0.0309864
0.1213741
-0.0643012
0.1031953
0.0149308
-0.0832973
0.0160212
0.2913839
0.6579164
0.2146885
-0.4234347
-0.9781085
-0.9007271
-0.0014465
0.4711174
0.0876885
-0.0299225
-0.0102519
0.0274932
-0.0271012
-0.0554918
0.0854797
-0.0388517
-0.0302504
0.0247525
0.0946305
0.1004678
0.0028530
0.0518486
-0.0176110
-0.0213811
-0.0556935
0.0908643
0.0413434
-0.0857302
-0.0050170
0.0185334
-0.0177337
0.0301166
0.0158945
0.0360042
0.0024096
0.0101699
-0.0702632
-0.0237535
-0.0614175
0.0422424
0.0284257
-0.6530895
-0.1187612
0.0890527
0.0615407
0.0171652
0.0069902
-0.0576539
0.0074424
0.0676878
0.0437209
0.0420731
-0.0692203
0.0904800
-0.0168243
0.0160466
0.0643486
0.0730554
-0.0473622
-0.0309705
