-0.0474859
-0.1071546
-0.0098153
0.0491329
-0.0413086
-0.0307101
-0.0072003
-0.0041946
0.0408515
-0.0030140
-0.0678059
-0.0883507
-0.0232541
-0.1178531
-0.1286094
0.0958232
0.0477421
-0.0660526
0.0920060
0.2144456
0.1198077
-0.0557301
-0.2170250
-0.2535118
-0.0088733
0.0780990
-0.0690319
-0.0221492
-0.0456324
-0.0544641
0.1107661
0.1078960
-0.0539218
0.0394275
0.0634942
0.0665621
0.0114726
0.0680168
0.0702025
0.0802135
0.0588421
-0.0210249
0.0590048
-0.0837312
0.0055841
0.0544428
-0.0683276
-0.0341994
0.0502260
0.0529687
-0.0100978
0.0210447
-0.0571942
0.0724193
0.0592002
0.0581071
-0.0865772
0.0664007
0.0177175
-0.0532714
0.0217013
0.0214062
0.0562352
0.0392265
0.0216456
-0.0725941
0.0727921
0.0840074
0.0564173
-0.0984978
0.0214205
0.0062728
-0.0991962
0.0342015
0.0137944
0.1755242
-0.1758942
-0.1282531
-0.2585357
-0.1669977
-0.0731045
-0.0663255
0.2523601
-0.0960235
-0.0132252
-0.1106970
0.0578434
-0.0678554
-0.0411679
-0.0642728
-0.0040778
0.0226927
0.0002322
0.0658736
0.0912877
0.0272854
-0.0058901
-0.0334335
-0.0354588
-0.0279331
0.0702978
-0.0667332
0.0293279
-0.0026033
0.0305968
-0.0708153
-0.0239202
-0.0531443
-0.0290209
-0.0327319
0.0053609
0.0279189
0.0739238
-0.0765560
-0.0466125
0.0794550
0.0700521
-0.0593735
0.0657800
0.0185208
0.0217320
-0.0503330
-0.0219541
0.0283674
0.0132988
-0.0289706
0.0295917
-0.0472679
0.1146398
0.0622091
0.0467365
0.0197161
0.0361581
0.1761470
0.2005476
0.0193270
-0.1547827
0.1554789
0.1210469
0.0703051
0.0078288
-0.0508498
-0.0685560
0.0304242
0.0460106
0.0799412
-0.0604763
-0.0598578
-0.0654230
0.0165059
0.0176011
0.0296462
0.0591745
0.0538633
-0.0726472
0.0325924
-0.0248338
0.0623758
0.0571276
-0.0645470
0.0036341
0.0356784
-0.0178856
-0.0175527
-0.0398189
0.0864494
-0.0259360
-0.0194609
-0.0178681
0.0394385
-0.0120149
0.0099731
-0.0521759
-0.0193256
-0.0058368
0.0314356
0.0271146
-0.0176320
-0.0599387
0.1028737
0.0320647
0.1071584
-0.0374336
0.0261089
-0.0260310
-0.0147277
-0.0161642
0.0633165
0.0145168
0.0478098
-0.0128663
-0.0259173
-0.0968255
-0.0323653
0.0802808
0.1292579
0.1874822
-0.2017223
-0.1598565
-0.1831733
