0.6069024
-0.1435025
0.0289521
0.0149217
0.0884104
-0.0663740
-0.0097280
-0.0606991
0.0265045
0.0688615
0.0617578
0.0629218
-0.0323020
-0.0258313
-0.0955435
-0.0085088
0.0786658
-0.0196294
-0.0121256
-0.0184581
0.0875596
0.0447370
0.0732900
0.0366984
-0.0915613
0.0272983
0.0289685
-0.0259757
-0.0314240
0.0287653
-0.1820467
-0.1569404
0.3537442
-0.8402871
-0.0187635
-0.1427187
0.0388986
0.0247915
-0.0389181
-0.0467619
0.0400997
0.0666904
0.0822252
0.0585086
0.0604809
0.0362689
0.0037455
0.0207362
0.0275814
0.0101248
-0.0386731
-0.0078058
-0.0122866
-0.0950118
-0.0298753
0.0549050
0.0381389
-0.0576347
-0.1074412
0.0321374
0.0210404
0.2814881
0.4750612
-0.1898358
0.3860952
0.3163571
0.1121923
-0.1812970
-0.0579624
0.0107385
-0.0076637
0.0659965
-0.0542637
-0.0351763
0.0919685
0.0671358
-0.0741226
0.0368449
0.0871423
0.0206979
0.0078536
0.0489756
-0.0780231
0.0641996
-0.0772715
-0.0134428
-0.0332886
-0.0522932
0.0337394
-0.0266137
-0.0200375
-0.0441410
0.1798313
0.2127284
0.3212406
-0.2352371
-0.1596454
0.0455115
0.1564737
0.0474208
