0.0600955
-0.0663081
0.0215454
0.0487330
-0.0662825
-0.0936959
-0.0768557
-0.0572999
0.0230829
0.0355851
-0.0123943
0.0513113
-0.0952322
-0.1564348
-0.1754034
-0.0817492
0.1522590
0.3885855
0.0152905
-0.8025090
-0.6059790
-0.1993891
0.3253416
0.3458784
0.1769503
-0.2026275
0.0050099
0.0204016
0.0553331
0.0766145
-0.0287505
0.0671202
0.0386834
-0.0243631
0.0040982
-0.0525385
0.0786000
-0.0446607
0.0380481
0.0061987
-0.0926827
-0.0293702
-0.0381798
-0.0264559
0.0329816
-0.0056340
-0.0769986
-0.0357435
0.0256329
0.0011154
0.0465275
-0.0447575
0.0718528
-0.0439773
-0.0110091
0.0551162
0.0286402
0.0509480
-0.0080843
-0.0128960
0.0088126
-0.0025111
0.0379144
-0.0165029
-0.0252923
-0.0017994
-0.1353164
-0.2262770
0.6927865
-0.7334363
-0.6777820
0.3145186
0.2313988
0.1825166
0.1579929
-0.0167983
-0.1032816
-0.0600609
-0.0561357
-0.0650067
-0.0481359
-0.0177843
-0.0349549
0.0616242
-0.0569917
0.0507793
-0.0630784
0.0353019
0.1018711
0.0482089
0.0207458
-0.0269485
0.0507866
0.0649535
-0.0128419
0.0442696
-0.0601030
0.0078520
-0.0484234
-0.0002799
-0.0059217
0.0350946
-0.0270952
-0.0261181
-0.0648086
0.0354008
-0.0087147
0.0188359
-0.0476889
0.0211452
-0.0586502
-0.0093695
0.0823644
-0.0348660
0.0546171
-0.0671997
-0.0173405
-0.0765032
0.0684153
0.0117035
-0.0153175
-0.0238874
-0.1483635
-0.0362371
0.2259177
-0.5608872
0.2114717
0.2995936
0.2591105
0.1937026
0.1477932
0.1282230
-0.0035331
-0.0119084
0.0046397
0.0001030
-0.0637218
-0.0095576
-0.0535382
0.0049884
0.0762999
0.0348666
-0.0314013
-0.0731942
-0.0485086
-0.0024919
0.0735112
-0.0514232
-0.0279347
-0.0632613
-0.0300572
-0.0731651
0.0826094
0.0205502
-0.0017995
-0.0220615
-0.0555519
-0.0270616
0.0642668
0.0040063
-0.0621163
-0.0286841
0.0766724
0.0468578
-0.0460692
0.0166485
0.0410820
0.0091674
0.0545821
0.1025075
-0.0105888
0.0557692
0.0344094
-0.1135230
-0.0287265
-0.0250817
0.0002104
0.1482221
0.3368316
-0.3291666
-0.4569536
-0.2211068
0.1329100
0.2828103
0.3063328
-0.1760951
-0.0782441
-0.0427324
-0.1400547
-0.0362299
0.0721111
0.0500812
0.0183634
-0.0001897
-0.0891555
0.0034190
0.0570532
-0.0423307
0.0738934
-0.0119450
