0.0851122
-0.1158419
0.0042293
-0.0546107
0.0368714
0.0245693
0.0309357
-0.0781643
0.0206185
0.0613380
0.0091198
-0.0307479
0.0413421
-0.0616194
-0.0039729
-0.0268183
0.0056614
-0.0701858
-0.0012569
0.0379941
0.0343811
0.0290461
-0.0070712
-0.0268215
0.0506623
-0.0906521
0.0466404
-0.0237273
0.0122318
-0.0823959
-0.0657561
0.0287592
0.0245559
-0.0579906
0.0883039
-0.0677919
-0.0453157
0.0058929
-0.0642912
0.0946174
0.1733922
0.1452615
-0.0035276
-0.1290325
-0.3064461
-0.3036817
-0.0232706
0.0936833
0.0547356
0.0141957
0.0182088
0.0756673
0.0493269
-0.0686637
-0.0132960
-0.0861993
-0.0358066
-0.0295270
0.0810003
-0.0510286
-0.0684394
0.0314195
0.0404581
-0.0271850
-0.0863465
-0.0308320
0.0714780
0.0369804
0.1029493
-0.0126684
0.0530229
0.0094616
-0.0111582
0.0813427
-0.0016689
-0.0255335
-0.0444882
0.0134419
0.0997960
0.0034365
0.0554940
-0.1422547
0.1370092
-0.1112958
-0.0216381
0.0648378
0.0490041
-0.0129722
-0.0772818
-0.0821757
-0.0704090
0.0427687
0.0304312
0.0501922
-0.0231212
-0.0404005
0.0678708
-0.0514658
-0.0277223
-0.0563753
