-0.0140108
0.0061851
-0.0068235
-0.0357037
0.0002386
-0.0303568
-0.0416033
0.0340948
0.0593359
-0.0901443
0.2337145
0.2306352
-0.1307663
-0.2370196
-0.2656314
-0.0602908
-0.0392711
0.0438608
0.2246088
-0.0450832
-0.1032134
-0.0951026
-0.1210567
-0.0868759
-0.0023970
0.0597226
-0.0113301
0.0039555
-0.0068721
-0.0484360
-0.0432588
-0.0545831
0.0087790
-0.0033220
0.0156297
-0.0386247
0.0102968
-0.0381974
0.0509084
-0.0387197
-0.0419752
0.0328309
-0.0243479
0.0015952
0.0172174
0.0061714
0.0603766
0.0293809
-0.0358692
0.0023064
-0.0409309
-0.0430636
0.0446047
0.0012038
0.0465483
0.0382065
-0.0239436
0.0346020
0.0149094
-0.0540050
-0.0543918
-0.0312852
-0.0466571
-0.0629523
-0.0055115
0.0207044
-0.1059342
-0.0003618
0.2527731
-0.3047716
-0.1644280
-0.0456543
0.2224838
0.2276804
0.1771071
0.0064988
-0.0570591
-0.1276124
-0.0987030
-0.0584827
0.0217620
0.0162672
0.0153992
0.0276177
-0.0295150
0.0163855
0.0364354
0.0399203
-0.0360609
0.0158950
0.0341110
-0.0513479
-0.0035770
0.0424058
0.0112498
-0.0142622
-0.0246358
0.0366304
0.0023983
-0.0562874
-0.0154891
-0.0402917
-0.0354998
0.0337656
0.0399724
-0.0064839
-0.0444728
-0.0193024
-0.0135492
-0.0474873
-0.0100755
-0.0463950
0.0575731
-0.0420135
0.0279749
-0.0280516
-0.0285268
0.0403164
0.0415610
-0.0090940
0.0144294
0.0395984
0.0128255
0.0438667
0.0142011
0.0146000
0.0407302
0.0979962
0.2128412
0.2155681
0.0268311
-0.0949089
-0.1124838
-0.0585465
-0.0461453
-0.0311830
0.0155035
-0.0101139
0.0241183
-0.0544068
0.0156722
0.0032276
-0.0186879
0.0513391
0.0194286
0.0010967
-0.0526453
-0.0393603
-0.0026789
0.0300423
-0.0422546
-0.0468551
-0.0586596
-0.0083185
-0.0050919
-0.0409728
0.0014136
0.0098130
0.0431738
-0.0154693
-0.0341387
-0.0414242
-0.0349954
-0.0229160
0.0427483
-0.0064689
-0.0176035
0.0319168
0.0352616
0.0093477
-0.0148306
-0.0111566
0.0173781
0.0514163
0.0491429
0.0302741
-0.0347081
0.0234472
0.0106797
0.0392516
-0.0173245
0.0228337
-0.0215287
-0.0654386
0.0167361
-0.0668979
-0.0975213
-0.1480066
0.0223737
0.1644312
-0.2561890
-0.2573854
0.1451744
0.2420088
0.2211644
-0.0804342
-0.1173549
-0.0240805
0.0332078
-0.0071206
