0.3767879
0.0781237
0.1325958
-0.0213096
-0.0298040
-0.0917768
0.0182634
-0.0779635
-0.0659363
-0.0852967
-0.0056141
0.0014476
0.0058858
-0.0225666
0.0206561
-0.0057486
-0.1077370
-0.0071383
0.0079171
0.0115724
0.0102067
0.0080412
0.0368070
-0.0031425
-0.0030741
0.3109459
-0.4177762
-0.0894400
0.2683436
-0.1620837
-0.0626682
-0.1269565
0.0780196
0.0845926
0.0097493
0.0214602
0.0629426
0.0299918
-0.0475518
-0.0134801
0.0427736
0.0615284
-0.0343069
-0.0512006
-0.0161396
-0.0407499
-0.0769371
0.0428432
0.0741095
-0.0204300
0.0657442
-0.0830961
0.0275595
0.0090885
-0.0854371
0.0605725
0.0745565
-0.0091634
-0.0114545
0.0136775
0.0277254
-0.0547053
-0.0249046
-0.0160947
0.0078645
-0.0820091
-0.0246775
0.0353826
0.0689028
-0.0732857
-0.0640747
-0.0422402
0.0044210
-0.0363522
0.0124000
-0.0427628
-0.0393864
-0.0584855
-0.0198150
0.0005169
0.0821179
-0.3247900
-0.0077850
0.1150576
-0.0759390
-0.0224962
-0.0886535
0.0265007
-0.0331422
-0.0476048
-0.0837486
0.1131288
-0.0689557
-0.0511656
-0.0276569
0.0010151
0.0543315
0.0281505
-0.0391260
0.0791954
