-0.0184973
0.0185718
0.0023042
-0.0038830
0.0127158
0.0105861
0.0065478
0.0227758
0.0253677
0.0116191
-0.0028518
-0.0054484
-0.0105103
0.0173041
0.0176354
-0.0214588
0.0170636
0.0036728
-0.0104597
-0.0027327
0.0215971
0.0177148
0.0034249
0.0045408
-0.0119666
-0.0143941
-0.0165592
-0.0026756
0.0050895
-0.0077136
-0.0262452
0.0075214
0.0073300
0.0346075
-0.0143557
0.2484304
0.1456390
-0.1764804
-0.0161248
0.0300662
0.0369123
0.0860442
0.0296514
0.0175720
-0.0169746
-0.0203399
0.0190555
0.0280834
0.0044119
-0.0168339
-0.0283054
0.0146430
-0.0058355
0.0193253
-0.0161268
0.0221322
0.0061284
0.0145216
-0.0038134
0.0007638
-0.0215624
0.0034102
-0.0196542
-0.0152717
-0.0109500
0.0178368
0.0113539
-0.0086799
-0.0152195
0.0024098
-0.0038195
0.0123096
0.0119591
0.0002090
0.0056629
-0.0259901
-0.0168226
0.0125272
0.0254005
-0.0034913
0.0175697
0.0159377
0.0041378
-0.0162785
-0.0029693
-0.0081809
0.0065754
0.0089120
-0.0164977
-0.0223979
-0.0089449
0.0030529
0.0328254
0.0194225
0.0305542
-0.0144264
-0.0164459
-0.0361612
-0.0420511
-0.0224151
0.0240341
0.0129262
0.0081319
-0.0134753
-0.0255926
-0.1566939
0.0595935
0.2764733
0.0091267
-0.1044884
-0.0430968
-0.0013822
0.0486003
-0.0097070
-0.0248061
-0.0034915
0.0113765
0.0223069
0.0122796
0.0005111
-0.0018740
0.0140189
0.0179429
-0.0042728
-0.0229868
-0.0072589
-0.0147287
-0.0272415
0.0014928
-0.0049845
-0.0117551
0.0153051
-0.0124485
0.0118303
0.0116865
-0.0197933
-0.0177637
0.0124178
0.0250423
-0.0074416
0.0066022
-0.0188637
-0.0140517
0.0248358
-0.0056064
0.0116206
-0.0008949
-0.0096553
-0.0167957
0.0148181
-0.0157094
0.0233741
0.0058230
0.0042798
-0.0114922
-0.0218089
0.0043795
0.0205468
-0.0143516
-0.0168340
-0.0158813
0.0070057
-0.0215563
-0.0058217
-0.0040316
0.0080120
-0.0236165
-0.0119447
-0.0224105
-0.0274500
-0.0136433
0.0422255
0.0280560
0.0183578
0.0154743
-0.0132395
-0.1310919
0.0550319
0.2767374
-0.0651075
-0.1566844
-0.1063480
-0.0192030
0.0484548
0.0762152
0.0451302
0.0086944
-0.0226977
-0.0142368
-0.0252609
-0.0171188
-0.0041292
-0.0001738
0.0297279
-0.0061836
0.0098399
0.0160332
-0.0195555
-0.0067024
0.0167502
