0.0121361
0.0028916
0.0003934
0.0028189
-0.0312447
0.0185824
-0.0120758
0.0123155
0.0079034
0.0249025
-0.0422918
-0.0109840
0.0104009
0.0232504
0.0154872
0.0371372
0.0153348
0.0499221
-0.0035905
-0.0527267
-0.0216125
-0.0698565
-0.0605957
0.0053714
0.0036585
0.0609614
-0.1787344
0.1664643
0.1774131
0.1071237
0.0421978
0.0508187
-0.0196192
-0.0062791
-0.0323768
0.0378781
-0.0072466
-0.0178740
0.0016511
-0.0145992
-0.0155669
-0.0312776
0.0142481
0.0385177
0.0373213
0.0234624
-0.0142420
-0.0156698
0.0328269
-0.0170716
-0.0050886
-0.0020643
-0.0350485
-0.0041401
0.0518463
0.0333324
-0.0548378
0.0435224
0.1976347
-0.1749454
-0.2792411
-0.1637166
0.0595929
-0.0533027
-0.0708140
-0.0305176
0.0183151
0.0323489
0.0010926
-0.0010890
-0.0305379
-0.0064899
-0.0153230
0.0252653
0.0131620
0.0374033
-0.0189448
-0.0167727
0.0150308
-0.0139151
-0.0089968
-0.0296194
-0.0210351
0.0143985
0.0040703
-0.0218370
-0.0414984
-0.0315887
-0.0240281
0.0106581
0.0112558
-0.0466525
-0.0463552
-0.0352468
-0.0045681
0.0986044
0.1669841
-0.1107846
-0.2923343
-0.3084871
0.0311116
0.0339876
0.0010215
-0.0159416
-0.0759759
0.0036482
0.0049739
0.0275012
0.0078125
0.0120774
-0.0280501
-0.0172307
0.0235240
0.0127104
-0.0188576
-0.0217043
-0.0140035
-0.0227262
0.0150971
0.0240461
0.0116672
-0.0135779
-0.0114876
0.0007939
0.0063581
0.0053892
0.0279113
0.0059534
-0.0227072
0.0023491
-0.0323906
-0.2342287
-0.3383884
-0.0146514
0.1198022
0.1979722
0.1300289
-0.0578489
-0.0159982
0.0084413
0.0040925
-0.0174928
0.0351205
0.0171029
-0.0266112
0.0036852
-0.0008350
0.0247872
0.0193402
0.0283633
-0.0132098
0.0003165
-0.0278782
-0.0122051
-0.0056674
0.0196638
-0.0120744
0.0220534
-0.0241787
-0.0089714
0.0215995
0.0473247
0.0123639
0.0034259
0.0374380
0.1912074
0.0371565
-0.2815412
-0.3290719
-0.1682736
0.1827430
0.1779778
0.0933337
0.0045218
-0.0298798
-0.0267940
-0.0237819
-0.0151232
0.0147878
-0.0076898
-0.0197558
0.0017248
0.0033020
-0.0190765
-0.0120351
-0.0170807
0.0291007
0.0197215
-0.0133979
-0.0075730
0.0225612
-0.0051327
0.0217388
-0.0136731
0.0238852
0.0277753
-0.0196847
-0.0083608
0.0006015
-0.0141203
