0.0188313
0.1826568
0.1908483
-0.2554479
0.1910577
0.1193181
-0.0339532
-0.0549127
-0.0428638
0.0013654
0.0049142
0.0058132
0.0120383
0.0217966
-0.0297190
-0.0123330
0.0147797
0.0054764
-0.0047663
-0.0096055
0.0145473
0.0224051
0.0153639
-0.0044428
0.0172822
-0.0145107
-0.0097615
-0.0208035
0.0000992
0.0081619
0.0069183
-0.0137476
-0.0094900
-0.0383476
-0.0413488
0.0265124
0.0284740
0.0093328
-0.0265907
-0.0234172
-0.0449178
0.0003331
0.0468392
0.0186465
0.0845745
-0.2196908
0.0376397
-0.0339710
-0.0371603
-0.0117298
-0.0510249
-0.0246861
0.0052226
0.0008150
-0.0390630
-0.0105104
-0.0209650
0.0189508
-0.0117780
-0.0330085
-0.0008641
-0.0082305
0.0086488
-0.0271710
0.0084528
-0.0326212
0.0087308
0.0027558
0.0480714
-0.0286825
-0.0083903
-0.0508087
-0.0453396
0.0252290
0.0240455
0.1029701
0.0633175
-0.0848437
-0.2231636
-0.2940230
-0.2177629
0.1296879
0.0387766
-0.0094749
-0.0515031
-0.0444941
0.0388485
0.0449925
-0.0191540
-0.0053195
-0.0211323
0.0175434
-0.0206070
0.0030770
0.0261895
0.0001696
0.0102971
0.0009081
-0.0307506
0.0197929
-0.0253420
0.0168412
-0.0106717
-0.0027638
-0.0032135
-0.0122526
-0.0398926
-0.0269757
0.0361656
0.0028067
0.0239048
0.0193162
-0.0370092
-0.0534896
-0.0605399
0.0134842
0.0859326
-0.1815845
-0.0304289
0.0735222
0.0058873
-0.0049509
0.0033702
0.0186948
0.0027744
-0.0241342
-0.0039271
-0.0022622
0.0106373
0.0119218
-0.0083430
0.0128369
-0.0123200
-0.0318732
0.0066254
0.0201241
0.0026563
-0.0169825
0.0201800
-0.0275062
-0.0398679
0.0106324
0.0204062
0.0011773
0.0188656
0.0032145
-0.0109536
-0.0200021
-0.0337846
0.0005839
0.0426643
0.1537668
-0.0533085
-0.3072694
-0.1898661
0.0522681
-0.0428637
-0.0002177
-0.0417875
0.0207955
0.0239743
-0.0314104
-0.0083139
-0.0209933
0.0108825
-0.0341355
0.0221282
-0.0203823
-0.0191914
-0.0139325
-0.0217292
0.0298861
0.0280555
0.0027981
0.0062686
-0.0208925
-0.0166421
0.0119206
-0.0222480
0.0099091
0.0123459
0.0096753
0.0423634
0.0438008
0.0314239
-0.0426941
-0.0531855
-0.0267139
0.0168974
-0.0048375
0.1182055
-0.2936243
0.1390575
0.1110880
0.0703327
-0.0359954
-0.0476034
-0.0035971
0.0050651
0.0102635
