0.0172838
-0.0110414
-0.0043513
-0.0078730
-0.0150248
-0.0303794
0.0012503
0.0059472
-0.0023180
0.0122471
-0.0230481
0.0035267
0.0301876
0.0003644
-0.0164750
-0.0239155
-0.0282264
0.0000934
-0.0059386
0.0175003
-0.0156939
0.0047703
0.0272233
-0.0140980
0.0242014
-0.0127597
-0.0197843
-0.0157829
-0.0090927
0.0036343
-0.0014771
-0.0006402
-0.0003937
-0.0123893
0.0065960
0.0182814
0.0030178
-0.0048653
-0.0007399
-0.0147941
0.0112843
0.0289501
0.0317327
-0.0070916
0.0151300
0.0127219
-0.0186040
-0.0191376
0.0032079
0.0170405
-0.0219768
-0.0170198
-0.0173345
0.0147926
-0.0042099
-0.0075813
-0.0311008
-0.0012344
0.0208682
0.0194429
-0.0739126
-0.0899058
-0.1472993
-0.1511159
-0.0991372
-0.0024696
0.0282052
0.0203585
0.0082469
0.0028048
-0.0146999
0.0022082
-0.0010836
-0.0034007
0.0258347
-0.0103671
0.0083679
-0.0017793
-0.0178290
0.0160487
0.0091057
0.0077443
-0.0117570
0.0105630
0.0140093
-0.0138826
-0.0070313
0.0226468
0.0183616
0.0107907
-0.0178522
-0.0045946
-0.0165498
-0.0124198
-0.0003636
-0.0175331
-0.0239142
-0.0052807
-0.0300123
0.0161992
0.0352944
-0.0263542
-0.0067219
-0.0136343
0.0057253
0.0040825
0.0493856
-0.0060121
-0.0256713
-0.0198708
-0.0017271
0.0018296
-0.0028632
0.0121799
-0.0135756
0.0123598
-0.0199604
0.0136511
-0.0166577
0.0130330
0.0186677
0.0128538
0.0129469
-0.0232507
-0.0010496
-0.0158794
0.0186097
0.0130613
0.0220896
-0.0088842
-0.0086465
-0.0209708
-0.0425789
-0.0961690
-0.1435388
-0.0855934
0.0660170
-0.0736027
-0.0296788
-0.0049728
0.0699572
0.0689232
0.0300945
-0.0292042
-0.0008926
-0.0088152
0.0238323
-0.0043307
-0.0006013
0.0141183
-0.0190720
0.0023573
0.0232443
-0.0002070
0.0012052
0.0190090
-0.0264010
-0.0173924
0.0069812
-0.0178202
0.0041406
0.0151038
0.0099930
-0.0155371
0.0204713
-0.0258211
0.0206630
-0.0147460
0.0097571
-0.0035840
-0.0214366
0.0048047
-0.0109792
-0.0219789
-0.0072929
-0.0039124
0.0228059
0.0308934
0.0324308
-0.0034764
-0.0168505
-0.0231487
-0.0034736
-0.0052858
0.0196445
0.0115075
-0.0139755
-0.0261502
-0.0214273
-0.0254012
-0.0043868
-0.0133890
0.0115399
0.0018290
0.0120671
0.0220313
0.0094380
-0.0299332
-0.0183351
-0.0087976
