-0.0270396
-0.0288946
-0.0226531
0.0051223
0.0115112
0.0275502
0.0223259
-0.0231604
0.0161632
0.0116269
0.0177001
0.0330261
0.0046520
0.0256817
0.0247592
0.0157194
-0.0373506
0.0213213
-0.0273599
0.0059722
0.0056261
-0.0102132
0.0422142
0.0159567
0.0291916
-0.0123692
-0.0025322
0.0188069
0.1065336
0.1824464
0.1832473
0.0273690
0.0070166
0.0814311
0.0355228
-0.0008524
0.0007900
0.0340438
0.0161191
0.0310479
0.0010887
-0.0107184
0.0111825
-0.0059132
0.0172722
0.0275475
0.0247120
-0.0115063
0.0010092
-0.0187391
-0.0272323
0.0105517
0.0021660
-0.0190231
0.0354702
0.0022472
0.0408666
0.0454014
0.0189652
-0.0587306
-0.0600946
-0.0594704
0.0043741
-0.2117497
-0.2080201
0.0908713
0.0478666
-0.0077770
-0.0653411
-0.0227767
0.0232725
0.0509996
-0.0045221
-0.0011772
-0.0315698
-0.0028596
0.0273310
-0.0108874
-0.0299735
0.0001902
-0.0155167
0.0133177
0.0071073
-0.0056829
0.0245292
-0.0144495
-0.0372056
-0.0174259
0.0179465
-0.0231273
0.0161618
0.0030565
0.0017380
0.0116833
0.0380633
0.0279376
0.0074941
-0.0060657
-0.0186150
-0.0321391
-0.0210244
0.1336522
0.1383064
0.0692568
-0.1154267
-0.1255510
0.1669487
0.0958109
0.0395984
0.0036063
-0.0280152
-0.0172872
-0.0006733
0.0316907
0.0254812
-0.0067534
-0.0225234
-0.0341005
-0.0264137
0.0005437
0.0330023
-0.0333062
0.0126328
0.0195571
0.0064160
0.0011617
0.0346967
0.0005887
0.0195088
0.0109894
-0.0103281
0.0333402
0.0017779
-0.0660203
-0.0272226
-0.0765630
-0.0623130
0.1470169
-0.0256456
-0.2029593
-0.2406677
-0.0490991
0.1110047
0.0250557
0.0139501
-0.0444922
-0.0035921
-0.0180135
0.0447884
0.0239905
0.0142177
-0.0145722
0.0084276
0.0030838
-0.0161644
0.0181323
-0.0160828
-0.0088675
-0.0245935
0.0282914
0.0232523
-0.0003280
0.0335117
0.0052853
0.0019889
0.0263095
0.0203152
0.0045234
0.0016991
0.0199304
-0.0343605
-0.0236693
-0.0271882
-0.0717286
-0.0316143
-0.0141598
0.1631449
0.0129562
-0.3194041
0.1407615
0.1192367
0.0428274
0.0114967
-0.0403063
-0.0569245
-0.0177227
0.0012080
-0.0030256
0.0367423
-0.0175363
-0.0089059
0.0214185
-0.0258032
0.0188267
-0.0140769
0.0092163
0.0152128
0.0010434
-0.0023930
0.0342545
