0.2164755
0.0099073
-0.0139032
0.0077822
0.0226446
-0.0365351
-0.0161596
-0.0092464
-0.0117366
-0.0028300
0.0206748
0.0003908
0.1309532
0.2087904
0.0189967
0.0070418
-0.0119093
-0.0461632
0.0155555
0.0029003
-0.0189989
0.0043338
0.0059562
-0.0297428
-0.0475676
0.0420293
0.0116549
-0.0059719
-0.0845477
0.1462805
-0.0965673
-0.3072049
0.1944899
-0.0668476
-0.0336225
-0.0037675
0.0007710
0.0126978
0.0025267
0.0120666
-0.0073823
-0.0245999
-0.0472998
0.0035429
0.0162617
-0.0264707
0.0318734
0.0434587
-0.1417759
-0.0098730
-0.0206066
-0.0001599
-0.0169998
-0.0265303
0.0314692
-0.0363637
-0.0687254
0.1105051
0.1429777
-0.1051274
0.0229706
-0.0649217
-0.0177119
0.0093458
-0.0029996
0.0024114
-0.0371131
-0.0082190
0.0179273
0.0018595
-0.0071576
-0.0022841
0.0501776
0.0300506
0.0163784
-0.0322391
0.0127878
0.0556613
-0.3592253
0.1603054
-0.0032443
0.0069848
0.0166894
0.0071376
0.0443391
0.0263788
-0.0619648
-0.0001522
0.1323232
0.1955457
-0.1191738
-0.0482815
0.0083157
-0.0100062
0.0082647
-0.0234769
-0.0006939
-0.0031480
-0.0116043
0.0123899
