0.1784474
-0.0057179
-0.0074267
-0.0194724
0.0193296
0.0103836
0.0218287
-0.0101490
-0.0314162
-0.0275277
-0.0358605
-0.0719088
0.2126300
0.0826329
0.0139393
-0.0053688
-0.0185709
-0.0062089
0.0110448
0.0131609
-0.0225619
-0.0210258
0.0103393
0.0170683
-0.0007234
-0.0333296
-0.0350586
0.0327790
0.1221951
-0.3670960
0.1886217
0.1661801
-0.0113910
0.0109779
-0.0077144
0.0104487
-0.0027132
-0.0006057
-0.0173304
-0.0247891
0.0088642
0.0122034
0.0065220
0.0347203
0.0329227
-0.0041732
-0.0415373
-0.0536551
0.0193311
0.0269297
0.0033847
-0.0245917
-0.0229953
0.0185820
0.0280329
-0.0027212
0.0992866
-0.1383470
-0.2450952
0.0688957
-0.0067083
-0.0354056
0.0034702
-0.0016872
-0.0081652
-0.0253536
0.0170381
0.0080072
-0.0073276
-0.0435510
-0.0088561
0.0352995
0.0312646
0.0273150
-0.0072301
-0.0827819
0.0651487
0.1988848
-0.0193227
0.1106380
-0.0666821
0.0006357
0.0352360
-0.0043072
0.0451549
0.0468808
-0.0282574
0.0564470
0.2070609
0.0303326
-0.3494027
-0.0194591
0.0251047
0.0180349
-0.0071989
0.0019116
-0.0192230
-0.0045916
0.0039314
-0.0353938
