-0.0184925
-0.0290737
0.0361758
0.0178703
-0.0162198
-0.0131464
-0.0374267
0.0209430
0.0239126
0.0165595
-0.0115859
-0.0191962
-0.0258994
0.0195171
-0.0308552
-0.0065117
0.0175129
0.0215267
0.0109993
0.0281916
-0.0242636
0.0217300
-0.0156720
0.0079575
-0.0038280
-0.0301137
0.0341918
0.0299017
-0.0122878
-0.0121349
-0.0107643
-0.0454888
0.0008482
0.0986617
0.1057436
-0.1127702
0.2057321
0.0463293
0.0254411
-0.0425012
-0.0174211
-0.0620526
-0.0231503
-0.0111981
-0.0048160
0.0008715
-0.0030346
-0.0056940
-0.0197492
-0.0146260
-0.0010681
-0.0139891
0.0180337
0.0228838
0.0103846
0.0140559
-0.0302811
-0.0230374
-0.0325020
0.0287400
-0.0057597
0.0159232
0.0234779
-0.0566808
-0.0219675
0.1486917
0.1557532
-0.2363010
0.1451925
0.0524718
0.0353100
-0.0332397
-0.0242717
-0.0102294
-0.0534429
-0.0450718
0.0241860
0.0534412
0.0536073
0.0387143
0.0144072
0.0036079
-0.0249246
0.0157702
-0.0167651
0.0213812
0.0146219
0.0127932
-0.0406291
0.0289354
0.0197901
-0.0146754
0.0316427
0.0116174
-0.0382741
0.0078906
-0.0038986
-0.0216982
0.0350227
0.0264802
0.0341104
-0.0136627
-0.0332001
-0.0137597
-0.0422060
0.0328788
0.1100764
0.1860235
-0.0796898
-0.2775181
0.1679041
0.1609934
0.0128160
-0.0385660
-0.0328126
-0.0491801
0.0285756
0.0226428
0.0150429
0.0212318
0.0055876
0.0166183
0.0266128
0.0111100
0.0003976
0.0059646
-0.0083880
0.0123260
0.0368849
0.0066497
0.0242477
0.0217997
0.0229118
0.0570017
0.0297555
0.0508756
0.0208573
-0.0267234
-0.0017468
-0.0108767
0.0687162
0.1506944
0.0651532
-0.3029861
0.0704927
0.1088959
0.0287971
-0.0000111
-0.0050570
-0.0455289
-0.0541490
-0.0318812
0.0380608
-0.0036067
0.0267121
-0.0361920
-0.0231624
0.0121361
0.0082906
0.0012591
-0.0312447
0.0170784
0.0204370
-0.0246290
-0.0358867
-0.0010225
0.0199562
0.0232504
0.0154872
-0.0120140
0.0424374
0.0153348
0.0499221
-0.0035905
-0.0527267
-0.0216125
0.0053714
0.0036585
0.1401375
0.0609614
-0.3096208
-0.2830421
0.0558177
0.1774131
0.1071237
0.0022214
-0.0037852
-0.0498819
-0.0196192
-0.0370993
0.0372929
0.0103815
-0.0072466
-0.0180787
0.0144442
-0.0155669
-0.0312776
0.0385177
0.0373213
0.0106762
