0.0052460
0.0276830
-0.0238588
-0.0020611
-0.0181666
0.0019825
-0.0017035
0.0063797
-0.0018759
0.0179778
0.0126910
0.0265941
-0.0039508
0.0246960
-0.0215202
0.0101617
0.0351518
-0.0087420
-0.0217730
-0.0193808
0.0142660
-0.0107931
-0.0085935
-0.0079590
0.0227459
0.0125965
-0.0552093
-0.0285768
-0.0175716
-0.0450282
-0.0104878
-0.0134093
0.1276641
-0.3202874
-0.2611126
-0.0175750
-0.0279436
-0.0595868
0.0038557
0.0248254
0.0319657
0.0096885
0.0099252
-0.0033759
-0.0057181
0.0150277
-0.0203537
-0.0166390
-0.0136018
-0.0330603
-0.0079960
-0.0100666
-0.0215151
0.0003271
-0.0013894
-0.0157805
0.0061780
-0.0099208
0.0115958
0.0094856
-0.0497114
-0.0575853
-0.0701492
0.1547552
0.0633262
-0.1492362
-0.0051476
0.1186600
0.0024207
-0.0448780
0.0016712
0.0010201
0.0129846
0.0309747
0.0209851
-0.0174989
0.0103792
-0.0061350
-0.0215195
-0.0191768
-0.0136818
-0.0073948
0.0165466
-0.0138007
-0.0216596
-0.0114701
0.0102466
-0.0002167
0.0195223
-0.0259889
0.0145458
-0.0013732
-0.0294780
-0.0066317
0.0216287
-0.0011621
0.0281392
-0.0236071
-0.0124133
-0.0337976
-0.0561765
0.0319866
0.0433800
0.1271279
0.1633623
-0.2676733
-0.1737447
0.1586242
0.1214129
0.0748127
-0.0294328
-0.0598777
-0.0082736
-0.0087732
0.0422775
-0.0083285
-0.0143504
-0.0463580
-0.0280820
0.0269476
-0.0087982
-0.0117784
-0.0167718
0.0056450
0.0147625
-0.0157627
-0.0231082
-0.0047462
0.0177716
-0.0005921
0.0190300
-0.0138354
-0.0173801
-0.0346875
-0.0303727
-0.0239982
-0.0141911
0.1209288
0.0019031
-0.2180046
-0.2282180
-0.0544408
0.1287719
0.0046566
-0.0302307
-0.0624596
-0.0375486
-0.0291773
0.0326997
0.0454549
0.0159723
-0.0005586
0.0001253
-0.0059573
0.0074832
-0.0004427
-0.0097977
-0.0062835
0.0258727
-0.0036057
0.0160132
0.0404724
-0.0150359
0.0093646
-0.0287942
0.0209785
0.0531107
0.0402580
0.0374434
-0.0244025
-0.0300959
-0.0481279
-0.0141898
0.0149731
0.0372248
0.0239831
0.0402241
-0.2749423
-0.1434817
0.1486410
0.0474805
0.0142463
0.0013402
-0.0264777
-0.0546772
0.0109691
-0.0228799
0.0130810
0.0106640
0.0130928
-0.0091582
0.0099140
-0.0293083
0.0231935
0.0052000
-0.0044361
-0.0148069
-0.0005942
0.0193023
-0.0380145
