0.1178083
-0.0329374
-0.0500612
-0.0557413
-0.0165964
-0.0132223
0.0468279
-0.0170868
-0.0233981
-0.0435034
0.0157413
0.0185152
-0.0146581
-0.0075662
0.0213807
0.0030406
-0.0173182
-0.0065523
0.0206860
-0.0360164
0.0079744
0.0269237
-0.0006463
0.0250656
0.0134925
-0.0211506
-0.0366125
-0.0006469
-0.0342623
-0.0213720
-0.0152085
0.0346242
0.0001441
-0.0457523
-0.0260557
0.0320029
0.1496133
-0.0021867
-0.2308433
-0.0351718
0.1176285
0.1787275
0.0578675
0.0230730
-0.0072530
-0.0212064
0.0037037
0.0062509
-0.0323626
-0.0172430
-0.0048337
-0.0028063
-0.0101471
0.0195443
0.0171707
0.0194922
0.0078021
0.0106061
0.0206444
0.0174331
-0.0162151
-0.0199957
-0.0374181
0.0281354
0.0051322
-0.0186309
-0.0083689
-0.0037902
0.0909720
0.0856427
-0.2737017
0.0403272
0.1425864
0.0953496
0.0314885
-0.0064119
-0.0225577
-0.0061132
-0.0288250
-0.0351755
-0.0134996
-0.0302790
0.0348721
0.0138953
0.0031606
-0.0004487
-0.0347234
0.0362900
-0.0178848
0.0210496
-0.0122065
0.0027636
0.0181658
0.0136591
0.0100719
0.0197493
0.0347624
0.0112187
-0.0298451
-0.0406808
-0.0138816
-0.0057752
-0.0036871
0.0108469
0.0372654
0.0191523
-0.0347684
-0.0783039
-0.0579243
0.0006871
0.1135227
0.1645856
-0.3291200
-0.1126027
0.1864837
0.0863821
-0.0003317
-0.0275550
0.0111045
-0.0067015
0.0024673
-0.0046427
0.0275207
-0.0051118
0.0147771
-0.0174512
-0.0034087
0.0021012
0.0133543
0.0046622
-0.0047799
0.0067566
-0.0250036
-0.0017667
-0.0145937
-0.0216161
0.0137583
0.0022407
0.0308571
0.0073887
-0.0385662
-0.0372436
-0.0632417
-0.0400063
0.0980840
0.0944440
-0.2292942
-0.1921517
0.1160570
0.0885404
0.0475718
-0.0103298
-0.0612873
-0.0462043
-0.0185250
0.0187913
-0.0185324
0.0125726
-0.0130638
-0.0028987
-0.0161207
0.0288518
-0.0196810
0.0327079
0.0339443
0.0289784
-0.0139877
-0.0259733
-0.0298607
0.0077337
0.0019284
-0.0106201
0.0141906
-0.0201987
0.0131409
0.0279608
0.0381408
-0.0162545
-0.0055581
-0.0528175
0.0019097
-0.0005802
0.0430701
0.1897335
0.1396754
-0.2605999
-0.1591689
0.0125171
0.1918285
0.1431944
-0.0071912
-0.0284486
-0.0449579
-0.0074578
0.0035990
0.0256213
-0.0167552
0.0133637
0.0092676
0.0042474
