-0.0046213
0.0298179
0.0284866
-0.0168345
-0.0111208
-0.0104080
0.0030812
-0.0173076
0.0144250
0.0153193
0.0055430
0.0239145
0.0178945
-0.0165405
0.0121724
-0.0083121
-0.0056072
0.0095299
0.0076471
-0.0067656
-0.0116378
-0.0292301
-0.0164049
0.0130241
0.0069611
-0.0021715
0.0174188
0.0133086
0.0015311
0.0152951
0.0102391
0.0148530
-0.0199279
0.0082220
0.0106703
0.0008487
-0.0139699
0.0079277
-0.0092842
-0.0317405
-0.0014837
0.0151769
-0.0167282
0.0289921
-0.0057727
-0.0128789
-0.0118350
-0.0050614
-0.0004581
-0.0171474
-0.0048237
0.0203355
-0.0006342
0.0112946
0.0157693
0.0144000
-0.0107936
0.0105498
0.0408893
-0.0040086
-0.0079330
-0.0580408
-0.1178780
-0.0762540
-0.1630792
0.0224152
0.0746423
0.0310653
-0.0080360
-0.0432627
-0.0103508
0.0368583
0.0023957
-0.0086764
-0.0204982
0.0136488
0.0176060
-0.0035501
-0.0134296
0.0201132
0.0253056
-0.0128481
-0.0216661
0.0222497
0.0056204
0.0136674
0.0116130
0.0020326
0.0183881
-0.0090620
0.0096391
-0.0265015
0.0087796
0.0062950
-0.0029581
0.0097864
-0.0219628
0.0075169
0.0025802
-0.0028939
0.0191807
-0.0012930
-0.0289619
-0.0246627
0.0034220
-0.0081533
-0.0044222
0.0222298
0.0211431
-0.0110988
-0.0092066
-0.0065212
0.0054313
-0.0157454
-0.0140526
0.0151266
-0.0192143
0.0144570
0.0187879
0.0277726
-0.0152118
-0.0113834
-0.0045689
-0.0296318
0.0212540
-0.0278650
-0.0190116
-0.0031099
0.0028515
-0.0325640
-0.0286588
-0.0316992
-0.0500448
-0.1321459
-0.1442406
-0.0395896
0.1628337
-0.0333171
0.0234666
0.0381319
0.0385126
0.0698501
-0.0030925
-0.0324527
0.0155843
0.0085471
0.0171933
0.0017324
-0.0050467
0.0004291
0.0284810
-0.0211269
-0.0181184
-0.0174856
-0.0091582
-0.0037969
-0.0140312
0.0148421
-0.0216271
-0.0127920
0.0134205
0.0164881
-0.0074311
0.0103226
-0.0065039
0.0003723
-0.0038652
0.0289122
0.0144334
-0.0134589
-0.0016346
0.0210732
-0.0174509
-0.0032108
-0.0061852
-0.0123538
0.0235912
-0.0007653
-0.0021933
-0.0064877
0.0101919
0.0209050
0.0048181
0.0058973
-0.0217912
0.0181058
-0.0057362
-0.0147162
-0.0128154
0.0127643
-0.0135457
-0.0262647
-0.0146817
-0.0202229
0.0049506
-0.0167148
0.0127933
0.0067349
-0.0036971
-0.0032611
