0.1167331
-0.0096950
-0.0037397
0.0005524
0.0128364
-0.0116838
0.0058834
0.0149589
0.0028063
-0.0064985
0.0003436
-0.0012806
0.0267402
0.0081882
-0.0048369
-0.0103450
-0.0025880
0.0107497
0.0092042
-0.0053922
-0.0071498
-0.0009754
0.0001029
0.0178995
-0.0061733
0.0032381
0.0061400
0.0077412
-0.0024687
-0.0445905
0.0322717
0.1106906
-0.0358445
0.0008025
0.0117915
0.0023274
-0.0013030
-0.0073069
-0.0009002
0.0014452
0.0009479
0.0059924
-0.0040985
-0.0081755
-0.0056413
-0.0042874
-0.0135154
-0.0012880
0.0250673
0.0054064
0.0029234
0.0055234
0.0064759
0.0079995
-0.0039343
0.0076113
0.0033713
0.0005951
-0.1063809
0.0655504
-0.0062826
0.0077988
0.0078503
-0.0164576
-0.0022508
-0.0063130
-0.0064394
0.0076369
-0.0024479
-0.0004238
0.0018768
-0.0082348
0.0109477
-0.0112460
-0.0028685
0.0067925
0.0214632
0.0416266
0.0882235
-0.0231424
0.0019953
-0.0038836
-0.0042993
0.0133408
-0.0158190
-0.0148538
-0.0054715
0.0112061
0.0113707
-0.0715584
-0.0437916
0.0064340
0.0027091
0.0131338
-0.0102531
-0.0061947
0.0057327
0.0017571
0.0006684
0.0015024
