0.1379775
0.0056335
0.0052398
-0.0123171
0.0087480
-0.0126968
0.0048640
-0.0079118
-0.0152016
0.0239762
-0.0075594
0.0035359
-0.0033360
0.0099323
-0.0012173
0.0100598
0.0095026
-0.0075939
0.0020285
-0.0134872
-0.0148625
0.0128989
-0.0151627
-0.0013494
0.0026859
0.0022558
-0.0004758
0.0225188
-0.0063797
-0.0108813
0.0099338
0.0172105
-0.0126949
0.0003711
0.0102764
0.0203102
-0.0048752
0.0130671
-0.0462638
0.0715852
0.1601590
0.1222382
-0.1091112
-0.1047069
-0.0274200
-0.0009260
0.0343398
0.0224624
-0.0152259
0.0176880
0.0155861
-0.0090336
0.0017937
0.0216355
0.0042363
0.0064991
-0.0018550
-0.0112702
-0.0010399
-0.0025945
-0.0060551
0.0053043
0.0071896
0.0102799
-0.0120272
-0.0038591
0.0071127
-0.0062522
0.0064486
-0.0055619
0.0035468
-0.0168666
0.0050035
-0.0073914
0.0141052
0.0115763
-0.0155213
-0.0025780
0.0159994
-0.0108278
-0.0072210
-0.1457389
-0.0142063
-0.0101911
-0.0088114
-0.0207604
0.0184109
-0.0184728
-0.0046603
-0.0075842
0.0093736
-0.0147497
0.0145613
-0.0111527
0.0048406
0.0085235
0.0081451
0.0042122
0.0069707
-0.0076001
