0.0920593
0.0090744
0.0147094
-0.0026783
-0.0184707
-0.0025319
0.0197944
0.0056339
-0.0031635
0.0092246
-0.0072080
-0.0039847
0.0299523
0.0500749
0.0089564
0.0008343
0.0004227
-0.0088190
0.0027518
-0.0011174
0.0123690
0.0088501
-0.0038953
0.0049471
0.0071590
-0.0095778
-0.0064640
-0.0000129
-0.0033791
0.0253655
-0.0743872
0.0212972
-0.0286145
-0.0023392
0.0009288
0.0055705
-0.0114879
0.0119979
-0.0001847
0.0036270
0.0123937
0.0150633
-0.0089772
0.0029880
-0.0064900
-0.0108003
-0.0034927
0.0067954
0.0938937
0.0083785
0.0036533
-0.0102316
0.0050887
0.0036996
-0.0043678
0.0059045
0.0100462
0.0331384
-0.0251967
0.0854237
-0.0376026
-0.0069244
-0.0091368
-0.0052353
-0.0016548
-0.0099827
0.0077610
-0.0050972
-0.0043285
-0.0094008
0.0036620
0.0021204
0.0013009
-0.0136539
-0.0062096
0.0034152
-0.0051979
0.0078558
-0.0698226
0.0748169
-0.0320815
-0.0141348
-0.0092656
0.0070595
0.0011674
-0.0176174
0.0018813
0.0126506
0.0140365
0.0243519
-0.0456237
0.0085456
-0.0016891
0.0091171
-0.0027418
-0.0021334
-0.0051710
0.0054849
0.0063654
0.0100870
