-0.0153177
-0.0035491
0.0203359
-0.0140402
0.0034885
-0.0126271
0.0233392
0.0035251
0.0009336
0.0199959
-0.0128469
0.0044075
0.0067403
0.0341144
0.0317262
0.0257344
0.0247609
0.0093719
-0.0817545
-0.0429828
-0.0183697
0.0139662
0.0595710
0.0405822
-0.0212104
-0.0103884
0.0068455
-0.0002766
0.0094283
-0.0007990
0.0003480
0.0100106
-0.0250519
-0.0041013
0.0012645
-0.0204948
-0.0023499
0.0015684
0.0143839
-0.0231400
-0.0082097
0.0202772
-0.0078728
0.0090013
-0.0148195
0.0076034
-0.0245875
0.0193833
-0.0042295
-0.0187381
0.0071047
0.0104964
0.0190909
0.0037478
-0.0191904
0.0102585
0.0152492
0.0015548
0.0132642
0.0189447
0.0066798
0.0111363
0.0082781
-0.0092856
0.0198474
0.0207004
-0.0019542
0.0129445
0.0075018
0.0296561
0.0152808
-0.0311010
-0.0404017
-0.0399791
-0.0040893
0.0155523
0.0458250
0.0338755
0.0368784
0.0295784
0.0125030
-0.0328096
-0.0652348
0.0744547
-0.0135601
-0.0564999
-0.0324027
0.0262858
0.0342906
-0.0177901
-0.0307528
0.0106434
0.0185160
0.0167261
0.0117601
-0.0005083
0.0000337
0.0130585
0.0024108
0.0002020
0.0027024
0.0044348
0.0051381
0.0196415
0.0016872
-0.0117538
-0.0054616
-0.0203027
-0.0193548
0.0022366
-0.0076676
-0.0094220
-0.0246459
-0.0138420
0.0059224
0.0032636
0.0049410
-0.0189076
-0.0173929
0.0082352
-0.0114202
0.0177437
-0.0678976
-0.0837695
-0.0335298
0.0617832
-0.0799784
-0.0624076
-0.0417798
0.0058004
-0.0034858
0.0028561
-0.0132904
0.0127280
-0.0000041
-0.0121914
0.0104159
0.0084188
-0.0046137
0.0172502
-0.0146922
-0.0052761
-0.0182312
-0.0169425
-0.0140708
0.0090337
-0.0225024
-0.0091995
0.0114219
0.0093594
-0.0064887
0.0048047
-0.0066669
-0.0161363
0.0121497
0.0102357
-0.0138584
-0.0100075
0.0031736
-0.0046307
0.0026701
0.0079888
0.0036408
0.0193728
0.0165396
-0.0136120
0.0043278
-0.0040350
-0.0343577
-0.0056342
-0.0178469
0.0169180
0.0025163
0.0591957
0.0358345
0.0093831
-0.0671241
-0.0484985
0.1145931
0.0167240
-0.0567432
-0.0439730
-0.0536681
-0.0165649
-0.0149742
0.0293673
0.0022253
0.0217681
0.0097199
-0.0055967
-0.0216944
0.0112066
-0.0068459
0.0002644
0.0130559
-0.0114949
-0.0075618
-0.0215095
-0.0190333
0.0118006
