0.0011966
-0.0154055
0.0065796
0.0193233
-0.0007101
-0.0147110
-0.0184798
-0.0153221
0.0168064
-0.0116429
-0.0136626
-0.0092196
0.0049842
-0.0161343
0.0038139
0.0165515
-0.0062865
-0.0109629
0.0161105
0.0076813
0.0002634
0.0174637
-0.0188102
-0.0279626
-0.0116886
-0.0088202
-0.0050576
-0.0036251
0.0181930
0.0160467
0.0069990
0.0042803
0.0181633
0.0244280
0.0230010
-0.0043477
-0.0347006
0.0134985
0.0102880
0.0394867
0.0036696
0.0031115
0.0399363
0.0424821
-0.0005571
0.0578308
-0.0370438
0.0158945
0.0161928
0.0415110
0.0301518
0.0180601
0.0234770
-0.0292056
0.0057120
-0.0098439
-0.0007855
-0.0026962
-0.0201185
0.0186612
-0.0040660
0.0038010
-0.0165112
0.0114353
-0.0152196
-0.0083368
-0.0104621
0.0195037
0.0016550
0.0153657
0.0001537
-0.0045170
-0.0037532
-0.0156117
0.0145602
0.0016744
0.0183190
-0.0158042
-0.0104411
0.0061465
0.0042812
0.0084592
-0.0007811
-0.0076636
0.0227176
0.0153474
0.0175030
-0.0100647
-0.0038493
0.0044278
-0.0062931
-0.0016408
-0.0241587
0.0028494
0.0126389
-0.0013999
0.0184549
-0.0047667
0.0055125
-0.0051474
-0.0067725
0.0154496
0.0134751
0.0031504
-0.0219417
0.0102369
-0.0153538
-0.0017481
0.0047531
-0.0132806
0.0006144
0.0035727
-0.0063034
0.0110519
-0.0159007
0.0026222
-0.0103801
-0.0156894
-0.0105724
0.0008215
-0.0172910
0.0070237
-0.0160085
0.0117824
-0.0145261
0.0183828
-0.0183511
-0.0133276
0.0214988
0.0104938
-0.0083605
-0.0088767
-0.0159266
0.0096169
0.0214724
-0.0132715
-0.0031838
0.0124366
-0.0121782
-0.0023035
-0.0161627
-0.0273961
-0.0028005
0.0002898
-0.0047155
-0.0081197
0.0020160
0.0049323
-0.0135973
0.0155931
-0.0088362
0.0167561
0.0343097
0.0010000
-0.0085731
-0.0520411
0.0142431
-0.0345809
-0.0414898
-0.0086815
0.0097169
0.0001838
-0.0072565
0.0117015
-0.0054860
0.0088720
-0.0033666
0.0006935
-0.0052757
-0.0102688
0.0060693
-0.0124717
0.0008194
-0.0183060
-0.0120036
0.0237254
-0.0137686
0.0002722
-0.0144636
0.0065367
0.0161200
0.0172215
-0.0120590
0.0196210
-0.0180088
0.0196158
-0.0012476
0.0052301
0.0112184
0.0026803
-0.0025404
0.0007290
0.0172981
-0.0125527
-0.0255890
-0.0190548
-0.0169393
0.0070623
0.0183371
0.0107922
