-0.0077001
0.0332748
0.0121621
0.0033955
-0.0068413
-0.0205474
-0.0008218
0.0126882
-0.0155441
-0.0055915
-0.0132419
-0.0007470
0.0128831
-0.0002222
0.0103344
0.0142160
0.0047780
-0.0020019
0.0166397
0.0144953
-0.0010803
0.0162838
-0.0074167
-0.0173338
0.0115112
0.0082443
0.0190951
0.0186300
-0.0084184
0.0134342
-0.0040928
0.0083250
-0.0182164
0.0070033
0.0164933
0.0178183
-0.0151349
-0.0275470
-0.0141304
-0.0234379
-0.0135135
0.0212353
0.0225402
0.0116188
0.0389228
-0.0006135
0.0866358
-0.0623021
-0.0457708
-0.0303282
-0.0289942
-0.0010855
0.0138718
0.0160202
0.0053607
0.0044419
0.0068736
0.0106099
0.0007390
-0.0056377
-0.0163387
-0.0040483
-0.0038433
0.0054028
-0.0197385
0.0058895
0.0237030
-0.0081517
-0.0140444
-0.0019096
0.0034446
-0.0119251
0.0048319
-0.0054526
0.0114743
0.0080536
0.0164606
0.0082492
0.0098249
-0.0034096
-0.0090471
0.0184367
0.0200636
0.0057880
0.0127067
-0.0090741
-0.0089758
0.0102002
0.0042882
-0.0059793
-0.0084784
0.0098575
0.0080201
-0.0157032
0.0137453
-0.0021263
0.0130548
-0.0042063
-0.0183910
0.0092014
0.0077795
0.0119192
-0.0143371
-0.0100043
-0.0101611
0.0126233
-0.0115446
0.0045319
-0.0001725
0.0140446
0.0179295
-0.0132442
0.0113539
0.0121809
-0.0023019
-0.0168418
0.0049998
-0.0046659
0.0022838
-0.0286283
-0.0213258
0.0148171
0.0319868
0.0079960
-0.0371979
0.0137645
0.0293262
-0.0095668
-0.0278276
-0.0656949
-0.0642320
-0.0002993
-0.0027646
-0.0121628
-0.0194065
-0.0074706
-0.0253789
0.0068407
0.0049118
-0.0080242
-0.0189814
-0.0205033
0.0163774
0.0095707
-0.0048389
0.0084042
0.0172195
-0.0146346
-0.0076868
-0.0064580
0.0021390
-0.0103569
0.0010051
0.0042607
0.0225534
-0.0026812
0.0193010
-0.0139792
-0.0082083
-0.0203207
0.0084091
0.0212652
-0.0034822
-0.0021226
-0.0185891
0.0055091
0.0173863
0.0103885
-0.0151504
-0.0278421
-0.0277667
-0.0326940
-0.0085736
0.0194843
-0.0020926
-0.0009954
0.0261457
-0.0175942
-0.1138273
0.0518178
0.1625709
0.0880214
-0.0134205
-0.0508310
-0.0645432
-0.0370581
-0.0058007
0.0330422
0.0134103
0.0320683
0.0074291
-0.0125533
0.0083179
-0.0137523
-0.0159662
0.0081600
-0.0014216
-0.0081664
0.0095427
-0.0099643
