-0.0161151
0.0037376
-0.0058165
0.0050533
0.0088769
-0.0193192
-0.0229556
-0.0147944
0.0080938
0.0051711
-0.0083118
0.0164960
-0.0053760
0.0121573
0.0013864
0.0173046
0.0078650
-0.0046987
-0.0016358
0.0100911
0.0128450
-0.0216892
-0.0020594
-0.0035342
-0.0066222
-0.0039741
-0.0039081
0.0044803
-0.0176495
-0.0150333
0.0042278
-0.0008034
-0.0056619
-0.0194373
0.0035441
0.0222893
-0.0191109
-0.0139977
0.0034445
-0.0072217
0.0181597
-0.0045119
-0.0063089
-0.0196970
0.0153254
0.0028111
-0.0115018
-0.0134156
-0.0159003
-0.0010759
0.0039208
0.0190825
-0.0119720
-0.0082443
-0.0006107
-0.0062272
-0.0120416
-0.0074753
-0.0040922
-0.0129721
-0.0248332
0.0000703
0.0026335
0.0031856
0.0020803
0.0111881
0.0135459
-0.0171803
0.0016849
-0.0100935
0.0026746
0.0051990
0.0009852
0.0031986
0.0087630
0.0217886
0.0036317
0.0084621
0.0089569
0.0094929
-0.0131058
-0.0188088
0.0057744
0.0097815
-0.0092772
-0.0068250
0.0028954
0.0156775
0.0071146
-0.0437336
-0.0875986
0.0905135
-0.0891312
-0.1348985
-0.0603482
0.0254535
0.0171502
0.0253035
0.0368190
0.0249166
-0.0122293
0.0104251
0.0051056
0.0088178
-0.0136722
0.0214391
0.0132322
-0.0132045
0.0090385
-0.0011815
-0.0206355
0.0139538
0.0123009
-0.0008645
-0.0085439
0.0115527
-0.0180109
0.0125755
0.0130233
-0.0050882
0.0055555
-0.0111115
-0.0057112
-0.0093117
-0.0063610
-0.0179321
0.0154354
0.0082935
-0.0083208
-0.0095976
0.0107251
0.0005075
0.0216684
-0.0004906
-0.0148699
-0.0008646
0.0051535
0.0016991
-0.0005992
0.0033011
0.0078141
0.0143977
0.0124268
0.0087358
0.0058459
-0.0122943
-0.0061261
-0.0029235
0.0033884
-0.0103426
-0.0057094
0.0103079
0.0119746
-0.0000067
-0.0161263
-0.0160287
-0.0052249
0.0070897
-0.0033955
-0.0136809
0.0115978
0.0036113
-0.0098176
-0.0074822
-0.0008888
0.0025484
0.0027110
-0.0073619
-0.0064655
-0.0158707
-0.0095906
-0.0052680
0.0053030
-0.0029179
-0.0040783
-0.0217928
-0.0101982
-0.0113836
0.0031228
-0.0097956
-0.0008463
0.0132546
-0.0032158
-0.0154197
-0.0152024
-0.0245206
-0.0204069
0.0050819
-0.0216197
0.0038577
0.0338316
0.0051932
-0.0701680
-0.0501997
-0.0846881
-0.0643065
-0.1498932
-0.0076967
0.0306302
0.0163772
