0.0023229
0.0040711
-0.0173043
0.0195369
0.0213869
0.0124373
-0.0069714
0.0155721
-0.0138340
-0.0034729
0.0018073
-0.0186022
0.0015540
0.0142467
0.0154412
0.0127406
-0.0086562
0.0083779
-0.0037214
-0.0018136
-0.0070871
-0.0106584
-0.0149769
-0.0091954
0.0066524
-0.0185293
-0.0160716
0.0077822
0.0111010
-0.0057753
-0.0132473
-0.0133695
-0.0076194
-0.0131467
0.0078403
-0.0101766
-0.0125822
0.0073597
-0.0002866
-0.0145055
-0.0018659
-0.0049789
-0.0139760
0.0125175
-0.0175626
0.0161739
0.0041780
0.0008652
0.0129988
0.0064137
0.0104207
0.0220527
-0.0136957
-0.0133162
0.0095164
-0.0090906
0.1069672
0.1587784
-0.1046113
0.0136781
0.0276609
0.0345991
0.0174087
-0.0089249
-0.0239980
0.0222972
0.0232894
0.0064317
-0.0157848
0.0096158
-0.0151912
0.0090082
0.0103196
-0.0186291
-0.0148377
0.0128269
-0.0176718
0.0064339
-0.0157823
0.0091151
0.0138912
0.0139162
0.0038513
-0.0147452
0.0128851
0.0092391
0.0136494
0.0084917
-0.0118784
-0.0043677
0.0057418
-0.0014500
-0.0054077
-0.0110055
0.0184413
-0.0096416
0.0054867
-0.0197332
-0.0183475
0.0017336
-0.0001002
-0.0011443
-0.0074314
-0.0005467
0.0057426
0.0078658
-0.0080250
-0.0133374
0.0022594
0.0197754
-0.0085306
0.0091968
0.0200257
-0.0206168
-0.0017176
0.0092712
-0.0109743
0.0128908
0.0001842
-0.0025821
0.0066263
-0.0076380
0.0187916
0.0104466
-0.0140358
0.0148404
0.0067861
0.0098900
0.0053266
-0.0032163
-0.0076635
-0.0076449
-0.0122041
-0.0060251
-0.0089400
0.0081679
-0.0227021
-0.0006528
0.0156532
-0.0041476
0.0085110
-0.0103443
0.0066260
0.0057247
0.0064330
-0.0179788
-0.0158924
0.0073324
-0.0063660
0.0094224
-0.0069330
-0.0099698
0.0053913
-0.0160997
-0.0085870
-0.0103118
-0.0063618
-0.0318782
-0.0374324
0.0081118
-0.1318947
-0.1015603
0.0279557
-0.0246455
-0.0262827
-0.0012275
0.0096260
0.0098871
0.0159781
-0.0050668
0.0000793
-0.0078378
0.0058294
0.0126092
0.0166989
-0.0047985
-0.0098430
-0.0007582
-0.0051398
-0.0000002
-0.0154782
0.0061674
-0.0046703
0.0037936
0.0009158
0.0041982
-0.0019279
-0.0124852
-0.0137874
-0.0089653
-0.0148406
-0.0153745
0.0085609
0.0188211
0.0137354
0.0070361
-0.0007014
-0.0145576
0.0019743
-0.0101002
