0.1454457
-0.0022938
0.0119496
-0.0055420
0.0062777
0.0013366
-0.0188594
0.0207905
-0.0054860
-0.0195730
0.0071919
-0.0178691
-0.0052536
-0.0013510
0.0201777
0.0051184
0.0097357
-0.0144946
0.0048298
-0.0024917
0.0035183
-0.0140885
-0.0180809
-0.0068558
0.0070774
-0.0004441
-0.0000765
-0.0098299
0.0049503
0.0013624
-0.0208123
0.0066591
0.0111969
0.0067348
-0.0131476
0.0166452
-0.0116763
-0.0096970
0.0094617
-0.0306154
-0.0509945
-0.0597995
0.1066764
0.1450823
0.0606816
-0.0786254
-0.0665997
0.0257290
0.0098711
0.0032539
-0.0059272
0.0081105
0.0048141
0.0010020
-0.0019922
-0.0040304
0.0036710
0.0014025
-0.0047850
0.0062871
-0.0003287
0.0044809
-0.0069476
0.0021885
-0.0015126
0.0079792
0.0052160
0.0005662
-0.0168656
0.0100242
-0.0117319
0.0037785
-0.0061481
-0.0007567
0.0153291
-0.0074261
0.0134923
-0.0023314
0.0110003
0.0034501
0.0113278
0.1456548
-0.0071413
0.0057699
-0.0022727
-0.0112014
0.0072003
-0.0122993
0.0060960
0.0001804
0.0035925
-0.0094464
-0.0007284
-0.0040359
0.0106111
0.0135055
-0.0236591
0.0073792
-0.0068567
-0.0015696
