-0.0012754
0.0063074
-0.0060054
0.0059008
0.0286556
0.0254174
-0.0515031
0.0888457
0.0851043
-0.0131406
-0.0142227
-0.0026794
0.0106856
0.0140642
0.0050574
0.0196786
-0.0063615
0.0057326
-0.0146247
0.0027618
-0.0099176
-0.0002637
0.0167588
0.0063626
-0.0025195
-0.0076624
0.0093300
-0.0084478
-0.0038212
0.0111655
-0.0066986
0.0044151
0.0092661
0.0019495
0.0033778
0.0119290
-0.0074511
0.0060947
-0.0141921
0.0044894
0.0064438
0.0034345
-0.0073329
0.0089577
-0.0012071
0.0348254
0.0886908
-0.0281119
-0.0306709
-0.0159638
-0.0032409
0.0036099
0.0039691
0.0230006
-0.0092837
-0.0086083
-0.0053848
0.0013554
0.0037073
0.0023402
0.0028134
0.0051981
0.0121131
0.0110507
0.0145396
-0.0020252
0.0114752
0.0077788
-0.0063773
0.0090324
0.0013665
0.0002999
-0.0055438
0.0044796
0.0234656
0.0329061
-0.0978465
-0.0930756
-0.0022238
0.0695050
0.1054971
0.0330980
-0.0235586
-0.0013119
0.0054444
0.0063972
0.0024099
-0.0141788
-0.0017354
0.0016983
-0.0031220
-0.0011598
-0.0081431
0.0064300
-0.0018867
-0.0083784
0.0075405
0.0020014
0.0088824
-0.0031436
0.0047127
-0.0164929
0.0025231
0.0183588
0.0162509
0.0109700
0.0011121
-0.0133600
0.0065559
0.0096809
-0.0033579
-0.0057065
-0.0052720
0.0085818
0.0286841
-0.0701458
0.0857109
-0.0370760
-0.0242682
-0.0116760
0.0067130
-0.0094075
-0.0011155
-0.0150523
-0.0105851
0.0058456
-0.0067593
-0.0059905
-0.0193474
0.0109062
0.0022823
-0.0100870
-0.0057595
0.0071813
0.0120263
-0.0058949
-0.0029834
-0.0002251
-0.0023906
-0.0022885
-0.0006916
-0.0015137
0.0096400
-0.0060038
0.0053247
0.0202810
-0.0007925
-0.0899240
-0.0118948
0.0793696
0.0366535
-0.0168094
-0.0253095
-0.0111024
-0.0033670
0.0166417
0.0061380
-0.0187465
-0.0020102
0.0158081
-0.0141598
-0.0090583
-0.0070735
-0.0080147
0.0113044
-0.0104718
-0.0050754
0.0001154
0.0105298
0.0073808
0.0040083
0.0013982
0.0105748
-0.0124365
0.0023260
-0.0001325
0.0022034
0.0134529
0.0024936
-0.0191499
0.0023736
0.0103771
0.0156371
-0.0644785
-0.0792773
0.1020214
0.0531647
0.0054639
-0.0377907
-0.0381871
0.0163339
0.0067324
0.0150468
-0.0021023
0.0041050
-0.0089415
-0.0025845
0.0105689
0.0184997
0.0046307
