-0.0476875
-0.0505737
-0.0234532
-0.0210369
0.0163033
0.0529675
0.0491356
-0.0531073
0.0340837
-0.0516037
-0.0128546
-0.0161870
-0.0046075
0.0423212
0.0170696
-0.0402740
0.0220791
-0.0314853
0.0245608
0.0048480
0.0864667
0.0351825
0.0484079
-0.0027399
0.0089252
-0.1193336
0.1453046
0.4022364
0.2674999
-0.0544986
-0.3573062
-0.5299812
0.1970933
0.1239600
0.0657577
-0.0635946
0.0172159
0.0225137
0.0132919
0.0253571
0.0257219
-0.0620522
-0.0194171
0.0220393
-0.0639932
-0.0284020
0.0269645
0.0025833
-0.0377655
-0.0178318
0.0020779
0.0552729
0.0161245
0.0131056
-0.0299041
0.0586434
-0.0442961
-0.0005278
-0.0046940
0.1019311
0.0684273
-0.0044281
0.0501200
-0.0864745
0.0205979
0.3514548
-0.0203464
-0.5061307
0.1673230
0.1080655
0.0262600
-0.0532801
-0.1311347
-0.0399163
-0.0210307
0.0171547
0.0768195
0.0763991
-0.0165750
0.0581067
0.0194610
0.0036461
-0.0171183
-0.0137577
0.0176037
0.0085377
-0.0443662
-0.0118014
0.0446611
-0.0248719
0.0308886
0.0148268
-0.0545762
-0.0141650
0.0125396
0.0513599
0.0578577
0.0247047
0.0176490
0.0224368
-0.0696953
-0.0580782
0.0121702
0.0587186
0.0609004
0.0479152
0.0327878
-0.0182965
-0.0766287
-0.1257125
0.0039370
0.1290292
0.0138001
-0.5152733
-0.2359293
0.1468400
0.0974730
-0.1074737
-0.1082791
-0.0119734
0.0810808
0.0640553
0.0177899
-0.0022894
0.0277653
0.0051998
0.0073236
-0.0506370
0.0088744
-0.0369255
-0.0212433
0.0288760
0.0294841
0.0077206
0.0176364
-0.0316413
-0.0345667
-0.0286345
0.0019102
-0.0222781
-0.0523356
-0.0274123
-0.0126219
0.0412654
-0.0002196
0.0764658
0.0106106
-0.0348849
-0.1090323
-0.0723928
-0.0421110
0.1626525
0.3916463
0.0513317
-0.2355182
0.0769861
-0.0128963
-0.0989402
-0.1040246
-0.0121319
0.0574400
0.0516738
-0.0529690
0.0321455
0.0410827
-0.0076436
-0.0238597
-0.0226270
-0.0259498
-0.0174561
0.0255788
-0.0083198
-0.0227508
-0.0255293
0.0499330
0.0611978
-0.0445991
-0.0554753
-0.0079035
-0.0168291
0.0148903
0.0519730
0.0451505
0.0220307
0.0285584
-0.0497936
0.0033612
0.0370473
-0.0279074
0.0527144
0.0630047
0.0250886
-0.1502051
-0.1361388
-0.1031680
0.2810272
-0.0122655
-0.3618645
-0.1586429
0.0505061
