0.0425523
-0.0014698
0.0389042
-0.0085460
-0.0389002
-0.0206803
-0.0343353
0.0102865
-0.0270694
0.0350404
0.0597274
0.0010678
-0.0472395
-0.0555459
-0.0435066
0.0222189
-0.0617088
-0.0269129
0.0162558
0.0610273
0.0072775
0.0147376
-0.0508974
-0.0102582
0.0039190
-0.0475594
0.4481027
-0.0430455
-0.3200646
-0.4595934
-0.4424131
-0.2140928
0.1965435
-0.0576417
-0.0661482
0.0421819
0.0810924
0.0242482
-0.0028949
-0.0097040
-0.0155279
-0.0085134
-0.0355715
-0.0291445
-0.0398351
-0.0072833
0.0274698
0.0209949
-0.0289718
-0.0480852
0.0162752
0.0012771
0.0446491
-0.0579735
-0.0327104
-0.0053826
-0.0794935
-0.0689382
0.1128605
0.0879980
-0.0384606
-0.0977588
-0.0285556
0.2232509
0.4499000
-0.5321836
-0.4646680
0.1999242
0.0630328
-0.0674391
-0.0957048
-0.0063877
-0.0086325
0.0299912
0.0420423
0.0361835
0.0470730
-0.0337667
0.0033454
-0.0213835
-0.0704079
0.0042679
0.0480989
0.0490378
-0.0091488
0.0449285
0.0186333
-0.0326603
0.0219698
-0.0493038
-0.0476971
0.0189612
-0.0183887
0.0416714
0.0201428
-0.0011458
0.0233621
-0.0095074
-0.0116104
-0.0044054
0.0433519
0.0107552
0.0469979
0.0869023
0.0653913
-0.0437390
-0.0904068
-0.0550226
-0.0070107
-0.0274513
0.2869601
0.1239210
-0.3017854
0.0648430
0.1500705
0.1018232
-0.0760631
-0.0732590
0.0064167
0.0409799
0.0321518
0.0023606
0.0220294
-0.0488474
0.0032731
0.0004616
-0.0447787
-0.0131552
-0.0320426
0.0394279
-0.0469136
0.0309278
0.0254421
-0.0084587
0.0506279
-0.0093080
-0.0086677
-0.0739176
-0.1032379
-0.0694609
0.0221319
-0.0105504
0.0465376
0.0558672
0.0249314
-0.0724777
-0.0757524
-0.0498211
0.1240252
0.3828123
0.2094956
-0.3567302
-0.2889055
0.0494653
0.1678868
0.0856255
-0.1172735
0.0410888
-0.0256559
-0.0036235
0.0238782
-0.0529229
-0.0007708
-0.0242175
-0.0325384
0.0155130
0.0180192
0.0290141
0.0540304
0.0264838
-0.0331459
-0.0272594
0.0477339
-0.0324448
0.0170211
0.0281289
-0.0210362
0.0264960
-0.0242268
-0.0380257
-0.0381963
-0.0459213
-0.0323091
0.0226097
-0.0351779
0.0098775
0.0653736
0.0547851
0.0240348
-0.0199977
-0.1179993
-0.1100670
0.4110616
0.4340545
0.1758862
0.1173336
0.2223013
0.1673046
0.0743664
0.0685550
