0.0073258
0.0790351
0.0256957
0.0435263
-0.0988196
-0.0901095
0.0179783
0.3464702
0.4044018
0.0746773
0.0360600
0.2479596
0.2124749
0.1201391
0.0343897
-0.0732946
-0.0754454
-0.0881887
-0.0046917
0.0653730
0.0908807
-0.0039579
0.0206548
0.0859786
0.0311921
-0.0661911
0.0414560
0.0617106
-0.0242114
0.0186004
0.0514128
-0.0477010
0.0074723
0.0303986
-0.0197934
-0.0274030
0.0162263
0.0186463
-0.0135051
-0.0196463
-0.0161147
-0.0074519
-0.0201641
0.0121432
-0.0301112
-0.0638514
0.0862198
0.0746061
-0.0487614
-0.0747063
-0.1060552
-0.1094969
-0.1011719
0.0769744
-0.4668719
0.1413228
-0.1127645
-0.0939874
-0.0286702
0.0398981
-0.0102527
-0.0129957
0.0329633
-0.0036991
0.0402341
-0.0103899
0.0133223
0.0343162
0.0347908
-0.0229979
-0.0198612
0.0532469
-0.0054437
0.0564714
0.0436725
-0.0034531
-0.0035328
0.0062482
-0.0482598
0.0403223
-0.0321531
-0.0218583
0.0556660
0.0136616
-0.0497721
0.0239227
0.0814278
0.0860337
-0.0150707
-0.0897891
-0.0770552
0.3982456
-0.3722225
-0.5740382
-0.2111755
0.1894310
0.1842073
0.0985016
0.1081329
0.0373696
-0.0702429
0.0132954
0.0201197
0.0911442
0.0640277
0.0719154
0.0491313
0.0106829
-0.0570067
0.0103232
0.0329740
-0.0314837
-0.0148783
0.0382350
0.0304182
-0.0311539
-0.0280678
0.0453850
-0.0407070
-0.0082989
0.0339554
-0.0441009
0.0397010
0.0589829
-0.0441650
-0.0541701
0.0110744
0.0460077
0.0032024
0.0315635
0.0597551
0.4742549
0.2935314
-0.3252130
-0.5411539
-0.3854110
-0.1639430
0.0278693
-0.0593265
-0.0576478
-0.0809805
-0.0671605
-0.0000601
0.0770826
0.0184518
-0.0051506
0.0126034
-0.0271539
0.0025772
0.0146473
-0.0311785
0.0522604
-0.0033235
0.0001539
-0.0111700
0.0192324
0.0529391
0.0236277
-0.0271199
-0.0147063
0.0471876
-0.0048870
0.0199087
0.0213671
-0.0598158
0.0144756
0.0068035
0.0717009
0.0337574
-0.0334860
-0.0549417
-0.0745458
-0.1040442
-0.1056880
-0.0247583
0.0748546
0.0896274
-0.4725359
-0.3051975
0.2107979
0.1342007
0.1206065
-0.0253813
-0.0602336
-0.0468661
-0.0299522
-0.0024388
-0.0163799
0.0412025
0.0736185
-0.0080872
0.0219474
-0.0581188
0.0087358
-0.0102590
0.0192611
0.0432740
-0.0095642
0.0467877
-0.0387676
