0.0110725
-0.0353730
-0.0717527
0.0101704
-0.0118055
0.0193486
0.0409148
-0.0420198
0.0059460
-0.0144664
0.0223586
0.0257347
0.0175465
0.0443477
-0.0478646
-0.0851372
-0.0978752
-0.0739989
0.1528154
0.3575935
0.3123436
0.1294202
-0.4086915
-0.3720515
-0.0037974
0.1566820
-0.0889067
-0.0428830
-0.0388994
-0.0224799
-0.0009154
0.0284211
0.0135830
0.0627301
-0.0361314
-0.0342068
0.0415215
-0.0255107
0.0366725
-0.0419869
0.0321244
0.0062428
-0.0312940
-0.0351359
0.0362856
-0.0605958
0.0395266
-0.0148464
0.0154271
0.0321256
-0.0118085
-0.0489460
-0.0222623
0.0413306
-0.0019112
-0.0912500
0.2785600
0.2952294
-0.4401429
0.0923429
0.1555847
0.2228354
0.1984096
-0.0823698
-0.0578881
0.0540512
0.0340103
0.0548938
0.0157037
-0.0124827
-0.0568780
-0.0387670
0.0589574
-0.0360734
-0.0316789
0.0089101
0.0550958
-0.0001403
0.0500811
0.0182081
0.0481037
0.0272661
-0.0492945
0.0683227
-0.0300406
-0.0536995
0.0403488
-0.0671289
-0.0565570
0.0140757
0.0180154
-0.0323629
-0.1258172
-0.1537411
-0.1299990
0.0639198
0.2544649
0.2165175
-0.1213739
-0.4028530
-0.2931140
0.1810022
0.2164148
0.0930370
-0.0396396
-0.0748877
-0.1177871
-0.0088494
-0.0291328
0.0884551
-0.0122420
-0.0144043
0.0113183
-0.0166894
-0.0198093
-0.0242535
-0.0304321
-0.0161545
-0.0277668
0.0261164
-0.0320428
-0.0860583
0.0708649
-0.0350879
-0.0498970
-0.0489867
0.0030511
0.0159079
-0.0547881
0.0207989
0.0509773
-0.0608013
-0.0223643
0.2146477
0.3688963
0.3493080
0.3129945
0.1391657
0.1931329
0.1467097
0.0754394
0.0124505
-0.0632396
-0.0981691
-0.0368589
0.0256777
0.0685783
0.0628922
-0.0128497
-0.0766552
-0.0336781
-0.0151726
-0.0402103
-0.0082493
0.0173251
0.0055364
-0.0068770
-0.0027511
0.0375978
0.0253422
-0.0334784
-0.0595727
-0.0333113
-0.0257947
0.0011230
0.0275166
0.0615149
-0.0145159
-0.0460675
0.0091750
-0.1265398
-0.1130445
-0.1027767
0.0308957
0.3361253
0.4202107
-0.5200225
-0.2961315
0.0769758
0.1879027
0.0776405
-0.0117755
-0.0680317
-0.1061032
-0.0474681
0.0157492
0.0193803
0.0635015
0.0397027
0.0623952
0.0014345
-0.0072249
-0.0509873
-0.0440088
-0.0138221
-0.0106439
0.0364312
0.0318392
-0.0120543
-0.0021155
