-0.0227956
0.0286484
0.0617710
0.0482368
-0.0089274
0.0256048
0.0119783
0.0258712
0.0455147
0.0237010
-0.0084732
-0.0026334
-0.0886284
-0.1385055
-0.1615230
-0.0838043
0.1293734
0.3285105
0.1675870
-0.4817523
-0.5291844
-0.3124662
0.0736858
0.1684356
0.2391283
-0.0783563
-0.0659290
-0.0127340
-0.0251080
0.0209218
0.0173212
0.0062266
-0.0383519
-0.0549625
-0.0083258
0.0036103
0.0446186
0.0213734
-0.0402324
-0.0498308
-0.0254247
-0.0054159
-0.0330204
-0.0245296
-0.0225023
-0.0395567
-0.0255625
0.0390586
-0.0093427
-0.0027420
0.0542834
-0.0340354
-0.0584561
0.0072177
0.0353538
-0.0504820
-0.0607155
0.2209805
-0.0677375
-0.3616110
0.0446412
0.1550264
0.2051762
-0.1104729
-0.0991286
-0.0125982
0.0165077
0.0384514
-0.0118185
-0.0219947
0.0337382
0.0259908
-0.0236342
-0.0214546
0.0067609
-0.0112001
0.0233125
0.0270490
0.0221119
-0.0302124
-0.0215550
0.0238979
-0.0395224
0.0518514
-0.0625316
-0.0220496
-0.0023576
0.0062832
0.0071056
-0.0745058
-0.0161958
0.0408816
0.0945310
0.0936598
-0.0118207
-0.0432639
-0.0220281
-0.1115320
-0.1058377
-0.0566028
0.0917965
-0.0905367
-0.3975541
-0.4067032
-0.1032562
0.1802383
0.2208430
0.0032475
-0.1010470
-0.0250127
-0.0199874
0.0065990
0.0161415
-0.0029843
0.0112278
-0.0006350
-0.0397132
0.0139866
0.0087368
-0.0248446
-0.0044959
-0.0194730
-0.0127929
-0.0287659
-0.0169171
0.0441554
0.0140482
0.0366358
0.0394834
-0.0244234
0.0603012
0.0702498
0.0795309
0.0781936
0.0877208
0.0635602
0.0186354
-0.0430325
-0.0374930
0.0562516
0.4280489
0.4685597
-0.5215918
-0.4049862
0.1778229
0.2284203
0.0865916
-0.0152833
-0.1179044
-0.0541411
-0.0502182
0.0374223
0.0463379
0.0230436
0.0490386
-0.0206101
0.0118309
0.1125942
0.0255128
-0.0641896
0.0718309
-0.0208836
0.0187560
0.0203581
0.0535820
0.0458569
-0.0039301
-0.0626835
-0.0031880
-0.1015392
-0.1040849
-0.0723958
-0.1236719
0.2310025
0.3371787
0.1480921
-0.3587404
0.0307029
0.1548680
0.0839743
0.0137409
-0.0713930
-0.1114253
-0.0888990
-0.0424979
0.0224634
0.0516620
0.0598274
0.0411829
-0.0018203
-0.0797981
-0.0384149
0.0313363
0.0134453
-0.0023506
-0.0361439
-0.0650212
0.0298010
0.0598557
-0.0170482
