0.0421087
0.0022270
0.0503920
-0.0053362
0.0177263
0.0163823
0.0613142
0.0463389
0.0283830
-0.0265433
-0.0266383
-0.0306184
-0.0322763
0.0166482
0.0916999
0.0357350
0.0981362
0.0188612
-0.0097386
-0.0743552
-0.1257105
-0.0769422
-0.0021743
0.0753354
0.4113258
-0.5816522
0.1880824
0.2017507
0.1713935
0.0906108
0.0997758
0.0047535
-0.1118352
0.0398493
0.0473834
0.0076674
0.0190697
-0.0413031
-0.0452643
0.0172275
-0.0107851
0.0416956
0.0271810
-0.0113558
0.0110492
-0.0206193
-0.0203613
0.0284796
0.0215066
0.0419557
-0.0533669
-0.0640494
-0.0392289
0.0654027
0.0247628
-0.0836564
0.0317189
0.0025126
-0.0640487
-0.1394664
-0.0760203
-0.0436175
0.0501413
-0.3841560
-0.0082701
0.1757667
0.1260326
-0.0311854
-0.0390554
-0.0119126
0.0272096
-0.0154913
0.0554926
0.0313629
-0.0386346
-0.0083318
0.0119620
0.0180374
-0.0128928
0.0370966
0.0201561
-0.0189752
0.0524160
-0.0478289
-0.0115795
0.0535131
-0.0134926
0.0429202
-0.0183208
-0.0421991
-0.0085833
0.0031096
0.0548783
0.0433570
-0.0102650
0.0149266
-0.0694819
0.0386123
0.0488149
0.0003452
0.0201582
-0.0212117
-0.0810596
-0.1208031
-0.1384230
-0.0564293
0.2736782
0.3801860
-0.2208811
-0.4707432
0.1111132
0.1401187
0.0817133
-0.0457870
-0.1166689
-0.0372416
-0.0224398
0.0267694
0.0186656
-0.0554825
0.0156532
0.0544003
0.0000593
0.0519975
-0.0178288
0.0027453
0.0128527
-0.0205857
0.0642583
0.0141449
-0.0498229
0.0203551
0.0553609
0.0069153
-0.0014491
-0.0528557
-0.0551660
-0.0096169
0.0288060
0.0389894
0.0274860
0.0393262
-0.0335912
-0.1283687
-0.0734744
0.2227978
0.3883251
-0.1437501
-0.5598168
0.1023841
0.1744327
0.1870123
0.1493460
0.0032100
-0.0354746
-0.1020603
0.0941524
0.0030173
0.0436980
-0.0094269
-0.0265730
0.0175212
0.0313922
-0.0538993
0.0232929
-0.0149266
-0.0323721
0.0035078
-0.0315166
-0.0101429
0.0161248
-0.0073330
-0.0554238
-0.0011789
0.0320346
-0.0020419
0.0420575
0.0213873
-0.0466627
-0.0317725
0.0245964
-0.0197180
0.0644694
0.0713828
0.0971408
0.0319731
-0.1159954
-0.1472011
-0.1261562
-0.1661969
0.3280665
0.0636573
-0.2563473
-0.0516251
0.1079564
-0.0178911
0.0052537
-0.0678974
-0.0964742
-0.0414348
