0.0029391
-0.0284836
-0.0111511
0.0454176
0.0244365
-0.0191374
0.0266421
-0.0223374
-0.0386962
-0.0075399
-0.0028934
0.0279249
0.0689297
0.0350732
-0.0516227
-0.1250956
-0.1379363
-0.1459056
0.0962115
0.4156658
0.3558770
0.1770360
-0.3742439
-0.5195903
-0.0838517
0.1760634
-0.0629122
-0.0540214
-0.1341336
-0.0351471
-0.0721774
-0.0217184
0.0678764
-0.0024167
-0.0366382
-0.0013482
0.0234065
0.0028383
0.0102302
0.0589359
0.0595936
-0.0172823
-0.0337750
-0.0695651
-0.0273828
0.1096890
-0.0316389
0.0322280
0.0061215
-0.0524231
-0.0176923
-0.0072292
0.0808443
0.0728025
-0.1368741
-0.1054977
-0.3854398
-0.4186427
0.2158728
0.0981417
0.0308483
-0.0211612
-0.0577867
0.0699136
0.0556680
0.0094712
-0.0135501
-0.0290960
-0.0352058
0.0430215
0.0380671
0.0113390
-0.0375808
-0.0338248
0.0104117
0.0157862
-0.0711311
0.0384672
0.0889658
0.0174009
0.0751718
0.0006779
0.0181131
-0.0426805
0.0288118
0.0279912
0.0146033
0.0916822
0.0174216
-0.0704241
-0.1035493
0.0960911
0.1604026
-0.1895838
-0.4410924
-0.0631532
0.0385584
0.1754150
0.1886563
0.1563129
-0.0646459
-0.1046185
-0.0031059
0.0293890
0.0238155
-0.0153401
0.0655370
0.0333222
-0.0676043
0.0226358
0.0001638
-0.0006863
0.0284986
0.0178099
-0.0068965
-0.0130720
-0.0363138
-0.0398529
-0.0342370
0.0077940
-0.0453645
-0.0095834
-0.0337761
0.0163694
0.0039883
-0.0491002
-0.0600678
-0.0164583
-0.0008745
-0.0384315
-0.0187899
-0.0760766
-0.0428627
-0.0194301
0.1505574
0.2589186
0.4014246
0.1395792
0.1757511
0.1698112
0.1300256
0.1090691
-0.0933381
-0.1125411
-0.0693468
0.0764796
0.0306811
0.0801044
0.0659737
-0.0481837
-0.0147622
0.0304293
-0.0403738
0.0304543
0.0560478
-0.0061315
0.0406169
-0.0124582
-0.0125238
-0.0291925
0.0367559
0.0008670
-0.0150563
0.0152857
0.0403116
0.0010750
0.0079932
-0.0274311
-0.0597053
-0.0624970
0.0118034
0.0117652
0.0633106
0.0458481
0.0171713
-0.0322100
-0.1114804
-0.0967521
-0.0838378
0.3348353
0.3874978
0.0595108
-0.5008586
-0.3488901
-0.0791704
0.1869567
0.1068897
0.1339511
0.0383633
-0.0743963
-0.0524721
-0.0351215
0.0346203
-0.0023105
-0.0200038
-0.0435361
-0.0210146
0.0326207
-0.0156808
0.0031038
