0.0623903
-0.0058571
0.0163264
-0.1341034
-0.0421850
0.1821950
-0.0630834
-0.5496519
-0.3510011
0.0902226
0.1454975
-0.0166918
-0.0646584
-0.0741619
-0.1019853
-0.0927189
-0.0012854
0.0780812
-0.0023209
-0.0212874
0.0108812
0.0079152
0.0420020
0.0103795
-0.0635834
-0.0162562
0.0071578
-0.0422670
-0.0111699
-0.0418239
-0.0531439
0.0062462
-0.0201152
0.0009152
0.0418426
0.0214662
0.0207703
-0.0014781
-0.0106720
-0.0043361
-0.0209085
0.0056820
0.0090163
0.0051995
-0.0633771
0.0212163
-0.0027055
-0.0410233
-0.1337345
-0.0875861
-0.0744087
-0.0474122
0.3458227
-0.2202744
0.1909689
0.0743331
-0.0192310
0.0031399
0.1380329
-0.0209667
0.0052442
-0.0500997
-0.0573667
0.0531822
0.0228527
-0.0068639
-0.0187516
-0.0077146
-0.0385742
0.0223117
0.0490739
0.0145782
-0.0601039
-0.0281146
-0.0396160
0.0120217
0.0581449
0.0167260
0.0250232
-0.0218250
0.0462379
-0.0232539
-0.0165733
0.0085443
0.0943089
0.0494739
0.0350211
-0.0787953
-0.0829997
0.3658427
0.1313856
-0.4404614
0.1430306
0.1894019
0.1776163
0.0186900
-0.0486028
-0.0861061
-0.1003193
0.0094510
0.0343648
0.0381270
-0.0068845
-0.0153982
0.0444237
-0.0193303
0.0164055
-0.0080804
0.0178965
-0.0125399
0.0397444
0.0526147
-0.0478718
-0.0132067
0.0061854
-0.0147413
-0.0215828
-0.0532029
-0.0310003
-0.0359526
0.0499514
0.0008827
-0.0733976
0.0143362
-0.0149788
0.0626934
0.0399554
0.0194077
-0.0405885
-0.1303067
-0.1582353
-0.3335960
-0.0707430
0.1675682
0.1879401
0.1722719
0.1424691
-0.0895183
-0.0119074
0.0448582
0.0384450
0.0709041
0.0164956
0.0016781
0.0274317
-0.0319143
-0.0087976
-0.0424219
0.0027697
-0.0235757
0.0275237
-0.0176243
0.0029669
-0.0370481
-0.0548660
0.0587456
0.0278672
-0.0394194
-0.0609017
0.0311653
0.0071592
-0.0033081
-0.0109434
0.0115623
0.0734597
0.0195370
-0.0553939
-0.1169207
-0.0948627
-0.0957072
-0.0068690
0.1039461
0.3383436
0.1109547
-0.5413954
-0.5586117
0.2706818
0.2429868
0.0779617
-0.0845472
-0.1352816
-0.1265971
-0.0385716
0.0606519
-0.0047835
0.0066869
0.0332380
-0.0469106
-0.0297343
-0.0720750
0.0301035
0.0164884
0.0129992
-0.0403282
-0.0003005
-0.0143671
-0.0297938
0.0094845
0.0209114
-0.0285938
