0.2015236
0.0381047
0.0085402
-0.0291419
-0.0099474
-0.0330861
-0.0190192
-0.0014714
0.0077698
0.0212280
-0.0196422
0.0705232
-0.0111683
0.0140947
-0.0186906
0.0454917
0.0075499
-0.0614268
-0.0316853
-0.0230229
0.0238268
-0.0296698
-0.0263367
0.0426169
0.0128893
-0.0475268
0.0184852
-0.0199607
-0.0336610
0.0095143
-0.0016608
-0.0425113
-0.0252584
0.0473198
0.0036449
0.0118745
0.0160998
0.0419726
-0.0269449
0.1345489
-0.2335066
-0.4456403
-0.0583241
0.1944599
0.2094551
0.1846107
0.0633680
-0.0227038
-0.0376608
0.0094469
-0.0043291
-0.0127100
0.0008278
-0.0198978
0.0112391
-0.0455319
-0.0049955
-0.0083939
0.0027637
-0.0046899
0.0230678
0.0412599
0.0631428
-0.0335288
-0.0426754
-0.0107472
-0.0006689
-0.0134154
0.0310728
-0.0555648
-0.0096286
-0.0537591
0.0212800
0.0406257
-0.0235982
-0.0219086
-0.0050634
-0.0583001
-0.0261040
-0.0316029
0.0477181
0.0914564
0.0598377
-0.0154770
-0.0016417
0.0236607
0.0324341
0.0464601
-0.0155032
0.0355771
-0.0252206
0.0006294
0.0161565
0.0334098
0.0025035
0.0166149
-0.0235005
-0.0036132
-0.0471926
-0.0286997
