0.3242017
-0.0112175
-0.0097958
-0.0598361
0.0009622
0.0066549
-0.0077276
-0.0139916
-0.0353733
-0.0120316
-0.0047065
-0.0179096
0.0038984
-0.0042198
-0.0165506
0.0159082
0.0256692
0.0002302
-0.0228279
0.0026933
-0.0182030
0.0226296
-0.0030913
-0.0041720
0.0285919
-0.0304105
0.0175238
0.0153575
-0.0015462
-0.0067948
-0.0110068
-0.0104014
-0.0456229
0.0428203
0.0514827
0.0819261
-0.0991118
-0.0806888
0.0169632
0.0067477
-0.0337162
-0.0544810
-0.0153251
-0.0402022
0.0077520
-0.0019152
0.0164275
0.0209666
-0.0204588
-0.0140116
-0.0185003
-0.0168209
0.0036652
-0.0148978
0.0108816
0.0140781
0.0032686
-0.0000205
-0.0210854
-0.0139132
0.0202242
-0.0302375
-0.0133103
0.0084735
0.0182871
-0.0018404
-0.0117575
-0.0542172
0.0038028
-0.0976570
-0.0168042
0.2983162
0.0826003
-0.1136954
-0.0767437
-0.0730137
0.0389935
0.0489004
0.0075874
-0.0424504
-0.0430796
0.0165275
-0.0067635
0.0000974
-0.0053965
-0.0261252
-0.0127700
-0.0096898
-0.0100367
-0.0215468
-0.0294639
0.0074828
0.0034131
-0.0148155
-0.0151722
-0.0204508
-0.0127496
0.0119093
-0.0051477
0.0079907
