-0.0048100
0.0155187
-0.0127383
0.0125985
0.0089810
0.0024037
0.0116280
0.0146629
0.0143069
0.0005121
-0.0194671
-0.0113356
-0.0139105
0.0013670
0.0156157
0.0115793
0.0125130
0.0177389
-0.0263320
-0.0436143
-0.0290103
-0.0607346
-0.0158798
0.0271220
0.1048502
-0.1244599
0.0215029
0.0922190
0.0770324
0.0470037
0.0479046
0.0185119
-0.0220432
-0.0111859
0.0078569
-0.0039800
0.0078159
-0.0077452
-0.0006065
0.0041721
0.0200088
0.0155040
0.0210701
0.0148668
0.0002719
0.0131364
-0.0171237
0.0118347
-0.0018368
-0.0081610
-0.0014630
-0.0140833
0.0008581
-0.0052389
0.0016138
-0.0112481
-0.0137881
-0.0042376
-0.0096306
-0.0060571
0.0051080
0.0274811
0.0406988
-0.0434212
-0.0277468
0.1073577
0.1269304
-0.1368445
0.0440453
0.0685354
0.0297388
-0.0380387
-0.0346295
-0.0107549
-0.0123968
-0.0155935
0.0245564
0.0047192
0.0241015
0.0070038
0.0189150
0.0182297
-0.0154450
0.0140497
-0.0023796
0.0076102
0.0158562
0.0039226
0.0097894
-0.0045315
-0.0090473
0.0142949
-0.0144852
-0.0144502
0.0051603
-0.0106334
-0.0117026
0.0039859
0.0129196
0.0056954
-0.0216999
0.0116350
-0.0024826
-0.0039142
0.0164995
-0.0115091
0.0021664
-0.0102942
0.0076467
0.0189820
0.0243715
0.0069759
-0.0135641
-0.0392445
-0.0600379
-0.0350131
0.1257408
-0.1675886
-0.1604730
0.0875302
0.0698366
-0.0385132
-0.0273260
0.0089764
0.0209595
-0.0033915
-0.0153450
0.0025115
0.0108090
-0.0204350
-0.0012629
0.0001586
-0.0030199
-0.0074318
0.0000741
-0.0140863
0.0009570
0.0051362
0.0147048
0.0116880
-0.0106720
0.0099320
-0.0068118
-0.0038806
-0.0203304
0.0079670
-0.0009610
-0.0018385
0.0183611
-0.0076258
0.0072604
0.0063444
-0.0241994
-0.0002617
0.0054363
0.0313195
-0.0153203
-0.0361626
-0.0639490
0.1275924
-0.1708282
-0.1144696
0.0909536
-0.0341574
-0.0370354
-0.0070854
0.0054416
0.0197450
0.0232171
0.0185484
-0.0101180
-0.0101294
-0.0144518
-0.0227779
0.0063777
0.0022579
-0.0119327
0.0063108
0.0031487
0.0119258
0.0037423
-0.0222325
-0.0039804
-0.0018655
-0.0089081
0.0130706
-0.0137206
-0.0058116
-0.0137016
-0.0132719
-0.0075828
0.0070374
-0.0121740
-0.0105232
-0.0151881
-0.0073742
0.0171939
0.0067505
-0.0050310
-0.0032861
