0.1026870
-0.0352133
-0.0254977
0.0168928
-0.0013294
0.0137423
0.0227497
0.0036203
0.0175258
0.0172219
0.0030374
0.0037746
0.0005532
-0.0202039
-0.0070242
0.0014741
-0.0090522
0.0003669
0.0149265
-0.0098817
0.0177520
-0.0036290
-0.0034202
0.0175698
-0.0078875
0.0011053
-0.0087235
0.0121651
0.0089726
0.0054667
0.0119705
0.0114420
-0.0124929
-0.0007313
0.0071978
-0.0213594
0.0112599
0.0098024
-0.0264838
-0.0674836
-0.0365600
-0.0117603
0.0359316
0.0525680
0.0874750
0.1095517
0.0832953
-0.0649416
-0.0386546
0.0181872
-0.0190854
0.0015186
-0.0145580
0.0128500
0.0006789
-0.0163566
-0.0086366
-0.0007213
0.0066886
0.0149348
-0.0148596
0.0169803
-0.0003609
-0.0001836
0.0000511
0.0123193
-0.0066965
0.0020258
-0.0000072
-0.0124136
0.0088256
0.0006491
-0.0022290
-0.0041018
0.0070689
0.0103216
0.0059699
0.0153267
-0.0010832
-0.0115517
-0.0209200
0.0603773
0.0485726
0.0166118
0.0075945
-0.0070545
0.0139367
0.0202271
-0.0081569
-0.0297089
-0.0093223
0.0018576
-0.0211213
-0.0003068
-0.0114339
0.0026961
0.0048439
0.0069062
0.0038964
0.0068352
