0.0767292
0.0136211
0.0066422
0.0183053
-0.0085309
-0.0345176
-0.0071745
-0.0036091
0.0055758
-0.0041908
0.0154814
0.0225452
-0.0146880
-0.0082265
-0.0204964
-0.0030788
-0.0117913
-0.0217317
-0.0165580
-0.0001428
0.0160571
-0.0032418
-0.0120685
0.0045857
0.0139083
-0.0132115
0.0171154
-0.0210110
-0.0205114
0.0048453
0.0105717
-0.0006467
-0.0050874
-0.0201643
0.0093502
-0.0066428
-0.0442592
0.0585008
-0.1888371
0.0561263
0.0927441
0.0726860
0.0814719
0.0395326
0.0291422
0.0223515
-0.0043119
-0.0178006
0.0139980
-0.0134244
0.0056681
0.0162957
-0.0103145
0.0016558
-0.0049831
0.0002223
0.0108484
-0.0173199
0.0046444
-0.0036579
0.0038807
-0.0087098
0.0123526
0.0048143
0.0027693
-0.0166131
-0.0108088
-0.0015160
-0.0029094
0.0149255
0.0192823
0.0056155
0.0070439
-0.0164098
-0.0222132
0.0082074
0.0147300
0.0129427
0.0212905
-0.0074218
-0.0487264
0.0475021
0.0031121
0.0086063
-0.0056852
-0.0120651
0.0019558
-0.0072488
-0.0010831
0.0122655
-0.0025042
0.0137095
-0.0007896
0.0005648
-0.0090919
-0.0007127
0.0127006
-0.0043827
-0.0164748
0.0004478
