0.2249519
-0.0018694
0.0326041
0.0172688
-0.0099828
0.0144691
-0.0147719
-0.0099006
-0.0166164
0.0019240
0.0035580
-0.0082699
-0.0267888
0.0072557
-0.0138385
-0.0013766
0.0091476
-0.0147690
0.0183728
-0.0215744
0.0026765
-0.0213074
-0.0018885
-0.0144691
0.0181413
-0.0061157
0.0100095
0.0135355
-0.0123127
0.0114595
0.0107870
0.0067455
-0.0147488
0.0099683
0.0055954
0.0032432
-0.0137052
0.0237547
0.0005573
-0.0231523
0.0016771
-0.0390670
0.0212171
0.1381632
0.1749618
0.0936879
-0.2228604
-0.0953207
0.0399056
0.0091670
0.0051825
-0.0002130
-0.0156731
0.0068352
-0.0161925
-0.0171174
-0.0084538
-0.0046686
0.0041758
-0.0162620
0.0010778
0.0155557
-0.0073454
-0.0256276
-0.0058746
0.0193969
0.0016150
-0.0146116
-0.0030809
-0.0211024
0.0032032
-0.0259834
0.0009720
-0.0117203
-0.0113923
0.0074804
-0.0139145
-0.0118242
0.0280091
-0.0055513
-0.0224125
0.0257192
-0.0273974
-0.0069639
0.0060107
-0.0099669
0.0116182
0.0064258
-0.0047336
0.0155678
-0.0071815
0.0091269
-0.0115337
-0.0192935
-0.0203849
0.0089096
0.0002372
0.0065541
-0.0108238
0.0092219
