0.0272162
-0.0395736
0.0569741
0.0372344
0.0377623
0.0130127
-0.0198538
0.0326945
0.0023598
0.0009028
-0.0250415
0.0075825
-0.0370103
-0.0083000
-0.0246752
-0.0204433
-0.0271809
0.0254022
0.0255724
0.0187550
-0.0069133
0.0023540
0.0575701
0.0142766
-0.0086987
-0.0171669
0.0329035
0.0441034
0.0423054
0.0768371
0.0650472
0.0142283
-0.1024871
-0.0215028
-0.0128112
-0.1299566
-0.1118061
0.0006025
0.0663380
0.0494347
0.0207697
0.0112745
0.0009665
-0.0374074
-0.0558251
-0.0221229
0.0521794
-0.0321663
0.0173389
-0.0049483
-0.0168470
-0.0302619
-0.0038137
0.0195476
-0.0863861
0.0494984
-0.0106534
-0.0707590
0.0690082
-0.0058107
0.0168403
0.0011314
-0.0442854
0.1395681
0.0909754
-0.1760732
-0.1334569
0.0121836
0.0923235
-0.0387455
-0.0138203
0.0225861
-0.0114193
0.0016672
-0.0302881
0.0042655
0.0276072
0.0119622
-0.0343169
-0.0440870
-0.0289024
-0.0130147
-0.0233660
-0.0410292
0.0336990
-0.0219989
-0.0251935
-0.0130659
-0.0039658
0.0303370
0.0209196
0.0107049
0.0569257
-0.0007197
0.0669604
-0.0377952
-0.0401048
-0.0059167
-0.0066916
-0.0320381
-0.0062026
0.0473580
-0.0447462
-0.0783896
-0.1568113
0.0575598
0.0517531
0.0757875
0.0425128
0.0342525
-0.0071614
-0.0007718
0.0228091
0.0356827
0.0061553
-0.0283753
0.0231059
-0.0382107
-0.0295399
0.0148504
0.0068855
0.0032667
0.0403840
-0.0002591
0.0123444
-0.0169253
-0.0257696
-0.0324733
0.0285271
0.0125403
-0.0059975
-0.0002374
0.0968592
0.1543513
0.1226144
-0.0117706
-0.1078146
0.0504739
0.0740987
0.0399581
0.0045434
0.0189990
0.0003440
-0.0532171
0.0381667
0.0590054
-0.0178775
0.0210234
0.0216679
-0.0223623
0.0057176
-0.0308789
-0.0094538
0.0425698
0.0473683
-0.0006902
-0.0239020
-0.0362936
0.0310221
0.0355386
-0.0120241
0.0182896
0.0035458
-0.0278114
-0.0641281
-0.0198758
0.0223673
0.0954475
0.0884820
0.1186976
0.0191153
-0.0664745
-0.1550420
-0.0143303
0.0600020
0.0665437
0.0406872
-0.0184157
-0.0208395
0.0117656
0.0320122
-0.0020997
0.0495080
0.0203348
-0.0076127
-0.0469777
-0.0027163
-0.0232040
-0.0097222
-0.0050068
0.0167499
0.0094244
-0.0183417
0.0208791
-0.0341231
0.0453493
0.0432314
0.0274229
-0.0079995
-0.0161963
