-0.0072164
-0.0335452
-0.0486809
-0.0134729
0.0510959
0.1470321
-0.1236034
-0.1834584
-0.0766328
0.0146830
0.0306202
-0.0262084
-0.0339712
-0.0217188
0.0053573
-0.0301483
0.0313894
0.0364501
0.0504123
0.0416412
-0.0473672
-0.0280750
-0.0149262
0.0311023
-0.0147736
0.0204221
0.0422167
-0.0141219
0.0067470
-0.0427782
0.0105292
0.0037332
0.0060320
0.0288220
-0.0043579
-0.0219070
-0.0052006
0.0447673
0.0264186
0.0043033
0.0164273
-0.0274047
-0.0033546
-0.0806118
-0.0713483
0.0517317
-0.1754745
0.0377877
0.0991721
0.0208556
0.0561874
0.0543131
-0.0201875
-0.0202880
0.0357922
-0.0476233
-0.0192443
0.0134860
0.0396503
-0.0046705
-0.0089482
0.0241364
-0.0145329
-0.0177637
-0.0063662
0.0069365
0.0184978
-0.0340823
0.0121990
0.0553798
-0.0012742
0.0182008
-0.0436870
-0.0313916
-0.0748917
-0.0585300
0.0408607
0.0762577
0.0902062
0.1273929
0.0933496
-0.0783377
-0.1214017
0.0455468
0.0531840
0.0100171
-0.0134737
0.0024249
0.0329311
0.0063966
0.0190959
0.0149442
0.0156564
-0.0297046
0.0123817
-0.0024405
0.0477372
0.0330150
-0.0284520
-0.0382370
-0.0034353
0.0244168
-0.0121751
0.0026627
-0.0155675
-0.0216425
0.0136828
-0.0019567
-0.0119145
0.0231911
-0.0083760
-0.0355939
0.0385610
0.0022246
0.0390186
0.0102064
-0.0087076
0.0086571
0.0196272
0.0120675
-0.0159172
0.0138193
-0.0133320
-0.0243119
0.0195785
-0.0173820
0.0340161
0.0335031
0.0092661
-0.0334621
-0.0147289
0.0674225
0.0056348
-0.0121312
-0.1067198
-0.0841185
-0.1419118
0.2434800
-0.1121531
-0.3177515
-0.2343408
-0.0569969
0.0591149
0.1649620
0.0269795
-0.0821873
-0.0438105
-0.0507365
0.0324768
0.0475880
0.0135877
0.0361334
0.0092768
0.0067387
0.0140029
0.0201036
-0.0038560
0.0088667
0.0210762
-0.0373007
0.0039569
0.0303050
-0.0276256
-0.0045443
0.0305069
-0.0213209
0.0258639
0.0042588
-0.0299917
0.0094326
0.0148374
-0.0228023
0.0099320
0.0033396
0.0397745
-0.0086764
-0.0011157
-0.0116875
-0.0289249
0.0206796
0.0741243
0.0637116
0.0123590
-0.0377598
-0.0406957
-0.1073309
-0.0931410
-0.0724236
0.0380309
0.1382021
-0.2069355
-0.0039014
0.0544212
0.1043332
0.0569006
-0.0908474
-0.1061488
-0.0121539
0.0484536
0.0493552
