0.0132239
0.0068031
-0.0108141
0.0138624
-0.0168126
-0.0321663
-0.0168470
-0.0029304
-0.0185509
-0.0586879
0.0648429
-0.0745136
-0.0414157
0.0064135
-0.0201951
0.0309820
0.0142336
0.0522153
-0.0031625
-0.0356546
-0.0707590
-0.0385512
0.0227897
0.0690082
0.0787255
-0.0442854
-0.0499815
0.0416698
0.0409123
0.1395681
0.1026198
0.0909754
-0.1334569
0.0121836
0.0847814
-0.0282140
-0.0655567
-0.0153211
-0.0302881
0.0057668
0.0042655
0.0684789
0.0276072
0.0119622
-0.0343169
-0.0245480
0.0321649
-0.0185652
-0.0248305
-0.0251935
0.0003674
-0.0052200
-0.0283969
0.0322307
0.0242494
-0.0342626
-0.0401048
-0.0292305
-0.0195071
0.0992794
0.1257123
0.0473580
-0.0447462
0.0517531
0.0757875
-0.0192509
-0.0178228
-0.0007718
0.0228091
0.0230416
0.0354654
0.0204161
-0.0236879
0.0231059
-0.0073803
0.0387736
0.0151095
0.0318494
-0.0266242
0.0148504
0.0422448
-0.0212833
-0.0296543
-0.0072989
0.0196368
0.0123444
-0.0185762
0.0042104
-0.0324733
0.0533432
-0.0107273
-0.0355513
-0.0327814
-0.0042576
-0.0002374
0.1126943
0.1543513
-0.1078146
-0.1164424
-0.2025980
-0.0660025
0.0740987
0.0399581
0.0045434
0.0189990
0.0003440
-0.0532171
-0.0173280
0.0458662
0.0587541
0.0010650
0.0210234
-0.0006960
0.0057176
-0.0308789
-0.0094538
0.0496457
-0.0265249
-0.0305736
-0.0239020
-0.0362936
0.0024109
0.0148650
0.0139931
0.0182896
-0.0007983
0.0325471
-0.0096152
-0.0414504
-0.0641281
-0.0914033
-0.2100377
-0.1542007
0.0239347
0.0600020
0.0665437
0.0374312
-0.0125447
-0.0079765
0.0117656
0.0320122
-0.0020997
-0.0057282
-0.0076127
-0.0469777
-0.0232040
-0.0050068
0.0289182
-0.0341939
0.0352988
0.0094244
0.0399224
-0.0183417
-0.0341231
-0.0011296
0.0453493
-0.0161963
-0.0095247
-0.0383380
-0.0076848
0.0095088
-0.0329379
-0.0730053
0.0483878
-0.0493371
-0.1121566
0.0521231
0.1012117
0.0698683
0.0216506
0.0348599
0.0280247
0.0002130
-0.0541797
-0.0381257
-0.0253889
-0.0046489
0.0497126
-0.0435124
-0.0258625
-0.0224342
0.0049615
-0.0239042
0.0131811
-0.0093874
0.0163308
-0.0142584
0.0273102
0.0328291
0.0134579
-0.0200124
-0.0256540
0.0211384
0.0363556
0.0248144
-0.0209927
0.0187565
0.0157663
0.0214437
0.0153882
