0.4460461
-0.1448303
-0.2123633
-0.0745884
0.1117966
0.0553382
-0.0324449
0.0425244
-0.1345159
-0.0294075
0.0363367
0.1018085
-0.0335275
-0.0013559
-0.0249603
-0.0087794
0.0215947
-0.0188187
-0.0009421
-0.0319721
-0.0495644
-0.0455617
0.1254202
0.0289167
-0.0540489
-0.0547866
0.0628125
0.1001012
0.0510434
0.0306983
0.1138757
0.1284533
-0.1321500
-0.1116031
0.0422711
-0.2934195
-0.2223965
0.0578388
0.0820946
0.0998787
0.0361601
0.0711172
0.0381483
-0.0258923
-0.1163322
0.0510942
0.0266852
0.0214939
0.0227327
-0.0166161
-0.0626530
0.0189571
0.0326158
-0.0168980
-0.0769179
-0.0802225
0.0055506
-0.1040960
-0.1982863
0.5397579
0.3051011
0.0110300
-0.2558962
0.0420216
0.1433943
0.0622002
-0.0132801
-0.0023557
0.0224138
0.0778430
0.0206742
0.0887258
-0.0915883
-0.0369616
-0.0219154
-0.0240923
-0.0699927
-0.0694878
0.0236131
-0.0251448
0.1025032
-0.0152241
-0.0759868
-0.0274319
-0.0788781
0.0520736
0.0229969
0.0621699
-0.1745946
0.2658561
0.2827311
-0.1110826
-0.0551414
-0.0935410
0.0096520
0.0189851
0.1475800
0.0098162
0.0579563
0.0174841
-0.0719613
0.0439254
-0.0576186
-0.0378417
0.0589734
-0.0454974
0.0129082
-0.1042302
-0.0272592
-0.0367671
0.0735153
0.0785521
-0.0221180
0.0043405
0.0025063
-0.0365980
-0.0367440
0.0688863
0.0727377
-0.2304716
-0.3019251
0.4386341
-0.3078737
-0.1089542
-0.0678652
0.0409741
0.0371608
-0.0680830
-0.1236259
-0.0586019
-0.0863343
-0.1837523
-0.3517670
-0.0633336
0.3761807
0.7393885
0.6830875
-0.1009186
0.0120030
0.0469967
-0.0447024
-0.0497513
-0.0962779
0.0147244
0.0768145
0.0249904
0.0717641
-0.0782410
-0.1119828
0.1437268
0.1616538
0.3271267
-0.1373306
-0.1918458
-0.2219253
0.0452991
0.0560549
-0.0823503
-0.1881246
0.0488620
-0.4548120
-0.0751069
-0.1277056
-0.0385032
0.0254681
0.0319448
-0.0341457
0.0271733
-0.0786250
0.0239389
-0.0261550
-0.0631218
-0.0118955
0.0696508
0.0510173
0.0716385
-0.0957977
-0.2105815
-0.3162826
0.6078267
0.3202398
0.0878033
-0.3838843
-0.2669706
-0.2578675
-0.3300702
0.5727782
0.8751786
0.7015222
0.1102090
0.0118747
0.1089496
0.1356613
0.0919413
0.0796808
-0.0701559
-0.0325583
0.0401019
-0.0673509
-0.0759745
