0.0221138
0.0616558
0.0818229
-0.0894987
-0.2138262
0.1781730
0.0724866
-0.1341614
-0.1623659
-0.0027127
0.0122233
0.0321674
0.0062999
-0.0009160
-0.0103482
-0.1000569
-0.0839561
0.0101718
0.0243527
0.0338459
0.0243303
0.0399407
-0.0614568
-0.0618704
0.0114921
0.0567894
-0.0810028
0.0170725
0.0791118
-0.0594894
0.0673853
0.0051335
0.0603229
-0.0327264
-0.0087661
-0.0764219
-0.0098355
-0.0545517
-0.0559890
-0.0157265
-0.0780409
-0.0093761
-0.0913314
0.0126219
0.0385377
0.0889365
-0.1009528
-0.0566574
0.1378446
0.3774398
0.3303181
0.2465111
-0.1537621
-0.0566860
0.0526225
-0.0691070
0.0447494
0.0188330
0.0428429
0.0200385
-0.0410256
-0.0283414
-0.0027358
0.0849547
0.0580257
-0.0804176
-0.0158758
-0.0205749
-0.0752688
-0.0359539
-0.0183361
-0.0058138
-0.0909605
-0.0545946
-0.0626111
-0.0014019
0.0984893
0.0876850
0.0366387
-0.0746051
-0.0266438
-0.0798841
0.0273285
0.0835777
0.1139982
0.0505142
-0.1712582
-0.0308049
0.2483761
-0.1531386
-0.1301850
0.0889922
0.0187901
0.1041070
-0.0616630
-0.0426486
-0.0741471
-0.0543579
-0.0243437
0.0385705
0.0570771
0.0340067
0.0836347
-0.0810396
-0.0491741
0.0786518
-0.0327788
0.0552600
0.0049516
-0.0370966
-0.0436151
0.0436105
0.0657361
0.0895864
-0.0617287
-0.0704999
0.0588518
-0.0194667
0.0377303
0.0656227
0.0149918
-0.0368574
0.1005240
-0.0087218
0.1234113
-0.1090541
-0.2196850
-0.1026221
0.0397296
0.2154364
0.2345597
0.0156188
0.0553325
0.0672722
-0.0655267
0.0107753
-0.1043029
-0.0278591
-0.0334182
-0.0533980
0.0741005
-0.0357688
-0.0750206
0.0373711
0.0587002
0.0652871
-0.0341976
0.0125593
-0.0600294
0.0035038
-0.0173902
0.0809755
-0.0489943
0.0739425
0.0646721
-0.0148417
0.0805036
-0.0153747
0.0040780
0.0319026
0.0065158
-0.0575690
0.0422479
-0.1053475
-0.2196517
0.1295968
0.2295164
0.0344162
-0.0038076
-0.1536703
-0.0588439
-0.0277420
-0.0630563
0.0904319
0.0097080
0.0803330
0.0386467
-0.0480212
0.0463554
0.0627776
-0.0105593
0.0662535
-0.0089053
0.0914650
0.0101468
0.0611719
-0.0105984
-0.0045885
-0.0492493
-0.0113885
-0.0471299
-0.0547933
0.0730738
-0.0222768
-0.0544249
-0.0268351
-0.0498591
-0.0834671
0.0185794
0.0669106
