0.0106855
-0.0039297
-0.0086572
-0.0140164
-0.0007485
-0.0069067
0.0042770
0.0002786
0.0143972
-0.0129460
0.0008843
0.0005528
0.0054966
0.0197969
0.0545891
0.0565858
-0.0461668
-0.0898791
-0.0059010
0.0463343
0.0461565
0.0379707
0.0168956
0.0288925
-0.0245234
-0.0168238
0.0180511
0.0160002
-0.0059928
0.0182611
0.0052209
0.0007046
-0.0167814
0.0107853
-0.0050244
-0.0079116
-0.0108601
0.0037219
-0.0051522
0.0033939
-0.0046187
-0.0039868
-0.0007444
0.0091247
-0.0014636
-0.0081532
-0.0069131
-0.0014556
-0.0044116
0.0006291
0.0074693
-0.0105930
0.0033146
0.0066927
-0.0047328
0.0063311
0.0093878
-0.0017903
-0.0140213
-0.0035865
0.0057803
0.0073982
-0.0007730
0.0024194
-0.0087034
-0.0039615
-0.0107034
0.0105196
-0.0075074
-0.0166038
0.0088671
0.0021241
0.0039593
0.0105478
-0.0115864
-0.0170033
0.0174792
0.0142741
0.0060097
-0.0015924
-0.0003659
0.0104355
0.0003386
0.0014942
-0.0005405
-0.0114698
0.0033160
0.0031864
-0.0123897
0.0121273
0.0102490
0.0064731
0.0027426
0.0064961
0.0122489
0.0091400
0.0086135
-0.0054925
0.0102002
0.0060321
-0.0029088
0.0072314
-0.0055969
0.0042372
0.0113836
0.0019858
0.0004317
0.0131503
0.0049293
-0.0112048
0.0154329
-0.0005424
0.0031468
-0.0147902
0.0052615
0.0090090
0.0023433
-0.0083927
-0.0285208
0.0030249
0.0080498
0.0227722
-0.0200785
0.0278377
0.0466836
0.0126283
-0.0267751
-0.0232463
-0.0214436
0.0085560
0.0066514
0.0084724
-0.0067010
0.0053899
-0.0056485
0.0087816
-0.0144647
-0.0189211
-0.0082964
0.0031883
-0.0073652
-0.0055526
0.0021946
0.0045308
0.0059296
-0.0036114
-0.0097694
0.0021714
0.0126777
-0.0070417
-0.0013772
0.0136891
0.0076958
0.0069261
0.0092462
0.0065492
0.0056783
-0.0050091
0.0014457
-0.0064123
-0.0081186
-0.0078337
-0.0090472
0.0129563
0.0223749
-0.0054451
0.0075947
-0.0125175
-0.0082667
-0.0035344
0.0060988
-0.0057030
-0.0070111
-0.0079032
0.0021303
-0.0114122
0.0026133
0.0004429
0.0140582
-0.0167475
-0.0036447
0.0060585
0.0012775
-0.0055247
0.0121706
-0.0154995
0.0018338
-0.0102771
-0.0013641
-0.0030337
-0.0114820
0.0009519
-0.0017071
-0.0100681
0.0019997
0.0101188
0.0080518
-0.0104371
0.0054149
0.0070230
