0.0659586
-0.0057712
0.0014123
-0.0081570
0.0126429
-0.0136747
0.0056912
-0.0028977
0.0064139
-0.0019583
0.0055376
0.0043565
-0.0042443
-0.0041421
0.0008825
0.0166456
-0.0148342
0.0051423
-0.0119897
0.0002239
-0.0171354
-0.0050146
0.0148959
0.0159527
-0.0099142
-0.0014702
0.0060141
-0.0069621
0.0144624
-0.0037026
-0.0008652
-0.0085244
-0.0113043
0.0120494
-0.0122655
-0.0177115
0.0163624
-0.0284006
0.0594936
-0.1244943
-0.0402163
0.0616896
0.0595527
0.0344170
0.0373561
0.0006617
-0.0389015
-0.0093245
-0.0025922
-0.0000813
0.0027424
-0.0038053
0.0012329
-0.0134101
-0.0111494
0.0016732
-0.0067200
0.0059420
-0.0036433
-0.0058151
0.0025240
-0.0060990
-0.0066903
0.0061563
0.0047621
0.0058593
-0.0086319
-0.0071116
0.0018387
-0.0081781
-0.0038706
-0.0158839
-0.0017704
0.0074768
-0.0058037
-0.0185828
-0.0074915
-0.0008612
-0.0039049
-0.0019715
0.0063127
0.0534242
0.0043917
-0.0047411
-0.0080125
-0.0140945
0.0018245
0.0023471
0.0023081
0.0076596
-0.0107517
0.0019418
0.0108481
0.0049124
-0.0010899
-0.0121290
-0.0017560
-0.0122890
-0.0054524
0.0066041
