0.1673357
-0.0107673
0.0043179
-0.0072986
-0.0067997
-0.0087163
-0.0001296
-0.0103556
-0.0171609
-0.0101074
0.0091195
0.0241189
-0.0139544
0.0235247
-0.0043327
-0.0031966
-0.0220198
-0.0037684
-0.0238516
0.0208991
0.0140827
-0.0057008
-0.0215162
-0.0022156
0.0002369
-0.0008460
-0.0179618
0.0121276
-0.0071298
-0.0078809
0.0196127
-0.0157269
0.0197884
0.0290985
0.0051882
-0.0103237
0.0163977
-0.0211616
0.0614398
-0.0789518
-0.2459410
-0.2571534
0.1212833
0.2100918
0.1462143
0.0506316
-0.0092987
-0.0355322
-0.0221427
-0.0179016
0.0206395
0.0098051
-0.0111470
0.0136747
-0.0133956
-0.0111670
0.0116639
0.0010579
-0.0112707
-0.0185461
-0.0163195
0.0020201
0.0176448
-0.0022563
-0.0133141
-0.0015916
-0.0096259
0.0160402
-0.0021687
0.0212318
0.0236121
-0.0024615
-0.0033532
0.0015818
0.0006004
-0.0194318
0.0170210
-0.0139562
-0.0204172
0.0188374
0.0122602
0.1665022
0.0278565
-0.0008966
-0.0096260
-0.0068719
0.0026421
0.0096359
-0.0137673
0.0226069
0.0163065
0.0205672
0.0145366
-0.0118915
0.0122868
-0.0016616
-0.0176575
-0.0243473
0.0018672
-0.0178976
