-0.0076669
0.0103079
0.0136596
-0.0185877
-0.0065633
0.0049274
0.0125273
-0.0008115
0.0103155
-0.0041376
0.0035995
-0.0143846
0.0024546
0.0023378
0.0018192
-0.0090942
-0.0125662
0.0065977
-0.0189545
-0.0110036
0.0068123
0.0007045
-0.0008972
-0.0154394
-0.0186655
0.0150122
0.0055375
-0.0024609
-0.0068387
-0.0059941
-0.0055838
-0.0071881
-0.0042283
-0.0147503
-0.0106588
0.0060880
0.0028468
-0.0062687
-0.0008210
0.0107528
-0.0165694
-0.0174561
-0.0055804
0.0140241
0.0129528
-0.0022742
0.0044611
0.0154520
0.0107772
-0.0016470
0.0106617
0.0222761
-0.0008312
-0.0172112
0.0227948
0.0339304
0.0680180
0.0350845
-0.0420613
-0.0156491
-0.0073920
-0.0019560
0.0089900
-0.0070410
0.0043694
-0.0011078
-0.0145627
-0.0078996
-0.0033787
0.0054812
-0.0095683
-0.0166513
-0.0038170
0.0059992
-0.0025687
-0.0108651
-0.0040783
0.0031030
0.0004758
0.0137941
-0.0126386
-0.0170944
-0.0155741
-0.0086275
0.0054527
0.0078441
-0.0168096
0.0086999
-0.0063337
0.0073855
-0.0130666
-0.0081978
0.0117758
-0.0109502
0.0155789
-0.0050399
-0.0090184
-0.0094601
0.0134728
0.0106124
0.0079768
0.0091852
-0.0010502
0.0035999
-0.0097996
-0.0046570
0.0005434
-0.0009747
0.0079685
-0.0081905
0.0069926
0.0028002
-0.0083209
0.0118056
-0.0094512
-0.0018183
-0.0029324
0.0011113
0.0029826
-0.0137028
-0.0085568
-0.0083027
-0.0094646
-0.0075003
-0.0076347
-0.0104341
-0.0043953
-0.0099579
-0.0045780
0.0105659
0.0022504
0.0141754
-0.0076724
0.0152426
0.0055050
0.0032406
0.0000782
0.0186362
0.0103058
0.0166567
-0.0103684
-0.0006940
-0.0034437
-0.0078821
-0.0367282
0.0055742
0.0203083
0.0485975
0.0516293
-0.1200495
-0.1315478
-0.0070497
0.0737671
0.0317320
0.0476423
-0.0513906
0.0033317
0.0078739
0.0119034
0.0004567
0.0028220
0.0023248
0.0085766
0.0086345
0.0061186
-0.0016060
-0.0130888
0.0024545
-0.0095072
-0.0048802
0.0109333
0.0108743
-0.0033739
0.0131033
0.0083372
-0.0146374
-0.0139234
-0.0110859
-0.0001013
-0.0094489
-0.0054809
-0.0004488
-0.0087626
0.0107280
0.0122952
-0.0095443
0.0076992
0.0001146
-0.0086060
0.0195586
-0.0039699
0.0023874
-0.0033833
0.0027458
-0.0037319
0.0099397
-0.0073498
-0.0087780
-0.0108404
-0.0075287
