-0.0322215
-0.0692356
-0.1048728
-0.0770989
0.0571842
0.0579871
-0.0790291
-0.0145206
0.0046559
0.0061861
0.0217643
-0.0060669
0.0720050
0.0507461
0.0137334
0.0530991
0.0076902
-0.0549350
0.0816540
0.0615154
-0.0524847
0.0651237
0.0397137
-0.0631275
-0.0374336
0.0160334
-0.0170838
0.0318745
0.0328525
-0.0323238
-0.0988266
-0.1014454
0.1313476
0.1082010
0.1316914
-0.1236271
0.1689159
0.2770389
-0.2841069
-0.1486235
-0.2275350
-0.1027374
0.0549019
0.0722711
0.1172826
0.0837617
-0.0230376
0.0053564
-0.0454230
0.0940227
0.0862438
-0.0017625
-0.0967815
-0.0185988
-0.0180204
-0.0555587
0.0707367
0.0111515
0.0263258
0.0469112
-0.0728116
-0.0034311
-0.0576773
-0.0653487
-0.0500730
-0.1136941
-0.0286023
-0.0312317
0.0164492
0.0812803
0.0262147
-0.2246308
-0.0949563
0.0791263
0.2671861
0.1681854
-0.1822679
-0.2278087
-0.1855046
-0.1322639
-0.1046090
0.0173236
0.0541391
-0.0231593
-0.0247771
-0.0545823
0.0257628
0.0430263
-0.0640385
0.0333227
-0.0067437
-0.0774776
0.0766308
-0.0565830
-0.0501806
0.0387838
-0.0491983
-0.0362840
-0.0502721
0.0058787
-0.0445324
-0.0590487
-0.0709694
-0.0099141
-0.0112511
-0.0676800
-0.0070628
-0.0563173
0.0279226
0.0348424
-0.0389394
-0.0300241
-0.0038630
0.1538128
0.1120942
-0.0079246
-0.1978093
0.2892409
0.3692063
-0.2673170
-0.1084438
0.1465316
0.0252383
0.0085361
-0.0235996
0.0197297
0.0799891
0.0064995
-0.0020470
0.0249835
0.0682727
-0.0369726
0.0361982
0.0575023
-0.0448506
-0.0042089
0.0177843
0.0049394
-0.0457911
0.0009005
-0.0373022
-0.0237403
0.0474672
0.0612415
-0.0495866
0.0937454
0.0246737
-0.0191729
0.0102653
-0.0199255
-0.0787381
-0.0476728
-0.0333004
0.1076426
0.0234492
-0.0350154
0.1360330
0.4007239
0.2452184
-0.0934275
0.1121401
0.0860327
0.1146351
0.0734603
0.0268033
0.0272933
-0.0476307
-0.0229142
-0.0701403
-0.0261131
-0.0891803
-0.0108385
0.0055759
0.0796436
-0.0092480
0.0160827
0.0188464
-0.0545185
-0.0465224
0.0254628
0.0523138
-0.0778124
0.0209211
-0.0273598
-0.0860038
0.0391554
0.0765095
0.0856701
-0.0314662
0.0843958
-0.0625690
-0.1085408
-0.0365820
0.0358703
0.0916077
0.0538803
-0.0013151
-0.1834295
-0.1773612
-0.1598693
