0.0640188
-0.0428986
-0.1439526
-0.1707312
0.3114288
-0.0854343
-0.1062430
-0.0557333
0.0163452
0.1100005
0.0129346
-0.0115155
-0.0245016
-0.0212293
-0.0558641
0.0275080
-0.0087047
-0.0147444
0.0150818
0.0413455
-0.0141653
-0.0457746
0.0068004
-0.0220473
-0.0003602
0.0110525
0.0724688
0.0300142
0.0349460
-0.0254061
-0.0398313
-0.0596373
0.0598270
0.4420017
0.0758165
0.0315678
0.1087907
0.1109852
-0.0361232
-0.0823129
-0.0446857
-0.0704183
-0.0422987
0.0198656
0.0544859
0.0418562
-0.0496418
0.0706314
0.0218646
0.0493518
0.0655377
-0.0164868
-0.1136737
-0.1791316
0.0718789
-0.1750169
0.0481604
0.0138995
-0.0526239
-0.0156451
0.0113404
0.0031367
0.0537909
0.0244744
-0.0023754
0.0821971
0.0794895
-0.0560457
-0.2626960
0.3327092
0.4275247
-0.3756813
-0.2318359
-0.0786583
0.0307235
0.1269991
0.0685846
0.0155585
-0.0048598
-0.0159357
-0.0085467
-0.0900580
0.0095531
0.0426643
0.0260779
-0.0317702
0.0053888
0.0196933
0.0780003
-0.0017922
-0.1267143
-0.2148280
0.4734025
0.5280484
-0.0947864
-0.3900027
-0.2335875
-0.0204269
0.0712491
0.0721470
0.0687539
-0.0320377
-0.0935522
-0.0930726
-0.0855608
-0.0212298
0.0017931
0.0809065
-0.0171582
-0.0102363
-0.0690084
-0.0266246
-0.0040578
0.0900323
0.0722705
0.0858648
-0.1257538
0.0454987
0.3302739
-0.2484998
-0.2832892
0.0762998
0.0628684
-0.0438791
-0.0553341
-0.0126625
0.0207479
0.0213031
-0.0127405
0.0053027
-0.0072143
0.0346080
0.0584209
-0.0560392
-0.0743457
-0.0931843
-0.0742448
-0.1373347
-0.2864345
-0.2354125
0.0368065
0.0257400
0.0616735
0.0902646
0.0002112
-0.0403944
0.0211311
0.0457928
0.0086605
-0.0232130
0.0509735
-0.0021431
-0.0492890
0.0020007
-0.0159894
0.0204566
-0.0667235
-0.0700318
-0.1294399
0.3146436
0.0088341
-0.0214658
0.0705253
-0.0485716
-0.0547683
0.0276781
0.0269023
-0.0016481
0.0050050
-0.0266364
-0.0693089
-0.0255259
-0.0752993
-0.0042792
0.0674918
0.0693333
0.0582357
-0.0725075
-0.1088781
-0.0949040
0.1146850
0.2889901
0.1638574
-0.2045093
-0.2178705
-0.0418255
0.0104952
0.0662512
0.1090981
0.0433956
-0.0772476
-0.0101751
-0.0067886
0.0072015
-0.0065078
-0.0059760
0.0092655
0.0236079
0.0372172
-0.0009582
