-0.0165275
-0.0037795
-0.0078811
0.0178666
-0.0125900
0.0325613
-0.0224855
-0.0170971
-0.0201200
0.0213042
0.0271222
-0.0102231
0.0283311
-0.0271940
-0.0040274
0.0294370
-0.0181247
-0.0076484
-0.0203956
-0.0093817
0.0221957
0.0334185
-0.0319081
-0.0116318
-0.0035312
0.0256844
-0.0069991
-0.0156243
0.0035214
-0.0036975
0.0097985
0.0085852
0.0347618
0.0152899
0.0053564
0.0233351
0.0291416
-0.0336642
-0.0064301
0.0204204
0.0075706
0.0211331
-0.0168632
0.0064274
-0.0012493
0.0028622
0.0304755
0.0213741
-0.0140946
0.0064400
-0.0369723
-0.0435600
-0.0628911
0.0238150
0.1586747
-0.3715153
0.0291742
-0.0713740
-0.0363000
-0.0019505
0.0503715
0.0146620
0.0202162
0.0121698
0.0025339
0.0284710
-0.0053123
0.0344009
-0.0036568
-0.0204371
0.0062062
0.0142378
-0.0121204
-0.0158644
0.0290918
0.0300195
-0.0071735
-0.0121485
-0.0095892
-0.0230151
-0.0197096
0.0016224
0.0202610
0.0261305
0.0067144
0.0165778
-0.0054070
-0.0123491
-0.0257551
-0.0219503
-0.0127576
-0.0133608
-0.0173808
0.0251680
-0.0119247
-0.0244537
0.0233009
0.0002794
-0.0213173
-0.0064675
0.0302312
-0.0314461
-0.0258888
0.0026700
0.0294818
-0.0240985
-0.0119913
0.0066164
0.0249233
-0.0028990
-0.0252817
-0.0216822
-0.0171591
0.0191689
0.0255999
-0.0061243
0.0353895
0.0234772
-0.0179271
0.0087036
-0.0253591
0.0131271
0.0079286
-0.0002179
0.0224224
-0.0110559
-0.0164878
-0.0145567
0.0268162
-0.0253512
-0.0102420
0.0194388
-0.0363196
-0.0570199
-0.0267789
-0.0634435
0.0058810
0.1121036
0.0038266
-0.2089588
-0.3130991
-0.0912752
0.2153126
0.0468584
-0.0255110
-0.0455503
-0.0016043
0.0033467
0.0438714
0.0430089
0.0128950
0.0190073
-0.0277040
-0.0372855
0.0150283
0.0210981
0.0195125
-0.0073540
-0.0219491
0.0172638
0.0211356
-0.0058259
-0.0080213
-0.0017023
0.0143607
0.0176170
0.0023308
0.0001550
0.0023874
-0.0236850
-0.0085467
-0.0085756
-0.0285747
0.0138901
-0.0132813
-0.0200204
0.0266022
-0.0256638
-0.0197973
-0.0127179
0.0118297
-0.0322968
-0.0115836
0.0319808
-0.0076134
-0.0119507
-0.0101045
0.0019282
-0.0256730
0.0155472
-0.0179106
-0.0240743
-0.0306401
-0.0079637
0.0118364
0.0221460
-0.0013705
0.0005271
-0.0134760
0.0106960
