-0.1502637
-0.0671770
0.3497002
0.3202398
-0.2746633
-0.2578675
0.0764453
0.8751786
0.7015222
-0.5626365
-0.1208400
0.1089496
0.1158321
0.0491106
0.1356613
0.0796808
0.0271101
0.0265746
-0.0701559
0.0004628
-0.0977539
0.0401019
-0.0759745
-0.0661864
0.0943660
-0.0120329
-0.1158504
-0.1185752
-0.1335834
-0.0816975
-0.0550714
0.0943963
0.1560410
0.0291399
-0.1867354
0.6161981
0.6698915
-0.5756976
-0.0624623
-0.1801984
-0.0174355
0.1081752
0.1051936
0.1043288
0.0624859
-0.0771965
0.0475502
0.0598936
0.0349845
0.0022188
0.0392758
0.0166870
0.0478273
-0.1052044
0.1205092
0.1063477
-0.0407118
0.5747164
-0.3821762
-0.0242474
-0.1549594
0.0862776
0.1071658
0.0130289
-0.1047997
-0.0713042
0.0512654
-0.0576672
0.0124731
-0.0294521
0.0693778
-0.0016956
0.0284611
0.0346481
-0.1015637
0.0547611
-0.0133868
0.1089429
0.0878046
0.0030711
0.0384469
-0.1009973
-0.3181606
0.5058703
-0.3464967
-0.0892389
0.0790941
-0.0862763
0.0690464
-0.0122786
0.0326486
-0.0052317
0.0721598
0.0695057
0.0549148
-0.0046140
0.0352113
-0.0840875
-0.0750920
-0.0471709
-0.0991366
-0.0408914
-0.0230314
0.0196360
-0.0048203
-0.0297644
-0.0650064
-0.1969363
-0.1254320
0.2537615
-0.3645947
-0.5764422
-0.0428391
0.0246690
0.1502413
0.1168265
-0.0838155
0.0574144
-0.0336779
0.0038772
-0.0543005
0.0190187
-0.0559230
0.0562857
0.0463428
-0.0160428
-0.0332614
0.0364407
-0.0959945
-0.1377525
-0.1163877
-0.0793828
-0.0356944
0.1204646
0.1339651
0.1092084
0.0487027
0.0466745
0.0395669
0.0380103
-0.0621458
0.0216173
0.0472862
0.0128066
-0.0823544
-0.0296043
0.0104350
-0.0457470
-0.0651765
-0.0375524
0.0161319
0.0777960
0.0438540
0.0193925
-0.0006463
-0.2776821
-0.3329533
-0.3276217
-0.0494561
0.1592063
-0.0361923
-0.0519692
-0.0298548
-0.0583849
0.0762426
0.0522325
-0.0202608
-0.0529586
-0.0794591
0.0370523
-0.0510863
-0.0016621
-0.0306468
0.0484586
0.0647806
-0.0045993
0.0339705
-0.0062088
-0.1955354
0.2295670
0.3819999
-0.0145292
-0.1471945
0.1352517
0.1364571
-0.1558627
-0.0323887
0.0449141
-0.0044166
0.0506104
-0.0192099
-0.0823962
0.0008879
-0.0673072
-0.0524888
0.0999267
-0.0136434
-0.0487962
-0.0772379
-0.0375975
