0.0529978
0.0029485
-0.0037482
-0.0070355
0.0073238
0.0065222
0.0079156
0.0048124
0.0123746
-0.0002637
0.0066927
-0.0035084
0.0057793
0.0093059
-0.0178635
0.0110087
0.0020884
0.0012265
0.0138066
-0.0046520
0.0153837
0.0139699
0.0049239
-0.0059304
0.0019271
-0.0040771
0.0102121
0.0010816
0.0040883
0.0049950
0.0187901
0.0114398
-0.0051533
-0.0040193
0.0076115
0.0067164
-0.0077458
-0.0244830
-0.0862620
0.0464862
0.0618462
0.0342556
0.0184287
-0.0064547
-0.0391091
-0.0323657
-0.0175218
-0.0044499
-0.0037426
0.0090382
0.0072755
-0.0121224
-0.0061270
-0.0005825
-0.0078537
-0.0136468
-0.0086922
0.0038305
0.0087217
-0.0066544
-0.0049165
-0.0066746
0.0025770
-0.0047526
-0.0017236
-0.0044429
-0.0130099
0.0067177
0.0045420
0.0090710
-0.0010675
0.0195844
-0.0169070
-0.0081992
0.0047272
0.0037208
-0.0005600
-0.0165970
0.0092948
0.0233054
-0.0165335
-0.0119913
-0.0111186
0.0012968
-0.0067100
-0.0007856
0.0076739
-0.0045504
0.0229468
0.0037815
-0.0034658
-0.0026876
0.0026462
0.0047435
0.0178848
0.0021379
-0.0109242
-0.0135676
0.0076779
-0.0091325
