0.8136742
-0.0388243
-0.0368637
0.0622449
0.0070139
0.0071792
0.0149610
-0.1137914
-0.1033289
-0.0246219
-0.0793568
-0.1139346
0.0412566
0.1267653
0.0155060
0.0661972
-0.0452057
-0.0486926
-0.0232796
-0.0151739
0.0821509
0.0215063
0.0467979
-0.0167746
0.1625778
0.6429905
-0.3163078
-0.4094675
-0.0874741
0.1843851
-0.0228563
-0.0276222
0.0065172
0.0215525
0.0132515
0.0401318
-0.0564148
-0.0772114
-0.0646878
-0.2125185
0.0800159
0.4584330
0.5173291
0.0201891
-0.2448822
-0.4174896
-0.2059658
-0.0156492
0.0978233
-0.0388425
-0.0629128
0.0973913
-0.1317392
-0.0073833
0.0409490
-0.0962730
-0.0368500
0.0472227
0.0384454
-0.0066487
0.0143900
0.0450777
0.0299526
-0.0274348
-0.0390768
0.1414217
0.1244269
-0.2157413
0.7577772
0.0836717
-0.0126990
0.0023044
0.0455317
0.0164104
0.1063224
-0.0933528
-0.0222962
0.0606828
0.1038185
0.1035242
-0.0889456
-0.4446769
-0.0568646
0.0547905
0.0049310
0.0385425
-0.0359688
0.0604388
-0.0199741
0.0555350
0.0087902
-0.2674046
0.5636238
0.0602676
-0.0063700
-0.0494004
0.0538681
-0.0177134
0.0608242
-0.0000208
