0.1482961
0.0189638
-0.0170643
-0.0126321
0.0143509
0.0229456
0.0131414
-0.0038454
0.0077872
0.0193378
-0.0024905
0.0185706
0.0423405
-0.0175755
-0.0237391
0.0080576
-0.0141270
0.0339843
0.0030884
-0.0002981
0.0152541
-0.0052919
-0.0222792
-0.0179141
0.0345340
0.0054871
0.0050548
-0.0068321
-0.0358898
0.0243797
-0.0108815
0.0105519
-0.0199521
-0.0180616
0.0016988
-0.0288949
0.0497991
-0.0459752
0.0539319
-0.1671823
-0.3455200
-0.2857908
0.2293411
0.2681637
0.1437495
0.0300502
-0.0250295
-0.0834331
-0.0173314
0.0229608
-0.0100979
0.0099277
-0.0014801
-0.0116116
-0.0032154
0.0212031
-0.0191850
0.0067425
-0.0420759
-0.0088249
-0.0315165
0.0025263
0.0023243
-0.0167417
0.0173468
0.0069792
0.0126960
0.0193719
-0.0001412
-0.0322643
0.0195147
0.0153355
-0.0119951
-0.0259662
0.0280141
-0.0075682
-0.0133725
0.0062116
-0.0169404
0.0113309
0.0036757
0.1579805
0.0242813
0.0065169
0.0181932
0.0011123
-0.0064798
0.0125807
-0.0267773
-0.0161012
-0.0118306
0.0016403
0.0280418
-0.0052021
0.0056580
0.0105586
-0.0095099
0.0140511
0.0259872
-0.0083834
