0.3106887
0.0179995
-0.0363348
-0.0108414
-0.0456759
0.0328849
0.0053285
-0.0395514
0.0307410
0.0125670
-0.0269478
-0.0421344
0.3807683
-0.1191934
-0.0385677
0.0302813
0.0629611
0.0052657
-0.0053093
-0.0335810
-0.0066877
-0.0143893
-0.0435812
-0.0645672
-0.0084085
0.4219640
-0.2487546
-0.2803400
-0.0016434
0.0916693
0.0509066
0.0257600
-0.0062135
0.0172740
0.0432014
0.0171154
0.0908745
-0.1005993
0.3579834
-0.3457771
-0.2557306
-0.1305337
0.0620341
0.1265738
0.1112783
0.0835267
0.0717368
0.0014420
0.0257911
0.0573407
-0.1030532
-0.4024083
0.0694029
-0.0312914
-0.0545130
-0.0203612
-0.0151222
-0.0690548
-0.0569097
0.0163517
0.0912431
-0.0224411
-0.0496491
0.2157765
0.4213291
0.2875761
-0.2946435
-0.0461120
0.0863880
0.0250659
0.0167080
0.0064891
-0.0033267
-0.0384415
0.0142513
0.0134355
-0.0026468
0.0147494
-0.0716587
-0.0711799
0.3000764
-0.0267516
-0.0078234
0.0017757
0.0602664
0.0560682
-0.0789038
0.1089426
0.2001970
-0.0018209
-0.2362813
-0.0580571
-0.0810634
-0.0083843
-0.0741365
0.0183700
0.0477870
0.0049637
-0.0596601
-0.0884918
