0.2428210
0.0113083
-0.0305587
0.0156030
-0.0017044
0.0187887
0.0122635
0.0258820
-0.0121691
0.0054989
-0.0235878
-0.0145540
0.0270754
0.0120789
0.0198993
0.0186783
-0.0007224
-0.0331811
0.0334871
-0.0235557
-0.0059490
0.0130874
0.0318357
0.0288267
-0.0163873
-0.0088073
0.0076646
-0.0308278
0.0162597
-0.0002498
-0.0052582
0.0145467
0.0140030
0.0036876
0.0022418
0.0286231
0.0471931
-0.0380266
0.0830918
-0.2547233
-0.3273842
-0.2510836
0.2297139
0.2557131
0.1144573
0.0547258
-0.0456774
-0.0413425
-0.0322251
-0.0166979
0.0158972
0.0272530
-0.0068365
-0.0020936
0.0057094
-0.0205587
-0.0125148
-0.0153722
0.0214630
-0.0047183
-0.0198675
-0.0192535
0.0150276
-0.0242714
0.0116447
-0.0066034
-0.0018560
-0.0103328
-0.0049848
0.0050036
0.0246885
0.0093427
0.0129254
-0.0164854
0.0168289
-0.0155992
0.0200733
-0.0420522
-0.0314855
0.0135990
0.0077644
0.2462320
0.0304416
0.0088871
0.0328492
0.0111635
-0.0072847
0.0027036
-0.0293760
-0.0266417
0.0033718
0.0133531
0.0283792
0.0319608
0.0176498
-0.0135074
-0.0335898
0.0226733
0.0144512
-0.0123277
