-0.0328408
-0.0775367
-0.0128305
-0.0402980
0.0558303
0.1373274
-0.0420019
-0.1407956
-0.2351598
-0.2551983
0.3489674
0.0338765
-0.1630766
-0.1984190
-0.1564729
-0.0789266
-0.0151128
0.1456065
0.1354685
-0.0496361
-0.0157086
-0.0031084
-0.0478200
-0.0211970
-0.0516723
0.0072730
-0.0687745
-0.0511869
-0.0035928
-0.0880822
0.0055581
0.0094392
0.0542509
0.0258344
-0.0765234
0.0214721
-0.0403205
0.0351914
0.0513363
0.0693115
-0.0302823
-0.0587887
0.0726126
0.0411569
0.0168831
0.0288988
-0.0068134
0.0411736
0.0223438
0.0356595
-0.0256572
0.0912234
0.0325876
-0.1173772
0.0866267
0.0361982
-0.0352282
0.0512158
0.0288677
-0.0138548
-0.0692356
-0.1048728
0.0184486
0.0579871
0.0143842
-0.0145206
0.0046559
0.0697963
0.0217643
0.0200926
0.0507461
0.0530991
0.0076902
-0.0549350
-0.0127438
0.0816540
-0.0524847
0.0651237
-0.0442127
0.0397137
-0.0631275
-0.0374336
0.0788028
0.0872734
0.0318745
0.0328525
-0.1012815
0.0113730
0.1220425
-0.1142592
-0.2801373
0.1051913
0.2770389
-0.0544767
-0.2841069
-0.2275350
-0.1027374
0.0722711
0.1172826
0.0027483
0.0456668
0.0358642
0.0227530
-0.0639535
0.0461647
-0.0666663
0.0053564
-0.0454230
0.0862438
-0.0017625
-0.0566898
-0.0561272
-0.0387306
0.0276483
-0.0779324
-0.0680686
-0.0419990
0.0707367
0.0298262
0.0606940
0.0446629
-0.0034311
0.0168691
0.0714208
0.0233378
-0.0562110
0.0285147
0.0736649
-0.0312317
-0.0304496
0.1077243
0.2671861
0.1812528
0.0943232
-0.0827531
-0.1822679
-0.2278087
0.0541391
-0.0278789
0.0546668
-0.0231593
-0.0427437
-0.0247771
-0.0461869
0.0257628
0.0430263
0.0298015
0.0421902
-0.0550197
-0.0624387
-0.0067437
-0.0290833
-0.0383985
-0.0169163
0.0766308
0.0387838
0.0058787
-0.0445324
0.0060590
-0.0709694
-0.0676800
0.0137162
-0.0563173
-0.0206902
-0.0352288
0.0990299
0.0309573
-0.0058907
-0.0079246
-0.0975536
-0.1515508
-0.2663927
-0.1978093
0.3313682
0.3692063
0.0857374
-0.1424181
-0.0595228
0.0748917
0.1038077
0.0451042
0.0798866
0.0085361
-0.0235996
-0.0973699
-0.0831173
0.0699382
-0.0721807
0.0736006
0.0799891
0.0682727
-0.0936915
-0.0067821
-0.0312375
-0.0120789
0.0714324
0.0575023
0.0177843
-0.0829610
-0.0225631
