0.3773640
-0.0162510
-0.0156374
0.0518436
0.0638909
0.0143481
-0.0308978
0.0524264
0.0453121
0.0020119
0.0059330
0.0748527
-0.0973253
0.2943698
0.0594020
-0.0615834
-0.0305964
-0.0551484
0.0445786
0.0527697
-0.0198264
-0.0037684
-0.0446908
-0.0590987
0.0279052
0.0066006
0.0617678
0.0591324
0.0358268
-0.2237563
0.2097219
0.4006459
-0.2622837
0.0911199
0.1248003
0.0082087
0.0080700
0.0211583
0.0176296
0.0279364
0.0388411
0.0025191
-0.0343384
-0.0109883
-0.0618803
-0.0622882
-0.0685920
-0.0096554
0.4057539
0.0447684
-0.0252756
0.0083620
0.0198206
-0.0196367
0.0036756
0.0774735
0.0232316
-0.1716407
-0.2577596
0.4731213
-0.1693388
-0.0267255
0.0547565
0.0343529
-0.0625782
-0.0381041
0.0145060
0.0564139
0.0161301
0.0601739
0.0271594
-0.0695070
-0.0265933
0.0018922
0.0067899
0.0926279
0.0097168
-0.0627043
-0.0054405
0.3686736
-0.1797196
0.0290860
-0.0225535
0.0068202
-0.0368138
0.0002350
0.0617984
-0.0334204
-0.1615473
-0.2014658
-0.1295143
0.0728694
-0.0069967
0.0304627
-0.0027530
-0.0266104
0.0152034
-0.0160462
0.0606109
-0.0175280
