0.0237101
0.0104385
-0.0246117
-0.0153302
-0.0267641
-0.0371680
0.0075802
0.0281820
0.0363839
0.0311201
0.0149686
-0.0409918
-0.0299736
-0.0197475
0.0356439
-0.0047247
-0.0054298
-0.0275433
-0.0203230
0.0063542
-0.0275808
-0.0305683
0.0213454
0.0120490
0.0105784
0.0053527
-0.0207566
0.0021393
0.0246331
0.0056944
-0.0227418
0.0108853
-0.0060048
-0.0269797
0.0136743
0.0209550
-0.0166891
0.0396898
0.0436027
-0.0097439
0.0167785
-0.0417315
0.0396500
0.0454204
-0.0463673
0.0078511
-0.0370414
-0.0036713
0.0382921
0.0310007
-0.0278029
-0.0169423
0.0113247
0.0265490
0.0368824
-0.0222864
-0.0185320
0.0575082
0.0160600
-0.0103330
-0.0320097
-0.0550307
-0.1114295
-0.1452123
-0.0139418
0.0782995
0.0827690
0.0415888
0.0153256
0.0105923
0.0364409
0.0467549
-0.0046988
0.0415219
-0.0180713
0.0227212
0.0006232
-0.0361762
0.0222907
-0.0190996
0.0295175
-0.0195334
-0.0164404
0.0100508
-0.0022623
-0.0162689
-0.0035658
0.0196994
0.0358577
0.0238402
-0.0017637
0.0308327
-0.0306661
-0.0108334
-0.0238314
-0.0140902
-0.0071913
-0.0017370
0.0097970
0.0013717
0.0050033
-0.0300562
0.0187686
-0.0260738
-0.0082508
0.0340892
0.0286418
0.0201969
0.0213554
0.0025007
0.0174367
0.0224826
-0.0122059
0.0258106
-0.0305580
0.0411043
-0.0291257
0.0015895
-0.0217122
-0.0256362
-0.0303751
-0.0072864
0.0239779
0.0353004
0.0344920
-0.0339650
0.0211080
-0.0075116
0.0343230
-0.0194202
-0.0090693
0.0167480
-0.0515756
0.0204983
-0.0146007
0.0062876
-0.0151330
-0.0167467
-0.0590523
-0.0459154
-0.0819443
-0.0904409
0.1527466
0.2526938
-0.1970338
-0.0533317
0.0104201
0.0873232
0.0456335
0.0000365
-0.0059663
-0.0285695
-0.0616489
-0.0534177
-0.0393754
0.0261381
-0.0371647
0.0197009
0.0178938
0.0515866
-0.0438429
-0.0427687
0.0046814
0.0326140
0.0176550
-0.0432225
-0.0399211
0.0217835
-0.0303633
0.0087749
-0.0081976
-0.0123888
0.0273323
-0.0202157
-0.0367136
-0.0188632
0.0027287
-0.0374433
0.0388081
-0.0290216
0.0135990
0.0249906
-0.0120928
0.0124706
0.0425632
-0.0299171
0.0079345
0.0049603
0.0372981
-0.0348916
-0.0186030
0.0384621
-0.0227656
-0.0443115
-0.0017559
-0.0026037
-0.0472707
0.0130150
-0.0026063
-0.0094568
