-0.0454525
0.0195367
0.0165768
0.0243007
-0.0245666
-0.0564780
-0.1103489
-0.0542877
0.1432694
0.3915654
-0.1657187
-0.0243829
0.0353892
0.0426342
0.0721720
0.0480009
0.0129789
-0.0366882
-0.0024640
0.0005409
-0.0458645
-0.0359713
0.0023262
0.0256480
0.0531452
-0.0217529
-0.0100512
0.0359170
-0.0245067
0.0009821
-0.0192133
0.0125026
0.0349282
-0.0135205
0.0229627
-0.0031937
-0.0185197
-0.0386100
-0.0498107
-0.0097837
0.0368704
-0.0167488
0.0408475
-0.0014114
-0.0034866
0.0185850
0.0186536
0.0447854
0.0044194
0.0174231
0.0425838
0.0403123
-0.0007626
0.0069228
0.0016090
-0.0207707
0.0358492
0.0099159
0.0021885
-0.0355024
-0.0325443
0.0234488
0.0308346
0.0031595
-0.0133686
0.0491985
0.0129356
0.0411412
-0.0186005
-0.0165326
-0.0429193
-0.0288943
0.0122650
-0.0204412
-0.0175312
-0.0418311
0.0292397
-0.0219803
-0.0322476
-0.0265714
0.0218293
-0.0337471
0.0353608
-0.0311080
-0.0212688
0.0122999
0.0319642
-0.0220722
-0.0227647
0.0690133
0.2717922
-0.0868997
-0.0286013
-0.0572380
0.0491136
0.0883903
0.0374202
0.0268047
-0.0173984
-0.0384028
0.0148615
0.0345335
-0.0303332
0.0542366
0.0546330
0.0356015
0.0216247
-0.0323706
-0.0311076
0.0248046
0.0210326
-0.0148404
-0.0342228
-0.0333821
-0.0247062
0.0288585
0.0289165
0.0208063
0.0263762
0.0371206
-0.0404844
-0.0240196
0.0129330
-0.0323629
-0.0295236
-0.0121631
-0.0334587
0.0131158
0.0254761
-0.0334897
-0.0357268
-0.0025383
0.0172168
-0.0407237
0.0413235
0.0324711
0.0029448
-0.0107680
0.0213636
0.0148824
-0.0234505
0.0005230
-0.0406850
-0.0378515
-0.0314197
-0.0087986
0.0282259
0.0210246
-0.0362249
-0.0146489
-0.0197137
-0.0072956
-0.0295142
0.0292944
-0.0171014
-0.0094373
0.0156548
0.0202746
-0.0186432
0.0549832
-0.0592567
-0.0432312
-0.0235925
0.0598489
-0.0244663
-0.0736530
-0.0435903
-0.0928803
-0.0095149
0.1406099
0.1996569
0.0555906
-0.1077495
-0.0742671
0.0313191
0.0043984
0.0680383
0.0430495
0.0165457
-0.0052852
0.0104069
-0.0566252
-0.0363646
0.0361333
0.0124549
0.0451121
0.0325752
-0.0096162
-0.0270205
0.0362116
0.0304657
0.0234870
-0.0258672
0.0091953
0.0358049
-0.0198445
0.0070919
0.0342227
0.0244252
0.0257441
