0.8573803
-0.0630127
-0.0251352
-0.0359872
-0.0080033
0.0367870
0.0116176
0.0980670
0.0110090
-0.0276266
-0.0585671
-0.0300865
-0.0449269
0.8385641
0.1067066
-0.0677033
0.0681549
0.0284476
-0.0179229
0.0684395
0.0096325
-0.0848115
-0.0361389
-0.0694387
0.0719454
0.0137364
0.0500078
0.1325096
0.0238704
-0.1730567
-0.4098433
0.0326915
-0.0611904
0.0191274
0.2195483
0.0496247
0.0352379
0.0052409
-0.0424582
-0.0165198
-0.0390544
0.0010014
0.0110955
0.0162802
-0.0734442
-0.0524061
-0.0640329
-0.1047824
0.5839451
0.1047037
-0.0062255
0.0504401
-0.0554185
0.0745935
-0.0297449
0.0830863
0.0680940
-0.0769434
-0.2806704
0.0380332
-0.6246657
-0.0957995
0.0384701
-0.0391726
-0.0865134
-0.0041891
-0.0502024
0.0354710
0.0282194
-0.0296388
0.0201113
0.0488775
-0.0302382
-0.0365451
0.0130800
0.0334661
0.1173771
0.0683832
-0.4040874
0.3892945
-0.6355810
-0.0254419
0.0552045
0.0185432
0.0503504
-0.0558427
0.0873797
0.0609902
0.0441708
0.0507321
-0.1876249
-0.0986246
0.2368976
0.0611731
0.1138136
0.0141707
0.0275349
-0.0254503
0.0317767
0.0362231
