0.0215841
-0.0298641
0.0026749
0.0003142
-0.0171064
-0.0060411
0.0185885
-0.0189001
-0.0106557
-0.0340612
-0.0174771
-0.0341958
0.0242836
0.0156801
0.0032508
0.0143720
-0.0159498
0.0063246
0.0036910
0.0216713
-0.0046269
0.0332052
0.0148753
0.0309490
-0.0129614
0.0132333
-0.0289979
-0.0129053
-0.0038738
0.0205243
0.0085073
0.0055656
0.0221860
-0.0121803
0.0344365
-0.0281467
0.0007191
0.0717611
0.0745731
0.0194674
0.0064522
-0.0466802
-0.1565199
-0.1646297
-0.2194569
0.3542020
-0.0112637
0.0826904
0.0495771
0.0014018
0.0127945
-0.0342065
-0.0388551
-0.0282977
-0.0075498
-0.0104496
0.0026032
0.0070470
-0.0165741
0.0151444
-0.0342289
0.0223403
-0.0221945
0.0180493
-0.0168464
0.0110768
-0.0099191
-0.0047819
0.0165063
-0.0084361
-0.0335524
-0.0146747
0.0095833
-0.0254997
0.0213199
0.0086655
-0.0300025
0.0143414
-0.0288980
0.0131253
0.0030497
0.0063617
-0.0245947
0.0193521
0.0079878
-0.0354838
0.0331277
0.0252272
-0.0329772
0.0349430
-0.0237340
-0.0257421
0.0141477
0.0096371
-0.0375139
0.0025283
-0.0032393
-0.0093237
-0.0190596
0.0149378
-0.0186347
-0.0183180
-0.0353718
-0.0259906
-0.0015638
0.0267403
0.0247463
0.0458180
-0.0426849
-0.0635517
-0.1581569
0.0341078
0.0820556
-0.2245531
-0.1840695
-0.0406002
0.0318165
0.0097138
0.0186099
-0.0362102
-0.0354262
0.0411271
0.0433151
-0.0242706
-0.0286792
-0.0260009
0.0231436
-0.0071944
-0.0008074
-0.0360467
0.0110303
0.0078203
0.0064968
0.0196315
-0.0276152
-0.0009310
-0.0149097
-0.0032922
0.0081064
-0.0107183
0.0275901
-0.0287880
0.0389114
0.0175133
-0.0232168
0.0113323
-0.0038705
0.0075570
0.0133506
-0.0172228
0.0254998
-0.0100399
0.0216023
-0.0319351
0.0250430
0.0100817
-0.0267596
0.0101930
0.0108075
0.0077083
-0.0242080
0.0165963
-0.0134244
0.0336613
0.0286997
-0.0335102
-0.0514169
0.0133922
-0.0021949
0.0215579
0.0206885
0.0447343
0.0393732
-0.0138123
-0.1006175
-0.1842223
0.1662431
0.3465371
-0.0099797
-0.1739052
0.0094881
-0.0091384
0.0449618
0.0378562
0.0276772
-0.0258360
-0.0112283
-0.0317851
-0.0446213
0.0081367
0.0067024
-0.0088147
0.0266584
0.0350526
0.0157566
0.0055265
0.0149166
-0.0218441
-0.0102932
0.0412101
