0.2746825
0.0044009
-0.0696022
-0.0305306
0.0195593
-0.0550721
-0.0064078
0.0617441
0.0181086
0.0647566
-0.0602270
-0.0032031
0.1045047
0.0995671
-0.0179152
-0.0036349
-0.0414505
-0.0097788
-0.0088950
-0.0347722
0.0504437
-0.0394982
-0.0070737
0.0255117
0.0042971
0.0042738
-0.0703973
0.0081696
-0.0335730
0.0726262
-0.0540604
-0.0560892
0.0983638
-0.0404508
-0.0253151
-0.0406305
-0.0087390
0.0833101
0.0418350
0.0487043
0.0187223
0.0043085
0.0363657
0.0404593
0.0139612
0.0311715
0.0075515
0.0301910
-0.0251220
-0.0431708
0.0852884
-0.0095618
-0.0304899
-0.0286311
0.0179171
-0.0240708
0.0084101
0.0282676
-0.0038224
-0.0066584
-0.1197258
0.1974382
0.1027968
-0.0499914
-0.0377717
-0.0077473
0.0204423
-0.0070974
-0.0380299
0.0061650
0.0159897
-0.0407745
-0.0138743
0.0327749
-0.0155733
0.0170551
-0.0352524
-0.0036460
-0.0184203
0.0877871
-0.1745857
-0.0398957
-0.0140504
-0.0347920
-0.0014344
0.0279059
0.0442287
-0.0011585
-0.0114150
-0.0067128
-0.0335155
-0.1572237
0.0188668
-0.0172832
0.0099478
-0.0039932
-0.0004485
-0.0166268
-0.0431957
-0.0340131
