0.1380321
-0.0199813
0.0045476
-0.0495090
0.0078884
0.0420770
-0.0183020
-0.0498070
0.0816658
0.0585298
-0.0475009
0.0402523
-0.0232254
0.0131684
-0.0581989
-0.0492411
0.0793924
-0.0493659
0.0538829
0.0044905
0.0288537
0.0626508
-0.0058268
0.0513108
-0.0278861
0.0341224
0.0455420
-0.0658168
0.0119298
-0.0368688
-0.0101217
-0.0028451
0.0660189
0.0044859
0.0575656
0.2006524
0.0796796
0.0602534
0.0010428
-0.0262388
0.0017820
0.0455649
0.0733347
0.0437250
0.0012775
-0.0435230
0.0261623
-0.0512821
0.0562302
-0.0394210
-0.0251869
0.0389050
0.0146900
0.0775361
0.0283412
0.0394220
-0.0426407
0.0579105
-0.0230621
0.0094934
0.0336220
-0.0746243
-0.0177701
-0.0025268
-0.0925038
0.0527525
-0.0320501
-0.0060463
0.0777055
0.0348102
-0.0091622
0.0500885
-0.0154609
-0.0572418
-0.0003788
-0.0181643
0.0397335
-0.0184013
0.0711207
0.0644910
-0.0023109
0.0897727
-0.3004756
0.0382618
-0.0184621
-0.0719885
0.0238581
0.0271391
-0.0015172
0.0186265
0.0392315
0.0076634
-0.0441248
0.0602959
0.0416363
0.0410807
0.0110422
-0.0605702
0.0394770
0.0217607
