-0.1159637
0.1063742
0.2282721
-0.0763336
-0.0060410
-0.0296145
0.0231768
0.0240483
0.0304457
0.0037480
-0.0119840
0.0110520
-0.0120706
-0.0076801
0.0284630
-0.0028972
0.0204621
0.0055779
0.0267084
0.0011244
0.0120916
0.0146551
0.0141834
-0.0018443
-0.0135003
-0.0062591
0.0168445
-0.0032404
0.0152463
-0.0138326
0.0286451
-0.0007394
0.0012809
-0.0129542
0.0111182
0.0187068
0.0166573
0.0097528
-0.0006008
-0.0148792
0.0138008
0.0230102
-0.0062673
-0.0042720
-0.0123897
0.0070403
-0.0099493
-0.0104634
0.0192829
0.0083369
0.0069415
0.0118346
-0.0116287
0.0198031
0.0004480
-0.0087015
0.0233230
0.0234841
-0.0238698
-0.0033012
0.0142436
-0.0183709
-0.0171022
0.0170519
0.0182129
0.0047735
0.0074737
-0.0110694
0.0167418
0.0213945
-0.0112873
0.0002676
0.0098931
0.0181272
0.0213683
0.0020624
-0.0134300
0.0013445
0.0124925
0.0243402
-0.0006207
0.0008987
-0.0199887
-0.0066915
0.0150239
0.0181325
-0.0019229
0.0151175
-0.0196349
-0.0148936
0.0236580
-0.0230155
0.0069996
0.0066632
-0.0066484
-0.0321422
-0.0071104
-0.0163318
0.0090292
-0.0029371
-0.0083191
-0.0013040
-0.0353104
-0.0034011
-0.0399157
-0.0365561
0.0035478
0.0434120
0.0424157
0.0336556
-0.0524103
-0.1242920
0.1374912
0.2709703
-0.1030395
-0.1345009
-0.0152762
-0.0023241
0.0329945
-0.0103102
-0.0090856
0.0115252
0.0192884
-0.0100291
-0.0066340
-0.0009785
-0.0110211
-0.0181760
0.0061353
-0.0094095
0.0150635
0.0216688
0.0027236
-0.0248059
-0.0092519
0.0219330
0.0233899
0.0151964
-0.0192590
-0.0065480
-0.0034787
-0.0108571
-0.0177592
-0.0131209
-0.0359435
0.0081323
0.0177287
-0.0012074
-0.0034590
0.0228866
0.0092211
0.0269211
0.0151311
-0.0056496
-0.0002549
0.0031240
0.0104917
0.0092282
-0.0040838
-0.0029032
0.0026333
-0.0130499
0.0065812
-0.0158367
0.0170619
-0.0082036
0.0202762
0.0071604
0.0232826
-0.0065513
0.0202112
-0.0025297
0.0144165
0.0052784
0.0066300
-0.0073323
-0.0125872
-0.0119409
0.0078654
0.0022510
-0.0121179
0.0128413
-0.0034266
-0.0004130
-0.0141476
-0.0308766
-0.0078984
0.0277665
0.0317275
-0.0121771
-0.0155544
0.0026602
-0.0037399
0.0003866
0.0065126
0.0280162
-0.0159914
-0.0270582
-0.0347119
-0.0023180
