-0.0937558
-0.0130360
0.0383237
0.0659868
-0.0091816
-0.0010471
-0.0357117
0.1118234
0.1248904
0.0191753
0.0203873
-0.0114504
-0.0104953
-0.0182249
0.0317885
-0.0201746
0.0106406
-0.0321976
-0.0181062
0.0138662
0.0031803
-0.0208271
0.0168767
0.0089365
0.0277194
-0.0466249
0.0178743
-0.0212977
-0.0205238
0.0038176
0.0189713
0.0838562
-0.0675499
-0.1095383
-0.1163914
-0.1256177
-0.0468645
-0.0212927
0.0003618
-0.0139319
-0.0310583
-0.0103045
0.0976694
0.0620846
0.0795402
-0.0264478
0.0274329
-0.0011062
-0.0218852
-0.0128303
0.0095909
0.0028349
0.0271434
0.0359100
0.0089557
0.0182397
-0.0170185
0.0356411
0.0219798
-0.0046111
-0.1131206
-0.0933219
-0.0718647
-0.1425657
-0.0680664
0.0800074
0.1348802
-0.0710934
0.0098894
0.0115000
-0.0286688
-0.0320248
0.0335013
-0.0328283
0.0280030
-0.0306413
0.0033828
0.0365561
-0.0283923
0.0351290
0.0245429
0.0371730
-0.0357598
0.0115929
-0.0239067
-0.0249518
0.0098446
0.0140881
-0.0118156
0.0242916
0.0765877
0.0621761
-0.0985588
-0.1186692
-0.0089322
0.1443279
0.1774670
-0.0695598
-0.0909472
-0.0431510
-0.0547528
0.0375927
0.0261154
0.0353605
0.0116536
-0.0307404
-0.0120572
-0.0006482
-0.0300798
0.0105626
0.0015760
0.0071154
-0.0295132
0.0328923
0.0167230
0.0000184
-0.0213367
0.0546123
0.0115158
-0.0023767
-0.0037878
-0.0167556
0.0651206
0.0289744
-0.0006582
-0.0786169
0.1075416
0.0605388
0.0858730
0.0291785
-0.0894648
0.0170469
0.0048432
-0.0254274
0.0031202
0.0034923
-0.0307002
0.0017437
0.0416542
-0.0150242
0.0087952
0.0112277
-0.0116863
-0.0131433
0.0026905
-0.0034533
0.0266083
0.0264547
0.0051214
-0.0610301
-0.0555602
0.0133691
0.0070498
0.0346449
0.0631978
-0.0095294
-0.3061139
-0.0004752
0.2762610
-0.2036417
0.0546185
0.0957379
0.0864181
-0.0619362
0.0010141
0.0518823
0.0397248
0.0456355
0.0281253
0.0034679
0.0268156
0.0028555
-0.0505790
0.0294558
-0.0022161
-0.0297030
-0.0194644
0.0369671
-0.0140540
-0.0559017
0.0227225
-0.0075028
-0.0079173
0.0489275
0.0476872
-0.0488922
0.0268223
0.0440109
-0.0107307
-0.2207653
0.4069036
-0.1708238
-0.0688295
0.0280603
0.0581813
0.0482309
-0.0068048
-0.0568713
-0.0065884
-0.0266269
