-0.0114516
0.0069883
0.0072580
0.0196142
-0.0081251
0.0236647
-0.0110052
-0.0046229
-0.0142724
-0.0238701
0.0156876
0.0101526
0.0016875
0.0053986
-0.0195468
-0.0028818
0.0109298
0.0008990
-0.0052155
0.0111978
0.0057952
0.0248074
-0.0224430
0.0044816
-0.0271757
-0.0050614
-0.0000969
0.0132019
0.0117187
0.0132039
0.0114657
0.0176480
-0.0065157
0.0224298
-0.0119580
0.0019102
0.0007798
-0.0045105
-0.0083465
-0.0168151
0.0180577
0.0158478
0.0143690
0.0140992
-0.0317318
0.0075193
0.0253702
0.0124936
-0.0174246
-0.0148699
0.0247795
0.0255581
0.0017459
0.0049406
0.0067611
-0.0009197
0.0229087
0.0212499
0.0011566
-0.0005763
-0.0214559
0.0119860
-0.0085984
0.0353766
-0.0039033
-0.0202819
-0.0070734
0.0044203
0.0220360
0.0336495
-0.0504002
-0.1456246
-0.1043045
0.0807173
0.1982711
0.1424548
-0.1498127
-0.0910656
-0.0106994
0.0010987
-0.0155059
0.0311094
-0.0016333
0.0179970
0.0062776
0.0045871
-0.0041393
0.0268954
0.0103851
-0.0085828
0.0063303
0.0103968
0.0035280
0.0143457
0.0203378
0.0076859
0.0113518
-0.0199404
-0.0177128
0.0156944
-0.0027922
0.0228363
0.0097544
0.0193889
-0.0126830
-0.0248762
0.0098184
0.0021844
-0.0009602
-0.0060229
0.0133991
0.0032470
0.0076154
-0.0072251
0.0017186
-0.0029961
0.0101303
-0.0065123
-0.0141417
-0.0021306
0.0075319
0.0086744
-0.0008673
-0.0171439
-0.0183379
-0.0032927
-0.0098956
-0.0110748
-0.0008504
0.0139401
0.0037376
0.0090862
0.0063126
-0.0046975
-0.0248727
-0.0122729
0.0103825
0.0024146
0.0120072
0.0247633
-0.0214265
-0.0086547
0.0142265
0.0082938
0.0116429
-0.0206428
0.0160970
0.0054226
-0.0250160
0.0109148
0.0003471
0.0156807
0.0059952
0.0140659
-0.0146593
0.0037031
-0.0038844
0.0223413
0.0182882
0.0168461
-0.0100998
-0.0157549
-0.0139839
0.0044881
0.0034260
0.0325112
0.0012318
-0.0294523
-0.0276930
-0.0088720
-0.0120181
-0.0018922
-0.0215386
-0.0019908
0.0192758
0.0072775
-0.0180346
-0.0134094
-0.0256905
-0.0263385
0.0240165
0.0309415
0.0555961
0.0458763
0.0259678
-0.0763274
-0.1262454
-0.1455305
-0.0404402
0.1295635
-0.1725734
0.0066741
-0.0016729
0.0178581
0.0367007
0.0111881
-0.0198297
-0.0146937
-0.0134883
-0.0100879
