-0.0223653
-0.0482589
0.0237443
0.2190562
-0.1859807
-0.0393628
0.1361206
0.0035951
0.0280335
-0.0084778
-0.0021224
-0.0415607
-0.0249643
-0.0161024
0.0552386
-0.0281625
0.0141966
-0.0629990
-0.0760899
-0.0623786
0.0382810
-0.0129133
0.0289533
-0.0096332
-0.0482570
0.0545281
0.0143999
-0.0545950
0.0352275
0.0336301
0.0279870
-0.0321186
0.0383765
-0.0272896
-0.0485908
0.0316554
-0.0641204
0.0423728
-0.0032287
-0.0494257
-0.0161648
-0.0382096
-0.0226352
-0.0365840
-0.0283134
0.0474894
-0.0457088
-0.0103638
-0.0586079
0.0349537
-0.0197930
-0.0074491
-0.0204171
0.0391717
0.0199125
-0.0073321
-0.0289969
-0.0679080
-0.0512906
-0.0232109
-0.0413705
-0.0676357
0.0626477
0.0673477
-0.0575348
0.0092442
-0.0550079
-0.0441033
0.0360386
-0.0613895
-0.0658188
-0.0248201
0.0261173
0.0381659
-0.0154941
0.0755015
-0.0528761
-0.0598829
0.0153454
0.0084689
-0.0091106
0.0441602
0.0839285
-0.0143504
-0.0195326
-0.0775989
0.0654340
0.0464066
0.0580575
-0.1718405
0.0165835
0.2683152
-0.3058246
-0.1926435
-0.0337027
0.1263803
0.1487825
0.0356498
-0.0338623
-0.0427710
0.0438738
-0.0815381
-0.0190138
0.0729065
0.0165575
-0.0376388
-0.0376506
-0.0115311
-0.0039691
0.0530207
0.0723980
-0.0500296
0.0369663
0.0220568
0.0647956
0.0376570
0.0471697
-0.0595279
-0.0373983
-0.0374069
0.0458108
-0.0361136
-0.0427327
0.0446086
-0.0430276
0.0410485
0.0515897
0.0036842
-0.0098500
0.0435213
0.0419259
0.0590655
0.0301337
0.0013681
-0.0495461
-0.0387629
-0.0675128
-0.0620541
0.0368991
-0.0626253
-0.0126858
0.0241755
0.0576026
0.0442674
0.0233354
-0.0709782
0.0395857
0.0310467
0.0627660
0.0309791
0.0569291
0.0322848
-0.0576100
0.0391663
0.0180241
0.0169337
0.0029937
0.0343420
-0.0597504
0.0460560
-0.0449245
-0.0702058
-0.0066088
-0.0841240
0.0141370
0.0716231
-0.0353732
-0.0232313
-0.0227295
0.0488782
-0.0306422
-0.0700564
-0.0597825
-0.1869706
-0.0841598
-0.0204653
0.1960018
-0.2252048
-0.2106951
0.0705519
0.1330265
0.1413743
0.0473314
0.0190037
-0.0349714
0.0011347
-0.0230914
-0.0149845
0.0518092
0.0592564
0.0483845
-0.0028152
0.0549222
0.0141608
0.0603147
0.0534701
0.0166507
-0.0252081
0.0045120
0.0048670
