-0.0216488
0.0525226
-0.0654027
0.0151542
0.0142296
-0.0041222
0.0695141
0.0544609
-0.0355968
0.0037776
0.0411099
0.0534772
0.0486026
0.0710525
0.0058485
-0.0178594
-0.0889283
-0.0491754
-0.0399219
-0.0264957
0.0193922
0.1288804
0.2854755
0.2419163
-0.2352568
0.2989100
0.1017045
-0.1059860
-0.1499876
-0.0668815
-0.0853536
-0.1235055
0.0669856
-0.0253169
0.0210485
-0.0215315
-0.0410912
-0.0335969
-0.0224248
0.0606737
0.0332191
-0.0577929
0.0403198
-0.0405443
-0.0858872
-0.0438436
0.0630620
0.0401889
-0.0109023
0.0439951
-0.0508132
-0.0703563
0.0744422
-0.0322557
0.0027235
-0.0036909
-0.1465960
-0.4173501
0.3422646
-0.0165815
-0.1000141
-0.0209710
-0.1000202
0.0645352
0.0957256
-0.0437099
0.0460068
-0.0144205
-0.0579296
0.0296847
-0.0421271
-0.0095713
-0.0560611
-0.0745470
-0.0291151
-0.0498391
0.0125631
0.0472491
0.0789331
-0.0440948
0.0450722
-0.0165601
0.0337034
-0.0411936
0.0402366
-0.0429110
0.0739126
-0.0811507
-0.1044055
0.0440519
0.1458475
0.2825204
-0.4819881
-0.1049768
0.2158672
0.1136829
0.1600038
-0.0580105
-0.0725090
-0.1074667
-0.0815593
0.0745278
-0.0206556
0.0642832
-0.0176496
-0.0760210
-0.0031592
0.0129620
-0.0636641
-0.0399643
0.0243609
0.0738444
-0.0114324
0.0514336
0.0250999
-0.0277070
-0.0573391
-0.0231936
-0.0230877
0.0002455
0.0155433
-0.0303076
0.0232879
-0.0612487
0.0078777
-0.0552393
0.1268528
0.1989898
0.2729078
-0.0805130
-0.4223529
-0.1419453
-0.0414101
-0.0956139
0.0013892
0.0036307
0.0060338
0.0169356
-0.0265548
-0.0132979
0.0291168
-0.0525610
0.0601651
-0.0362724
0.0195975
0.0311381
-0.0584525
-0.0091315
-0.0273383
0.0402883
0.0380259
-0.0184914
0.0232107
0.0748046
-0.0478302
-0.0406166
0.0209739
0.0563813
0.0380697
0.0184596
-0.0217142
0.0210317
0.3758844
0.2432882
0.1924437
0.0350353
-0.0591179
-0.0776146
-0.0921839
-0.0720223
0.0337547
-0.0283407
-0.0393166
0.0959075
-0.0117251
-0.0534490
-0.0144411
0.0310104
0.0012646
-0.0023588
-0.0348965
0.0643281
-0.0610195
-0.0186446
0.0398531
-0.0026794
0.0541521
-0.0495672
0.0532257
-0.0588592
0.0790726
-0.0413578
-0.0579057
0.0285049
-0.0112337
0.0056367
0.0098382
-0.0308804
-0.0909355
0.0106036
