0.0303281
0.0256356
0.0062944
-0.0099023
-0.0316868
-0.0050809
-0.0063108
0.0257621
-0.0449431
-0.0164002
0.0000410
-0.0392916
0.0144794
0.0073894
-0.0391318
-0.0037705
0.0198862
-0.0287058
0.0453038
-0.0262710
0.0157716
0.0139598
0.0474454
-0.0228425
0.0555061
-0.0148799
0.0398557
0.0389185
-0.0364476
-0.0259052
0.0101413
0.0283384
0.0397503
-0.0215311
-0.0520446
-0.0427342
-0.0250736
-0.0534150
-0.0573918
-0.0577356
-0.0500219
0.0177148
0.0524917
0.0250840
0.0440053
0.0288217
0.0169298
0.0350620
-0.0159445
-0.0231273
0.0077574
-0.0112499
0.0515749
0.0410869
-0.0101288
-0.0135984
-0.0007797
-0.0353049
-0.0310329
-0.0067007
-0.0460816
-0.0269002
-0.0442142
0.0486666
0.0373054
0.0107540
0.0004255
-0.0031500
-0.0203690
-0.0234227
0.0250277
-0.0154105
0.0263339
-0.0405217
0.0529643
0.0463983
0.0318742
0.0443933
0.0397268
0.0106325
0.0474257
-0.0055519
-0.0418193
-0.0333110
0.0127633
-0.0132082
0.0195362
0.0312680
0.0438740
-0.1329044
-0.0289866
0.2469521
-0.1496612
-0.0149803
0.0396133
0.0137834
0.0415457
0.0622070
0.0718308
0.0080274
0.0302484
0.0107267
-0.0521203
0.0413697
0.0520771
0.0097503
0.0464724
-0.0172322
0.0325692
0.0397239
-0.0377546
0.0414356
0.0117949
-0.0200023
-0.0354889
0.0471562
-0.0057510
-0.0414826
0.0435617
0.0273834
-0.0014519
-0.0135283
-0.0022655
0.0553334
-0.0347034
-0.0471060
-0.0190815
-0.0262344
-0.0338444
0.0467628
0.0461475
-0.0288148
0.0166427
0.0375682
-0.0053906
-0.0013359
0.0230500
-0.0065576
0.0473531
-0.0527694
0.0450031
-0.0307760
0.0249919
-0.0464645
0.0376071
-0.0404885
0.0441140
0.0297666
-0.0056730
0.0175535
0.0116009
-0.0177047
-0.0565427
-0.0005224
-0.0229918
-0.0521988
-0.0329953
0.0148323
-0.0332325
0.0545752
-0.0314148
0.0010475
0.0185686
0.0316813
0.0472820
0.0643169
-0.0323862
0.0364468
0.0065038
-0.0195810
-0.0621374
-0.0493463
-0.0408536
0.0850949
0.0591258
0.0187152
-0.0997208
-0.1555150
-0.0702649
0.2824115
-0.0029527
-0.2125204
-0.0791467
-0.0017226
0.0306493
0.0813571
0.0715669
0.0289475
0.0102934
0.0593907
0.0070685
-0.0502233
0.0345722
0.0543082
-0.0263092
-0.0480046
0.0259195
-0.0577167
-0.0116961
0.0176752
