0.0023809
0.0408555
-0.0211992
0.0228559
0.0349618
-0.0644031
0.0103583
0.0196433
0.0255398
0.0455580
0.0391729
0.0220519
0.0182687
0.0405708
-0.0235013
-0.0067053
-0.0475055
0.0277919
-0.0039128
-0.0492458
0.0169197
0.0672872
-0.0273136
-0.0607834
-0.0131922
-0.0569254
0.1146917
0.0768014
0.0192463
0.0187182
-0.0839173
-0.0255232
0.2149952
0.0735509
-0.0632870
-0.0658947
-0.0075277
0.0620850
0.0372110
-0.0430836
-0.0399314
0.0043974
-0.0508936
-0.0451586
0.0098857
-0.0400354
-0.0355615
0.0229241
-0.0578147
-0.0076784
-0.0518064
-0.0146036
-0.0223492
-0.0088612
0.0570793
-0.0385754
0.0276339
0.0358661
-0.1333200
-0.1102051
0.1961010
0.2924934
0.2137255
-0.0460389
0.0577014
0.0811706
-0.0045869
-0.0634429
0.0211037
0.0232613
0.0095041
0.0030305
-0.0421522
-0.0537239
0.0183947
0.0100872
-0.0402626
-0.0292993
-0.0306445
-0.0603278
-0.0333933
-0.0518919
0.0377570
0.0474434
0.0704839
-0.0397180
-0.0002482
-0.0024476
0.0239036
0.0297977
0.0708263
-0.1210081
0.0556471
0.2541355
0.1246637
-0.0739478
-0.1270747
-0.0549300
-0.0986012
0.0236366
0.0131819
-0.0154697
0.0446455
-0.0604114
0.0353249
-0.0398183
-0.0316210
-0.0317328
0.0455422
-0.0092635
-0.0176430
-0.0124218
0.0573076
0.0021829
-0.0441713
-0.0256073
0.0125941
-0.0375210
0.0361019
-0.0110392
-0.0211322
-0.0328391
0.0740474
0.1100605
-0.0369156
-0.1732966
0.1634860
-0.0085226
-0.0341015
-0.0292960
-0.0084582
-0.0477258
-0.0210421
-0.0539703
-0.0036328
-0.0087885
-0.0105091
0.0252119
0.0059371
-0.0604591
0.0047434
-0.0519004
-0.0081881
-0.0132725
0.0433571
-0.0151834
0.0539253
-0.0458115
-0.0208551
0.0679910
-0.0055975
-0.0133748
0.0164706
-0.0239485
-0.0535427
0.0755265
-0.0188462
-0.1524958
-0.1696018
0.0918739
-0.0655657
-0.0080342
-0.0488078
0.0469817
-0.0542470
0.0073875
-0.0030366
-0.0497533
0.0109178
-0.0325939
0.0158143
0.0075133
0.0239846
-0.0110105
0.0127553
-0.0444827
-0.0590029
-0.0384765
-0.0297818
-0.0284496
-0.0243996
0.0423839
0.0131070
0.0384661
0.0388994
-0.0216164
0.0094194
-0.0075219
0.0530668
0.0178084
0.1416377
-0.1165789
-0.0063001
0.0767692
0.0289169
0.0003401
-0.0509824
-0.0608631
0.0421187
-0.0389831
