-0.0093382
0.0209570
0.0297905
0.0030975
0.0333301
0.0325680
-0.0145048
0.0030760
0.0400254
-0.0301003
0.0302392
0.0077546
0.0364798
-0.0035326
-0.0189753
0.0289687
-0.0344269
-0.0410172
0.0188144
0.0108846
0.0102073
-0.0090434
-0.0016197
0.0058241
-0.0067182
0.0268190
0.0258351
0.0042319
0.0178604
-0.0338311
0.0370173
-0.0150925
-0.0171615
-0.0003253
0.0183049
0.0310569
-0.0258181
0.0128348
-0.0289764
-0.0196221
-0.0675078
-0.0911632
-0.0312101
-0.0373328
-0.0047703
-0.1104120
0.0059700
-0.0114464
0.0114688
0.0286553
0.0275065
-0.0335004
-0.0043261
0.0351914
-0.0283240
-0.0369352
0.0222071
0.0290392
-0.0023510
-0.0297480
0.0411485
0.0370655
0.0103076
-0.0247698
-0.0622812
0.0258386
0.0807852
0.0456314
-0.1936071
-0.0300237
0.2508181
0.0254941
-0.0982267
-0.1189784
-0.1017754
-0.0705101
0.0497392
0.0368197
0.0241356
0.0299872
0.0316511
-0.0123350
-0.0367025
-0.0570314
0.0261292
-0.0073200
-0.0294362
-0.0023753
-0.0309685
0.0253884
0.0246479
-0.0018407
0.0182526
0.0102913
0.0221856
-0.0254648
0.0114439
-0.0373929
-0.0516086
-0.0392794
-0.0222403
0.0346684
0.0228193
0.0006412
-0.1033758
-0.0010953
0.2022931
-0.0481869
-0.0715342
0.0024663
-0.0489163
-0.0578658
0.0234316
-0.0235493
0.0229339
0.0457446
-0.0202390
-0.0156428
0.0038573
-0.0119416
-0.0023106
-0.0310465
-0.0273487
-0.0062542
0.0424552
0.0347094
0.0119883
0.0404658
0.0355488
-0.0465626
-0.0525364
-0.0800948
-0.0760544
-0.0500483
0.0826428
0.1290088
0.1426842
-0.0422413
-0.0502641
-0.0030040
0.0356375
0.0393758
0.0080755
0.0214301
-0.0319090
0.0050680
-0.0245323
0.0175624
0.0034675
0.0250375
0.0086019
-0.0271635
-0.0005776
-0.0146907
0.0091028
0.0130531
-0.0107730
-0.0054223
-0.0216763
-0.0000172
-0.0257926
-0.0480958
0.0002390
-0.0683726
-0.0722318
0.1143387
0.1100536
-0.0435307
-0.0927634
0.0085177
-0.0227689
0.0026777
-0.0619412
0.0521584
0.0227981
0.0064818
-0.0011476
0.0231623
0.0184559
0.0335998
-0.0133588
0.0268129
0.0285854
-0.0291133
0.0071210
-0.0318612
-0.0187286
0.0241207
0.0331504
0.0199806
-0.0313632
0.0143742
-0.0402047
0.0341945
0.0111266
-0.0251530
-0.0314629
0.0043767
-0.0492820
0.0009808
