0.0465465
0.0289446
0.0548950
0.0398967
0.0232820
-0.0164702
0.0228278
0.0149093
-0.0075797
-0.0426611
-0.0554467
0.0720557
0.0382035
0.0559232
0.0262140
0.0399636
-0.0116574
0.0600055
0.0696871
-0.0461318
-0.0719630
0.0611074
-0.0614610
0.0303541
0.0528045
0.0123709
0.0670781
-0.0479515
-0.0685588
-0.0394629
0.0022132
-0.0062681
0.0153905
0.0592039
0.0067688
0.0475819
0.0022433
0.0366259
0.0545191
-0.0130014
0.0372364
0.0466590
0.0598547
-0.0014237
-0.0103291
0.0658948
-0.0313873
0.0595056
-0.0052510
-0.0149591
-0.0368353
-0.0652169
0.0074576
0.0430092
-0.0077968
-0.0329583
0.0020057
-0.0097243
-0.0033902
-0.0376238
-0.0310112
-0.0823521
-0.0789879
0.0350001
0.0505061
0.0088906
-0.0261446
0.0488005
-0.0007436
0.0585517
-0.0752570
-0.1978275
-0.1722874
-0.1868605
0.0626843
0.4330080
-0.2421337
-0.5268454
-0.4354096
-0.2133706
0.0158807
0.0271760
0.1060715
0.0157161
-0.0564425
0.0098157
0.0001993
0.0879713
-0.0696931
0.0457598
-0.0450299
-0.0287188
0.0436945
0.0131275
0.0238377
-0.0478457
0.0605689
-0.0197378
0.0292422
0.0411944
0.0531835
-0.0194532
-0.0203366
0.0211654
0.0680000
0.0646957
0.0401265
0.0455016
0.0067120
0.0530961
0.0441136
0.0092768
-0.0366565
-0.0139648
0.0648861
-0.0196655
-0.0218888
0.0475185
-0.0575929
0.0583535
0.0405020
-0.0466797
0.0220014
0.0423593
-0.0608681
-0.0508722
-0.0319394
-0.0268051
-0.0017114
-0.0547488
-0.0197437
-0.0101366
-0.0241104
0.0311756
-0.0013712
-0.0686430
-0.0185009
-0.0745098
-0.0337463
0.0070745
0.0695442
0.0051008
0.0313841
-0.0142704
-0.0256912
0.0195405
0.0069033
-0.0021323
-0.0391637
-0.0502610
-0.0215167
0.0182116
-0.0542118
0.0410290
0.0200507
-0.0428116
0.0408477
-0.0258275
0.0081518
0.0570382
0.0569806
-0.0473291
-0.0249337
0.0554234
0.0325669
-0.0658678
-0.1064564
0.0281000
-0.0328139
-0.0364914
0.0112916
0.0694961
0.0325937
0.0496862
-0.0643921
-0.0822793
-0.1761520
0.0429860
0.4713961
-0.0059476
-0.5624985
-0.3525742
0.1090038
0.1025211
0.0797014
0.1179736
-0.0059470
-0.0039995
-0.0543867
-0.0787610
0.0171744
0.0448471
0.0086015
-0.0417917
0.0452127
-0.0205087
-0.0129952
-0.0222635
0.0324808
0.0575987
