0.0075282
0.0321547
0.0045504
-0.0422686
-0.0236269
0.0459298
-0.0002934
-0.0541911
-0.0106662
-0.0297082
0.0147451
-0.0388399
-0.0363048
-0.0110965
-0.0224865
0.0179639
0.0560828
-0.0212469
-0.0061416
-0.0711981
0.0199649
-0.0401015
0.0631307
0.0044584
-0.0159877
-0.0445717
0.0734181
-0.0460845
0.0353878
0.0592068
0.0448991
-0.0203463
0.0144382
0.0244963
0.0116286
-0.0006500
-0.0072147
-0.0358852
0.0022533
0.0459215
-0.0467151
-0.0534144
0.0024547
0.0337291
0.0515328
0.0228623
-0.0433662
0.0445580
-0.0664902
0.0344374
0.0520720
-0.0440309
-0.0443120
-0.0150099
0.0373547
-0.0148006
-0.0341104
-0.0372380
-0.0141831
0.0386565
-0.0183123
-0.0359848
0.0320584
-0.0221024
0.0550517
-0.0481223
0.0591613
-0.0440577
0.0336971
0.0233710
0.0106621
0.0308796
-0.0522839
-0.0054780
-0.0061670
0.0246981
0.0712715
0.0515517
-0.0561467
0.0126624
0.0483711
0.0140695
-0.0630379
-0.0066808
-0.0466951
0.0542047
-0.0587308
0.0089786
-0.0309955
-0.0534377
0.0097573
0.0734856
0.0583455
0.0520781
0.0602901
-0.0318086
0.0628411
0.0124049
-0.0137845
0.0011120
-0.0124977
-0.0354811
0.0376749
0.0591713
-0.0275603
0.0674614
-0.0296398
-0.0195613
0.0624057
-0.0368538
0.0533652
0.0461180
0.0336708
-0.0035901
-0.0044429
-0.0321460
0.0817907
0.0427640
-0.0554784
0.0059822
0.0226506
0.0772756
0.0648425
-0.0495523
-0.0570787
0.0715445
0.0417574
-0.2374522
-0.3363081
-0.1749997
0.0183464
0.0234371
-0.0659087
-0.0691179
0.0083213
-0.0361743
0.0685571
0.0124068
-0.0039224
0.0439472
-0.0105077
-0.0543741
0.0418435
-0.0010539
0.0663204
0.0437341
0.0558505
-0.0107037
-0.0313877
-0.0514436
-0.0375255
0.0634344
0.0523743
-0.0563627
-0.0185455
0.0097804
-0.0090506
-0.0059762
-0.0027408
-0.0351830
0.0130807
-0.0359921
-0.0071063
-0.0383577
-0.0231759
-0.0457104
0.0018476
-0.0459451
0.0159930
0.0185954
0.0386253
0.0023051
-0.0407786
0.0685579
-0.0545366
0.0634642
-0.0396720
0.0573414
-0.0588517
0.0352778
0.0572639
0.0181660
0.0529300
0.0611660
-0.0389896
0.0472882
-0.0449521
0.0565281
0.0538380
-0.0086957
0.0273086
0.0101557
0.0237732
-0.0569673
-0.0448291
-0.0688181
-0.0325708
-0.0270384
0.0677119
-0.0518608
