0.2636517
-0.0596727
-0.0420639
-0.0323848
0.0282422
-0.0136859
0.0280177
0.0055408
-0.0094812
0.0205688
-0.0205321
-0.0274773
0.0339457
-0.0199877
-0.0372239
-0.0234704
0.0081748
-0.0178974
-0.0220118
0.0270115
0.0304811
-0.0012338
0.0055041
0.0389451
-0.0209279
0.0184737
0.0121302
-0.0115098
0.0216498
-0.0034830
-0.0356396
0.0231264
-0.0061159
0.0166920
-0.0075882
-0.0292883
-0.0080163
0.0740744
-0.1600156
0.1843333
0.3355179
0.3750557
0.0464325
-0.1306945
-0.2733074
-0.2568605
-0.0593770
-0.0071129
0.0264342
-0.0125774
-0.0143449
-0.0101090
0.0000517
0.0274977
0.0226672
-0.0196713
0.0095788
0.0102420
-0.0070248
0.0304569
0.0026332
-0.0237355
-0.0032156
-0.0015416
0.0128588
-0.0052330
0.0070443
0.0043829
-0.0055684
0.0357508
-0.0318380
-0.0124132
-0.0046274
-0.0352150
-0.0354130
0.0152431
0.0480985
0.0017161
-0.0583246
-0.0306592
0.0509704
-0.2469142
0.0240186
-0.0068725
0.0454632
0.0198993
0.0009896
-0.0227848
-0.0303679
0.0208545
0.0385802
-0.0166767
0.0088121
0.0122845
0.0189791
0.0183183
0.0008192
0.0309474
-0.0260734
-0.0268397
