0.3143835
0.0172369
-0.0312022
-0.0441098
0.0284186
0.0409575
-0.0175246
-0.0012506
0.0249446
-0.0109175
0.0207205
0.0251930
0.0143965
0.0094740
0.0224632
-0.0343857
0.0325378
0.0148611
-0.0235109
-0.0103061
-0.0164949
-0.0254240
-0.0034744
0.0101161
-0.0384368
0.0118953
0.0132535
-0.0105916
0.0180704
-0.0120786
-0.0083472
-0.0097039
0.0471211
0.0073717
-0.0431362
0.0352932
-0.0241296
0.0258565
-0.0193885
-0.2008049
-0.2592299
-0.2037415
0.2081361
0.3763278
0.4436312
0.3721133
-0.0624174
-0.2851507
-0.0858773
0.0044494
-0.0382849
-0.0218120
-0.0329227
0.0189192
0.0256980
-0.0458411
0.0288300
-0.0012236
-0.0117841
-0.0132701
-0.0264082
0.0079482
0.0366595
0.0196723
0.0040117
-0.0028479
-0.0420601
-0.0339430
0.0102663
-0.0142271
-0.0277991
-0.0055457
0.0227297
-0.0241035
-0.0361223
-0.0024542
0.0342783
-0.0007323
-0.0235606
-0.0422726
-0.0384964
0.4181353
0.0827484
-0.0025694
0.0011724
-0.0224615
0.0094855
-0.0198484
-0.0332583
-0.0075180
0.0294901
-0.0022397
0.0274150
-0.0246344
-0.0293343
0.0119068
0.0384143
0.0230056
0.0270255
-0.0469092
