0.3985409
-0.0483841
-0.0207353
-0.0337445
0.0204182
0.0457846
-0.0103773
0.0137860
0.0024634
-0.0080193
-0.0076558
-0.0058915
-0.0289976
0.0163619
0.0350812
0.0099974
0.0097760
0.0294271
-0.0024857
0.0192179
-0.0063514
-0.0223583
0.0150536
0.0096450
0.0037857
0.0070518
-0.0072526
0.0400582
-0.0051013
0.0207156
0.0005331
-0.0232813
0.0161516
0.0223436
-0.0100636
0.0410330
-0.0373913
0.0342787
-0.0589163
-0.1902796
0.0378635
0.2131039
0.4163572
0.1949362
-0.0773826
-0.2123099
-0.1866569
-0.0482666
-0.0206591
-0.0322644
-0.0072194
-0.0242531
0.0336263
0.0239029
-0.0090327
0.0379495
-0.0257725
0.0009932
-0.0021702
-0.0331767
-0.0218894
-0.0059793
-0.0517100
0.0177702
-0.0011355
-0.0394997
0.0104158
0.0184356
0.0057923
-0.0138916
0.0163280
-0.0277878
0.0266169
-0.0250357
-0.0396199
-0.0052279
0.0259057
0.0475163
0.0102184
-0.0512022
-0.0005652
-0.0875200
-0.0134285
-0.0161977
0.0205430
0.0185265
0.0034261
-0.0510049
0.0447893
0.0056504
-0.0165895
-0.0184528
-0.0079743
0.0503787
-0.0148454
0.0005859
-0.0076814
-0.0297315
-0.0005578
0.0307119
