-0.2363087
0.5982740
0.3976199
-0.3759365
-0.0481361
0.0505201
0.0697580
0.0014572
-0.0521448
-0.1532562
-0.0617875
0.2791008
0.5478681
0.2652482
-0.3234222
-0.6694828
-0.0363374
0.2325887
0.0919998
0.1367754
-0.0319769
0.0060680
-0.0742104
-0.0183244
-0.0601174
-0.2796581
0.5543277
-0.3205444
-0.4115818
-0.2871673
-0.1100560
-0.1051400
0.1386234
0.0114722
-0.0155781
-0.1007524
0.0098862
-0.0599661
0.0169764
0.0405626
0.0660713
-0.0192882
0.0423379
0.0490889
0.0440794
-0.0048008
0.1017859
-0.0180479
0.3481541
0.1331751
-0.0792016
0.0244428
-0.0638401
0.0460120
-0.0361719
-0.0475243
-0.0659278
-0.0579204
-0.0334363
0.0304313
0.0843886
0.0764133
0.0422393
-0.1960736
-0.0855859
0.3825523
-0.1610896
-0.2682143
0.0773353
0.3148087
0.2193945
-0.3336006
-0.0569939
0.0218658
0.0853685
0.0687607
0.0779639
0.1136229
-0.0200170
0.0339775
0.0233919
-0.1282086
-0.0091522
0.1088634
0.0216456
0.0713722
-0.0417158
-0.2428902
0.3250811
-0.3410891
-0.0505625
-0.0225558
0.0067164
-0.1132327
0.0344980
0.1681435
0.1193861
-0.1629185
-0.1246689
-0.1774357
-0.0793628
0.0178437
-0.0102178
0.0415727
-0.0781546
-0.0084307
-0.0226363
0.0313235
0.1299936
0.0136286
-0.0817685
-0.0879286
0.3711538
0.3114999
-0.3654536
-0.2480219
0.1654647
0.1267363
0.0112035
-0.0770681
-0.0816155
0.1092230
-0.0342119
-0.0637816
-0.0335487
0.0608051
0.0691307
0.1208551
-0.0654824
-0.1022860
-0.0899451
-0.1926409
-0.1215814
0.0819477
0.2254955
0.2159575
0.1861820
-0.1906443
-0.2410617
-0.0796451
0.1483265
0.1690270
0.0538074
-0.1179112
-0.0178029
-0.0229633
-0.0179340
0.1222104
0.0263356
0.0331142
-0.0921584
-0.1214251
-0.1916358
-0.2387382
0.1855165
-0.3149262
-0.0713879
0.0764346
0.0693873
0.1035923
0.0188526
0.0709669
0.1771271
0.0195330
-0.0124571
-0.0066897
0.0078057
0.0455970
-0.0073086
-0.0884359
-0.1196906
-0.1136653
-0.1061635
0.0356260
0.6115353
0.3864024
-0.2161267
-0.1839841
-0.0292330
0.1175892
0.0057679
-0.0099209
-0.0100402
-0.1306873
-0.1741757
-0.0401303
0.1331395
0.1189969
0.1145710
0.1046739
-0.0905864
-0.0258858
0.0674818
0.0345357
0.0021510
-0.1102421
-0.0899939
-0.1271022
0.2387874
0.5328954
