-0.0468393
-0.0418964
-0.0368623
0.0289348
0.0471436
0.0197998
-0.0366390
-0.0343727
0.0050782
0.1149245
-0.0394613
0.0353252
-0.0091492
0.0069338
-0.0155504
0.0071590
0.0400329
0.0500910
-0.0058400
-0.0481388
-0.0120388
-0.0276768
0.0321601
0.0204444
-0.0245964
-0.0390292
0.0310962
-0.0223227
0.0092827
-0.0012120
-0.0148195
-0.0306587
-0.0212416
-0.0199989
-0.0164271
-0.0205349
-0.0329674
0.0177141
-0.0181068
0.0369313
-0.0124055
-0.0222115
-0.0007714
0.0093610
0.0187131
0.0249162
0.0056744
-0.0133631
-0.0026807
0.0504428
0.0507020
0.0426700
-0.0125843
-0.0373702
0.0459774
-0.0172090
-0.0601591
0.0068469
0.0340002
0.0258099
-0.0285782
-0.0395040
-0.0493095
0.0317925
0.0421631
-0.0308886
-0.0666845
-0.0281727
0.0128701
0.0015138
0.0092531
-0.0119709
-0.0334010
-0.0365368
-0.0684942
0.0212344
0.0599803
0.0571766
0.0355631
0.0313357
0.0376827
-0.0768468
-0.1452574
0.2100341
-0.0288762
-0.0718011
-0.0503051
0.0053187
0.0203134
-0.0215233
-0.0388837
0.0124722
-0.0032910
-0.0342340
0.0402182
0.0679037
-0.0340326
-0.0102913
0.0051795
0.0059130
0.0247704
-0.0425705
-0.0213538
-0.0380019
0.0485964
0.0341805
-0.1001125
-0.0981109
0.0136887
0.0789283
0.0244731
-0.0205470
-0.0282854
-0.0014802
0.0036902
-0.0196024
0.0358747
0.0232875
0.0021661
-0.0393666
-0.0416687
0.0940449
-0.0616085
-0.1072303
-0.0762932
0.0655759
0.0034686
-0.0328648
-0.0773016
-0.1040860
-0.0802970
-0.0317572
-0.0222274
-0.0071992
-0.0178707
0.0289048
0.0005299
0.0065977
-0.0093755
-0.0022920
-0.0528069
-0.0297532
0.0343058
0.1837125
-0.0926773
-0.0225500
0.0123526
-0.0238766
0.0237139
0.0686184
0.0552809
0.0051499
-0.0112118
-0.0495493
-0.0231970
0.0601487
-0.0213887
-0.0191574
0.0046589
0.0330115
-0.0125092
-0.0251908
-0.0654538
-0.0243185
0.0730848
0.0552171
0.0020919
-0.0285136
-0.0483746
-0.0183215
-0.0014725
0.0146358
0.0616442
0.0364455
-0.0147614
-0.0552051
0.0364362
0.0274269
0.0073028
0.0153929
-0.0192431
0.0015757
0.0035177
0.0119114
-0.0434184
-0.0060357
-0.0134415
-0.0164020
0.0513917
0.0720378
-0.1807844
0.0149253
0.0826478
0.0072402
0.0275483
-0.0057853
-0.0205929
0.0103798
0.0560225
0.0313369
