0.3602467
-0.0239786
-0.0695668
-0.0049298
0.0230864
0.0364662
0.0321456
0.0108450
0.0012124
-0.0297655
-0.0338917
-0.0236542
-0.0089884
0.0242450
0.0315042
-0.0015036
-0.0211609
0.0328679
0.0140862
0.0219783
0.0401922
-0.0093386
-0.0292947
-0.0289345
-0.0169541
0.0159115
0.0152227
-0.0237020
-0.0063735
-0.0310136
-0.0225998
-0.0141734
-0.0083913
0.0199679
0.0002158
-0.0065106
-0.0640971
0.0538241
-0.0749499
-0.2268101
-0.1464706
-0.0480580
0.3986959
0.4872230
0.3708101
0.1208144
-0.2129215
-0.2391827
-0.0415799
-0.0273284
0.0006111
0.0308507
-0.0182597
-0.0123990
0.0119500
-0.0084492
0.0296421
0.0308447
-0.0343768
0.0359380
0.0244381
0.0015290
-0.0522349
0.0103004
-0.0169126
-0.0263789
-0.0004025
-0.0298227
0.0087819
-0.0133873
0.0065682
0.0383644
-0.0115515
-0.0357212
-0.0241510
-0.0199435
0.0229661
-0.0127706
-0.0005149
0.0214430
-0.0405676
0.3199996
0.1202354
0.0015683
-0.0164893
0.0148574
0.0306681
-0.0240769
0.0051186
-0.0326665
0.0064986
0.0303470
-0.0165622
-0.0109694
0.0358863
-0.0221565
0.0006188
0.0158379
-0.0213666
-0.0270765
