0.7260542
-0.0173173
-0.0331322
0.0867562
0.0212680
-0.1014394
-0.1133815
-0.0520226
0.0244337
-0.0193461
-0.0082382
0.0542944
-0.1267255
0.2549122
0.0290999
-0.0183276
0.1486069
0.0752303
0.0199202
0.0641439
0.0612104
-0.0733633
-0.0164678
-0.0485447
-0.1200361
-0.0104542
-0.0078206
-0.0584964
-0.0406883
-0.0751729
0.3254094
0.6050192
-0.9142537
0.2605481
0.0054452
0.0163288
-0.1157876
0.0130343
-0.0556388
-0.0076360
-0.1030811
-0.0544032
-0.1039991
0.0076684
-0.0901964
-0.0608124
0.0907053
0.0467889
0.1139889
-0.0525691
-0.0336160
-0.0263801
-0.0267984
-0.0390621
-0.0880727
0.0687071
-0.0766213
-0.2071400
-0.0059993
0.7360213
-0.0354267
0.5100314
0.2730697
-0.0588512
-0.0748751
-0.0261929
0.1277838
-0.0387466
-0.0365426
-0.0443343
-0.0306798
-0.0517308
0.0347637
-0.0304300
0.0259820
0.0555888
-0.1624501
-0.2169483
0.3543995
0.3947221
0.1449428
0.0989889
-0.0195382
-0.0031094
0.0013966
0.0647053
-0.0306737
-0.1637746
-0.1816659
-0.0427316
0.0534903
0.1835244
-0.1348884
0.1146739
-0.1049686
-0.0059402
0.0838448
0.0116542
0.0020286
0.0495801
