0.3831591
0.0211859
-0.0181795
-0.0407885
-0.0098409
0.0430487
0.0476563
0.0217203
-0.0130410
0.0065568
-0.0247187
-0.0161480
-0.0185936
0.0290102
-0.0033844
-0.0053964
0.0356116
0.0323149
-0.0175717
0.0140001
0.0160218
-0.0280688
-0.0256791
-0.0412451
0.0377396
-0.0010399
0.0188204
0.0038375
-0.0132697
-0.0041719
-0.0511304
0.0086916
0.0109333
-0.0172758
0.0036103
-0.0169973
-0.0098138
-0.0491225
0.0355654
0.0578267
-0.0015140
-0.0236628
-0.1502319
-0.1622190
-0.2213560
-0.2542684
-0.0022277
0.4414449
0.0542783
0.0240135
-0.0268414
-0.0019485
0.0178626
-0.0115871
-0.0069330
-0.0053667
-0.0128687
-0.0249863
-0.0366065
-0.0259328
0.0052126
-0.0456306
-0.0006014
0.0296504
-0.0353024
-0.0146966
0.0239197
0.0308899
-0.0279119
-0.0145132
-0.0185651
-0.0188856
-0.0489385
-0.0002979
-0.0274614
-0.0256654
0.0107702
-0.0365356
-0.0080885
-0.0430078
0.0285358
0.0221329
-0.0990284
-0.2134423
0.0558398
0.0253105
-0.0681308
0.0011234
0.0106862
0.0056119
0.0672227
-0.0085921
-0.0361992
0.0075172
-0.0169652
-0.0176215
-0.0078569
0.0322627
0.0325643
-0.0278515
