0.0931648
-0.0147868
-0.1018806
-0.0610554
0.0547684
0.0803272
-0.0648494
0.0283141
0.0432946
-0.0721132
0.0432722
0.0307156
-0.0011571
0.0760433
0.0586664
0.0372759
-0.0458885
0.0276435
-0.0706520
0.0217860
-0.0057591
-0.0102138
0.0557867
0.0841876
0.0303908
-0.0637857
-0.0342246
0.0499798
-0.0244341
-0.0264902
0.0136110
0.0096799
-0.0244374
-0.1156693
-0.0470041
0.2269820
-0.1844308
-0.1378434
0.0235321
0.0416114
0.1580277
0.0557590
-0.0548348
-0.0736153
-0.0442332
0.0075126
-0.0354918
-0.0677043
0.0451905
-0.0359704
0.0280177
0.0423202
-0.0466242
-0.0600026
-0.0477768
-0.0208879
0.0515264
0.0754234
-0.0336927
0.0449215
0.0369944
-0.0100098
0.0328362
-0.0765541
-0.0694404
0.0259617
-0.0149756
0.3561572
-0.3141019
-0.0454990
0.0468129
0.0669740
0.0765815
-0.0468717
-0.1037879
0.0302970
0.0263208
-0.0313490
0.0180494
-0.0159227
-0.0422281
0.0349491
0.0136712
0.0213319
-0.0270753
0.0384596
0.0119702
-0.0558215
0.0737757
-0.0369776
0.0591414
-0.0018553
-0.0597487
0.0327156
0.0074474
-0.0276055
0.0115433
-0.0820047
-0.0497399
0.0112498
-0.0465675
0.0936803
0.0417504
-0.1139203
-0.1248601
-0.0966832
0.0131074
0.2386984
0.2451673
0.0392443
-0.1042064
-0.0007535
0.0733866
-0.0154499
-0.0305118
0.0050531
0.0155763
0.0826519
-0.0259751
-0.0687910
0.0003221
0.0091739
-0.0555720
-0.0470123
-0.0246013
-0.0148028
-0.0629295
0.0390061
-0.0712272
-0.0680330
0.0696207
-0.0542694
-0.0131333
0.0590386
-0.0254134
0.0306883
-0.0262408
-0.0241165
-0.0600672
-0.0100135
0.0677400
0.1568357
0.2079473
-0.2616694
-0.1103715
0.0669984
0.1301694
-0.0077411
0.0157308
-0.0433307
0.0116829
-0.0924552
0.0078090
-0.0025938
0.0454781
0.0170111
-0.0464435
-0.0528631
-0.0617463
-0.0568038
0.0443893
-0.0510311
-0.0719140
0.0512069
0.0175403
-0.0724395
0.0222185
0.0134859
-0.0207004
0.0428013
0.0334830
-0.0087911
0.0889203
-0.0598299
-0.0518801
-0.0045685
0.0062466
-0.0253750
0.2578865
-0.1898321
-0.2920319
-0.0844946
0.0238759
0.1101047
0.0598986
-0.0370910
-0.0846292
-0.0801595
0.0000929
0.0152985
-0.0637097
0.0506056
0.0094197
0.0435063
0.0204016
0.0701781
-0.0650355
0.0249598
-0.0274114
0.0453383
