0.3479162
-0.0109168
-0.0098411
-0.0238663
0.0071309
0.0169620
0.0321709
-0.0244492
-0.0029872
-0.0068732
-0.0072392
-0.0102495
0.0112534
-0.0250198
0.0269855
-0.0172519
-0.0290582
0.0178885
-0.0016540
-0.0088738
0.0175080
0.0184004
0.0030985
-0.0164210
-0.0151761
0.0461524
-0.0269678
-0.0147295
-0.0116643
0.0009234
0.0320069
-0.0029211
-0.0103518
0.0170181
0.0544071
-0.0326799
0.0790428
0.0440103
-0.0704769
0.3232322
0.1795847
0.0076901
-0.2883424
-0.2301576
-0.1938165
-0.0839088
0.0179479
0.0445491
-0.0404890
-0.0182730
0.0187240
-0.0075463
0.0510063
-0.0147951
-0.0468024
-0.0057739
0.0071736
-0.0040199
0.0050871
-0.0234472
0.0134599
0.0117136
0.0299369
-0.0291535
-0.0241610
-0.0186873
-0.0295444
-0.0161120
0.0467896
-0.0431368
0.0228184
0.0111300
-0.0350094
-0.0009731
-0.0463664
0.0042353
0.0605091
0.0936805
0.0224633
-0.1600815
0.0436011
-0.0077839
0.0148649
0.0233378
-0.0011727
0.0256070
0.0288137
0.0296216
-0.0120232
0.0128081
-0.0047684
-0.0221569
0.0049406
0.0119821
-0.0124303
-0.0190397
0.0072749
0.0245957
-0.0237379
-0.0226350
