0.3761411
-0.0331758
-0.0180244
0.0344954
-0.0144322
0.0350538
0.0405933
0.0118473
0.0481514
0.0380142
-0.0200693
-0.0140927
-0.0412276
0.0176702
0.0031696
0.0017408
0.0181707
0.0346360
-0.0220745
0.0021307
0.0138768
-0.0045973
0.0163222
0.0465199
0.0022562
0.0353273
0.0497639
0.0057171
-0.0419505
-0.0405855
0.0369226
-0.0202282
0.0212682
-0.0267952
-0.0115782
0.0121712
-0.0557951
0.0188976
0.0288591
-0.1541618
-0.1687406
-0.1285332
0.1781745
0.3464725
0.3201863
0.1961255
-0.1513721
-0.2533344
-0.0245298
-0.0275939
0.0070576
0.0154518
0.0009017
0.0163287
0.0308185
0.0026636
0.0013701
-0.0085357
0.0311060
-0.0055137
-0.0278077
-0.0201627
-0.0275951
-0.0007298
-0.0155109
-0.0120665
-0.0337470
-0.0039021
-0.0243573
-0.0244584
0.0045602
0.0171305
-0.0208333
-0.0041397
-0.0377911
-0.0266199
-0.0459221
-0.0211256
0.0554216
0.0340756
-0.0121122
0.1034389
0.0923237
0.0297203
-0.0388712
-0.0420742
-0.0062071
0.0307876
0.0007104
-0.0279653
0.0239677
-0.0095704
0.0085302
0.0084074
-0.0271458
-0.0107942
-0.0020588
-0.0155144
0.0055106
-0.0252091
