0.4727036
-0.0473281
-0.0756689
-0.0081496
0.0020259
-0.0006751
-0.0071854
-0.0213865
0.0268278
0.0239412
0.0054049
-0.0148829
-0.0177301
-0.0325125
-0.0108966
-0.0229924
0.0126990
-0.0120762
-0.0010131
0.0201042
0.0192073
0.0209742
0.0156392
-0.0059427
0.0296384
-0.0094504
-0.0386417
0.0403941
-0.0217073
-0.0072329
0.0078643
0.0335014
-0.0331352
-0.0161787
-0.0399063
-0.0169238
0.0203568
0.0679283
-0.1267715
-0.1800676
-0.0316423
0.2140782
0.4272910
0.2637490
0.0588697
-0.1885688
-0.2339191
-0.1375397
-0.0064747
-0.0064715
-0.0082563
-0.0018096
-0.0017007
0.0209276
0.0229292
0.0080563
-0.0374814
0.0268885
-0.0169912
0.0398250
-0.0198503
0.0107442
-0.0029676
0.0122086
0.0076205
0.0369431
-0.0518705
0.0119062
-0.0027125
0.0386308
-0.0070989
0.0210350
-0.0172602
-0.0384643
-0.0268935
-0.0215708
0.0335760
0.0439106
-0.0110307
-0.0406968
-0.0272309
0.4201232
0.0784482
-0.0251044
0.0184878
0.0541531
-0.0165982
0.0185422
-0.0085192
-0.0510495
0.0128366
0.0125193
0.0117981
0.0254059
-0.0186069
-0.0317760
-0.0216849
0.0075952
-0.0199337
0.0104159
