0.2891228
0.0838723
0.0136262
0.0218175
0.0586710
0.0105984
-0.0447153
-0.0415528
-0.0074542
0.0410187
-0.0283920
0.0492777
-0.0458028
0.3504307
-0.0222344
0.0028593
0.0169624
0.0555527
-0.0273956
-0.0504166
0.0401349
0.0855889
-0.0076786
-0.0044374
-0.0711606
0.0122115
0.0393835
-0.0249861
0.0665478
-0.1227164
-0.0326746
0.0208493
0.0252411
0.1845585
0.0037287
0.0216096
-0.0007722
0.0041456
-0.0159001
0.0495481
0.0520322
0.0406769
-0.0206560
0.0829962
-0.0326205
-0.0014212
-0.0348986
-0.0516533
0.0987454
0.1199787
-0.0455404
0.0114784
0.0161643
0.0532892
-0.0387619
0.0454757
-0.0132779
-0.0649046
0.0015327
0.3098588
0.2065706
0.1256513
0.0374417
0.0098710
0.0079974
0.0289490
-0.0181070
0.0019126
0.0459538
0.0072583
0.0010713
0.0073774
0.0300446
-0.0281907
0.1055483
0.0412668
-0.0636627
-0.0767343
0.3018097
-0.4982998
0.1645611
0.0454416
-0.0018751
0.0344993
-0.0653606
0.0126743
0.0074785
-0.0773722
0.0431482
0.0336103
0.4214542
-0.0670763
-0.0177210
-0.0384483
-0.0478026
0.0177499
0.0001932
0.0592083
-0.0360901
0.0474489
