0.4192965
-0.0065652
-0.0223392
-0.0346597
0.0377352
0.0124275
-0.0259735
0.0054811
0.0186401
0.0367618
-0.0195251
-0.0165713
-0.0149838
-0.0326169
0.0069453
0.0249853
-0.0053855
-0.0193088
0.0210833
-0.0248483
0.0066090
-0.0332179
-0.0212625
-0.0212548
0.0084370
0.0148822
-0.0287860
-0.0299711
0.0286759
-0.0222539
-0.0221132
-0.0144681
0.0329057
-0.0084875
-0.0194082
-0.0205973
-0.0704770
0.0270513
-0.0075839
-0.1719148
-0.1648472
-0.0828201
0.2847636
0.4067750
0.3833430
0.1876965
-0.2093135
-0.2121401
-0.0296605
-0.0042548
0.0158202
0.0052187
0.0089379
-0.0035556
0.0078626
0.0018346
-0.0076229
-0.0367182
0.0196851
-0.0523574
-0.0181175
-0.0330571
-0.0014806
-0.0043672
0.0013939
0.0327851
-0.0208560
-0.0113466
0.0228264
-0.0399236
-0.0278381
-0.0111887
0.0349658
-0.0248537
0.0373662
-0.0260049
0.0108357
0.0555042
-0.0071746
-0.0178242
-0.0036320
0.3657511
0.0637607
-0.0187955
-0.0178463
0.0146084
0.0247222
-0.0107128
-0.0160757
0.0245478
-0.0223093
0.0254892
0.0080670
0.0410383
0.0144951
-0.0436734
0.0116711
0.0033431
0.0089242
0.0254620
