0.3892478
-0.0475989
-0.0357948
0.0054934
0.0414096
0.0240992
0.0127617
-0.0058633
0.0228880
0.0350711
0.0085345
0.0151855
-0.0003454
-0.0244664
-0.0053911
-0.0272331
-0.0094999
0.0111167
0.0110575
-0.0322124
0.0363651
-0.0137520
-0.0376704
0.0247115
-0.0134202
0.0102056
0.0010968
0.0177689
-0.0402670
0.0271965
0.0321627
0.0052650
-0.0388778
0.0159409
-0.0318030
0.0008865
0.0106507
0.0559364
-0.1477989
-0.0622212
0.1663337
0.3676136
0.3435127
0.1223691
-0.1025391
-0.2684198
-0.2352588
-0.0499567
-0.0389246
-0.0526577
-0.0210566
0.0218585
-0.0167555
0.0186432
0.0295581
-0.0441768
0.0003645
0.0193135
0.0010913
0.0163017
-0.0449878
0.0274545
-0.0024465
0.0151553
0.0007378
0.0212154
0.0356285
0.0146398
-0.0168761
0.0400153
0.0135034
0.0093333
0.0198136
0.0042598
0.0049498
0.0140685
0.0099343
-0.0069641
-0.0106844
-0.0293200
-0.0555494
0.2244367
0.0676126
0.0532911
-0.0510586
-0.0226450
0.0123320
-0.0222316
-0.0138670
-0.0082488
-0.0407157
0.0276204
-0.0045007
-0.0319255
0.0132057
0.0344653
-0.0079394
-0.0030897
-0.0137486
0.0009420
