0.1367528
-0.1805397
-0.3422459
-0.1519345
0.4890563
0.2506524
-0.3086247
-0.0417002
-0.0333341
0.0652546
0.0850186
0.0647494
-0.0311995
0.0091832
-0.0736164
-0.0171748
-0.0080575
0.0607238
-0.0381134
-0.0272558
-0.0448031
0.0725071
-0.0599301
0.0177266
0.0410413
-0.0716065
-0.0475197
-0.0541036
0.2496775
0.2524606
0.2806952
0.0455439
-0.0971252
0.2203512
0.3422827
-0.0007675
-0.0789191
0.0659461
-0.0350425
-0.0396950
0.0756283
0.0288405
0.0393998
-0.0898392
-0.0834282
0.0468018
-0.0474484
-0.0675811
-0.0007400
-0.0268246
-0.0462104
-0.0655065
-0.1003991
0.2088099
-0.1875960
-0.0449095
-0.1900922
-0.0572537
0.0522159
0.0883937
0.0429104
-0.0616313
-0.0770761
0.0062816
0.0605198
0.0309879
-0.0580889
-0.0396825
-0.0789588
-0.0511375
0.0574189
-0.0534760
0.1510287
0.3016594
0.1655517
-0.2852287
-0.0285694
-0.0340595
0.0355897
-0.0416189
0.1689597
0.2895942
-0.1023378
-0.1080203
-0.0108831
0.0565735
0.0231397
0.0209115
-0.0907041
-0.0583101
0.0902801
0.0439950
-0.0322551
-0.0585517
0.0271964
-0.0401425
-0.0132367
-0.0754060
-0.0292784
-0.1346852
0.1778849
-0.2593063
-0.1768861
-0.1144159
-0.0633856
0.3264187
0.1478294
-0.1839379
-0.1138715
-0.1099927
0.0082215
0.1029820
0.0655628
-0.0047146
-0.0918731
0.0360322
-0.0564269
0.0556864
0.0679225
0.0269094
-0.0767074
0.0155659
-0.0333634
-0.0059361
0.2422203
-0.3515502
-0.1433257
0.1407123
0.3005942
0.4350210
0.1449652
0.0453524
0.0945236
-0.0623386
-0.0707272
0.0256958
-0.0102989
-0.0221278
-0.0120700
0.0229038
-0.0066957
0.0679057
0.0201479
0.0411474
-0.0006891
-0.0302377
-0.0655010
-0.0153007
0.2667146
-0.2231666
-0.2566750
-0.1650106
-0.0983290
0.2098963
0.3318610
-0.2418763
-0.0065638
0.0510066
-0.0344378
-0.0269647
0.0524527
0.0461592
0.0496409
0.0700847
-0.0439396
-0.0189954
-0.0962229
-0.0256911
0.0043139
-0.0236671
0.1505225
0.3182892
0.3333181
-0.2214873
-0.0695583
-0.0109623
0.1480942
0.2163633
-0.0098642
-0.1195624
-0.0901217
0.0484261
0.0668973
0.0195806
0.0116850
0.0031597
-0.0193880
-0.0794367
-0.0242355
0.0372180
-0.0360540
-0.0123259
0.0091098
-0.0694441
-0.0704883
0.0128564
0.0466330
0.0079428
-0.0611918
0.0315211
