0.5535822
-0.0723521
0.0247300
-0.0148828
0.0561024
0.0205916
-0.0225918
0.0551032
-0.0172526
0.0393888
-0.0235813
-0.0067097
-0.0077146
0.0496247
-0.0448061
-0.0024740
-0.0281837
0.0003951
0.0247298
0.0205838
-0.0060351
-0.0301445
0.0311547
-0.0063196
-0.0222747
0.0172821
-0.0332252
0.0211633
0.0223407
-0.0260625
0.0448624
-0.0041106
0.0123115
-0.0122246
-0.0222952
0.0773496
-0.0557834
-0.0223450
0.0023552
-0.2571609
-0.0902904
0.0979542
0.4992291
0.5907533
0.4128178
-0.0237428
-0.5474523
-0.0600644
0.0392885
-0.0357651
0.0290018
-0.0392006
-0.0156251
0.0045984
0.0053709
0.0572787
0.0080367
0.0136368
-0.0122082
-0.0095206
0.0493760
0.0548107
-0.0324192
0.0584952
0.0099729
0.0028261
0.0133769
-0.0049548
-0.0509272
0.0508191
-0.0020618
-0.0367689
0.0235267
0.0238124
-0.0149355
0.0775979
0.0061393
-0.0597833
0.0476967
-0.0072036
-0.0147783
0.0237962
0.0622920
0.0194853
0.0312658
0.0040836
-0.0445148
0.0530391
0.0315134
-0.0241518
-0.0357979
-0.0018444
0.0052414
0.0503230
0.0353404
-0.0214243
-0.0229267
0.0186673
-0.0521799
0.0275678
