-0.0090960
-0.0052191
-0.0545804
-0.0146473
0.0110175
0.0525500
0.0378792
0.0512042
0.0239734
-0.0748832
0.0374282
0.1186504
0.1549141
0.0878811
0.0761773
-0.1014231
-0.2596158
-0.3272632
0.1761472
0.3674665
0.2260680
0.1205221
-0.2430982
-0.2170340
-0.1211709
0.0341820
0.0618862
-0.0539253
-0.0197756
-0.0249733
-0.0649000
-0.0117677
0.0157014
0.0437893
0.0399647
-0.0222566
0.0733476
0.0528040
-0.0211375
-0.0664868
-0.0317856
0.0382163
-0.0444424
0.0308994
0.0056829
0.0741069
-0.0465464
0.0158571
-0.0317518
-0.0395499
0.0089547
-0.0466882
-0.0264558
0.0828916
-0.1049199
-0.0686375
-0.0191862
-0.1231246
-0.0595811
0.6462648
0.0675264
-0.3176267
-0.3882878
0.1180040
0.1187011
-0.1014644
-0.0544651
-0.0678176
0.0091211
0.0476038
0.0797093
-0.0111148
0.0420875
-0.0533965
-0.0172938
0.0363432
0.0249655
0.0396145
-0.0687864
-0.0113853
0.0590646
-0.0141100
-0.0012022
0.0581558
-0.0095124
0.0822587
-0.0429164
0.0098259
-0.0474705
-0.0027205
-0.0482343
0.0489497
-0.0626084
-0.0916053
-0.0588810
-0.1244839
-0.1162505
0.1437371
0.0739782
0.1884833
0.1998607
-0.4230857
-0.6552133
0.0108153
0.5497360
0.3506340
-0.4079226
-0.2815527
-0.0665173
-0.0685221
0.1583471
0.0713820
-0.0505407
0.0059856
-0.0146137
-0.0383523
0.0963138
-0.0310881
0.0383303
-0.0719611
0.0076893
0.0533140
0.0360201
-0.0867614
-0.0590470
-0.0716278
0.0616002
0.0394661
-0.0045385
0.0657823
0.0433069
0.0619002
0.0622257
-0.0288037
0.0588042
0.0387626
0.0657859
0.0371063
-0.0177185
0.1622897
0.2109405
0.2075180
-0.0999692
-0.2643356
-0.0962829
0.6667707
-0.0531518
-0.2531992
-0.1184144
-0.0291529
-0.0064485
0.1098308
0.0151363
0.0192597
-0.0767987
-0.0814915
-0.0333569
0.0551034
-0.0073208
0.0077136
-0.0227974
0.0192695
0.0770366
0.0672958
-0.0719677
0.0480327
0.0137302
0.0550059
0.0353211
-0.0330155
0.0165469
-0.0197321
0.0300426
0.0373905
-0.0367642
-0.0679778
0.0626498
-0.0374152
0.1172636
-0.0513477
-0.1163852
-0.0573493
-0.0715184
-0.0367972
0.0171296
0.1392657
0.1299404
0.0780328
-0.0275707
-0.0500372
-0.0742608
0.7019145
-0.3927847
-0.2467845
-0.1785711
0.1494781
0.0273249
0.0526443
0.0154393
-0.0771823
