0.0020407
-0.0606760
-0.0457130
0.0458768
-0.0786811
0.0642161
-0.0075809
-0.0276563
0.0432490
-0.0052564
-0.1149345
-0.0253140
0.1517967
0.1756980
0.2321133
0.0822279
-0.1608516
-0.2764998
-0.2987484
0.5524390
0.6773296
0.5056096
-0.1686582
-0.3829897
-0.1685369
0.1417272
-0.0024431
0.0091312
-0.0218955
-0.0213412
-0.0629905
-0.0341717
0.0354771
0.0938501
-0.0275481
-0.0809739
-0.0135230
-0.0264883
0.0590112
0.0784274
-0.0521779
-0.0389667
0.0027066
-0.0645675
0.0646243
-0.0431409
-0.0218231
-0.0305137
-0.0549061
-0.0325604
-0.0458359
-0.0896705
0.0700469
0.0126023
-0.0540860
-0.0311227
0.1356309
0.0367410
-0.3663045
0.3054589
0.4998261
0.3956938
-0.0075133
0.1115028
0.1245836
0.0163729
-0.0316843
-0.0485781
-0.0890540
0.0504690
-0.0003643
-0.0069977
-0.0639690
-0.0593506
-0.0417140
-0.0538822
-0.0032431
0.0151494
-0.0675753
0.0324070
0.0609221
-0.0195030
0.0660875
-0.0633019
0.0183110
-0.0066513
-0.0257758
-0.0477017
0.0039806
0.0542482
0.0495984
0.0267541
-0.0425251
0.0298950
-0.0267152
-0.0236110
0.0035668
-0.0368849
0.0580313
0.0548227
0.2199134
-0.2113050
-0.3424365
-0.4382407
-0.0482300
0.6022623
-0.1165046
-0.3046220
-0.1502490
-0.1724184
0.0215555
0.0303365
-0.0014300
-0.0028287
0.0253213
0.0250323
0.0107805
-0.0084598
-0.0195186
-0.0284596
0.0524303
0.0353227
0.0219908
-0.0264818
-0.0626158
-0.0037639
0.0447076
-0.0203613
0.0632139
-0.0066712
0.0782417
-0.0423951
-0.0512552
0.1150702
-0.0108931
0.0690781
0.0238499
-0.0446926
0.0105540
0.1352577
0.1137199
0.1999421
0.0377486
-0.0644385
-0.5584312
0.5514457
0.6855068
-0.1780722
-0.3651386
-0.0759942
0.0056500
0.0366981
0.0392810
0.1322127
-0.0178844
-0.1110153
-0.0249210
0.0139711
0.0706067
-0.0257922
-0.0259501
-0.0232306
-0.0296637
0.0431563
0.0125862
0.0411731
0.0585922
-0.0564568
-0.0498576
-0.0619443
0.0746258
-0.0668722
-0.0279390
0.0484950
-0.0697745
-0.0698514
0.0489395
0.0811241
-0.0194229
0.0154688
-0.0071361
-0.0081452
-0.0747748
0.0097603
0.0709627
0.0820431
0.1442563
0.1746012
0.0006333
0.0114236
-0.3931539
0.9366297
-0.4045052
-0.4090580
-0.2675036
0.1892519
0.1761387
0.0461477
-0.0596119
-0.0556697
