0.4111224
-0.0673669
-0.0402460
0.0094752
0.0589613
-0.0361227
0.0144917
-0.0206871
-0.0291509
-0.0168096
0.0448642
0.0178369
0.0005393
0.0694059
0.0385388
-0.0237844
-0.0479893
0.0078687
-0.0324521
-0.0159384
0.0011695
-0.0379045
0.0057905
-0.0204976
-0.0186762
0.0378615
0.0551756
0.0116576
0.0189244
-0.0244700
-0.0023919
-0.0456457
0.0015648
-0.0003743
-0.0236920
0.0011584
-0.0750181
0.0614904
-0.2119598
-0.0173925
0.0824321
0.2478129
0.5535822
0.2218700
-0.2464197
-0.5164563
-0.2089466
0.0269238
0.0410879
0.0399782
-0.0456637
-0.0369683
0.0024783
-0.0137036
0.0479321
0.0191699
0.0541536
0.0593356
-0.0024740
0.0147207
0.0151490
0.0482803
-0.0301445
-0.0349649
0.0127659
-0.0513155
-0.0020450
0.0548285
0.0172821
-0.0260625
-0.0137447
0.0123115
0.0382521
-0.0344268
0.0588209
-0.0222952
-0.0601055
0.0041372
0.0491751
-0.0052278
-0.0835103
0.5907533
0.0040874
-0.0507403
0.0196884
0.0392909
-0.0347881
0.0018061
-0.0209505
0.0049914
0.0290018
0.0208752
-0.0005974
0.0045984
-0.0424976
-0.0122199
0.0572787
0.0080367
0.0136368
0.0257457
