-0.0072140
0.1078868
0.0571239
-0.0606911
-0.0810315
0.0145279
-0.0192813
0.0598578
-0.0077611
-0.0237600
0.0466367
0.0153969
0.0652906
0.0260874
0.0760441
0.0239664
-0.0253994
0.0110598
-0.0150391
0.0128058
0.0457969
0.0668978
-0.0152198
-0.0226736
0.0650038
0.0219281
-0.0514718
-0.0544546
-0.0770808
0.0710470
-0.0461326
0.0039806
0.0798391
-0.1079522
-0.0949960
0.1150279
0.1679007
0.1713620
-0.1933400
-0.3686362
-0.2612249
-0.2569074
0.1362602
0.3577537
0.4997268
-0.1554750
0.0579166
0.0826764
0.0565020
-0.0388173
0.0110526
0.0254158
-0.0695067
0.0544652
-0.0584419
-0.0018583
-0.0249591
-0.0096624
-0.0076377
-0.0250058
-0.0626172
0.0392238
0.0073470
0.0347731
-0.0410790
0.0550060
0.0558760
-0.0117321
-0.0695533
0.0553275
-0.0532217
-0.0555496
-0.0573546
0.0820612
-0.0337525
-0.0614810
-0.0749012
-0.0250615
0.0232403
0.0414862
-0.0837202
-0.0832166
0.0675651
0.0599176
-0.2246738
-0.2860190
0.1962092
-0.0479013
-0.1295135
0.0503096
0.0868595
0.0165445
-0.0403278
0.0454655
0.0350726
0.0204899
-0.0743351
0.0082417
0.0739417
0.0555948
0.0108881
-0.0179059
-0.0152951
-0.0586345
-0.0437597
-0.0754359
0.0281602
-0.0589475
0.0409823
0.0409317
-0.0462241
-0.0552118
-0.0536971
0.0290464
0.0455091
-0.0381687
0.0697088
0.0203718
-0.1282240
-0.0979181
-0.0222827
0.0708654
-0.3223112
-0.5381596
0.0259721
-0.0348784
-0.1103070
-0.0878929
-0.0447743
0.0254376
0.0183439
0.0612579
-0.0143606
-0.0539715
-0.0484640
-0.0229593
0.0884197
0.0616652
0.0192873
0.0002303
-0.0228508
0.0382775
0.0265202
0.0735800
0.0222531
0.0069512
-0.0335358
-0.0160970
0.0290660
0.0627929
-0.0147528
-0.0302403
0.0314893
0.0306838
0.0145269
0.0416832
0.0808234
0.0321590
-0.0685760
-0.0909155
0.2014951
0.1999353
0.1144926
0.6859487
0.6092605
-0.3848946
-0.2837790
-0.0326395
0.0564633
0.0625440
0.1133431
0.0993327
0.0873472
-0.0537048
-0.0119607
-0.0384338
-0.0555364
-0.0096076
-0.0368012
-0.0269924
-0.0334055
-0.0771807
0.0402230
-0.0410980
-0.0824361
0.0014252
-0.0177148
0.0185472
-0.0435015
0.0268729
0.0232981
0.0295807
0.0089845
0.0000507
-0.0096050
-0.0390912
-0.0423871
-0.0061604
-0.0421131
0.0050022
