0.2955303
0.0675264
-0.3176267
-0.1810921
0.0883206
0.1180040
-0.0467491
-0.1014644
-0.0544651
0.0056925
0.0091211
-0.0560959
0.0916861
0.0797093
-0.0572057
-0.0111148
0.0420875
-0.0533965
0.0363432
-0.0039511
0.0249655
0.0396145
-0.0113853
0.0590646
-0.0141100
0.0473191
0.0713332
-0.0095124
0.0822587
0.0181757
0.0220887
0.0799335
0.0564598
-0.0727233
-0.0233621
0.0273969
0.0224293
-0.0626084
-0.0588810
-0.0776930
-0.1244839
-0.1162505
0.1055465
0.1437371
0.0739782
0.0807917
0.8925389
-0.4079226
-0.2815527
-0.1902966
-0.0665173
-0.0685221
0.0939146
0.0327179
-0.0627314
0.0735176
-0.0310881
0.0509913
-0.0094959
0.0499090
-0.0509475
0.0533140
0.0022555
-0.0565833
-0.0673447
0.0034158
0.0704013
-0.0045385
0.0235139
-0.0141263
-0.0752212
0.0247068
-0.0665620
-0.0205283
0.0619002
0.0718070
0.0387626
0.0657859
-0.0888200
0.0252128
-0.0510107
-0.0364819
0.0371063
0.2109405
-0.0999692
-0.1651963
-0.0962829
0.6667707
-0.2860228
0.0212796
-0.0064485
0.0361474
-0.0767987
-0.0808739
-0.0904038
-0.0814915
0.0479289
0.0236890
-0.0541201
-0.0333569
0.0551034
-0.0226025
0.0077136
-0.0544766
0.0297006
-0.0227974
0.0551716
0.0770366
-0.0430170
0.0690644
-0.0058059
0.0206710
-0.0619388
0.0002695
0.0197691
0.0353211
0.0300426
-0.0011535
-0.0367642
-0.0224651
-0.0183423
0.0249848
-0.0086029
-0.0715184
-0.0367972
0.1774193
-0.0500372
-0.2495665
-0.3881983
-0.4557908
-0.0742608
0.0596697
0.1643403
0.0273249
0.0519905
0.0198389
0.0526443
0.0200633
-0.0522554
0.0627488
-0.0096926
0.0288500
-0.0241426
-0.0369992
0.0507401
0.0293880
0.0352173
-0.0244422
-0.0192501
0.0232294
0.0124479
0.0116804
0.0230966
-0.0023742
0.0240599
0.0693551
0.0528168
-0.1029712
0.0092981
0.0030791
0.0065131
0.0002595
-0.0579455
0.2220000
0.1959487
0.0283415
-0.3716193
-0.5474751
-0.1120051
0.4104835
0.7722997
0.3751093
-0.0206568
-0.3614108
-0.0912300
-0.0191143
0.0228333
0.0532081
0.0435704
-0.0564060
-0.0374318
-0.0607773
0.0556806
0.0741217
-0.0373035
-0.0111594
0.0020883
-0.0682069
-0.0817865
0.0376681
-0.0223773
-0.0526363
-0.0078824
0.0066272
-0.0279995
-0.0680307
-0.0668258
0.0672870
-0.0015185
0.0054893
