-0.0140731
0.0745536
0.0787435
-0.0765400
-0.0483482
0.0743269
0.0043451
-0.0015315
0.0545573
-0.0366367
-0.0745293
-0.0325143
-0.0723355
0.0210765
-0.0437939
0.0228355
0.0642443
-0.0166124
-0.1241599
-0.0759634
-0.0561756
-0.0327699
0.0778403
0.0663513
0.1086264
-0.0902523
-0.5064266
0.4402613
0.7571053
0.7907530
0.3436789
-0.0568715
-0.1695144
0.0504920
0.0834464
-0.0247803
-0.0118495
0.0155591
0.0060401
0.0127318
-0.0256192
0.0546402
0.0851546
-0.0459099
-0.0626837
0.0125033
0.0278416
0.0185170
0.0576943
-0.0524515
0.0396882
0.0734556
0.0301540
0.0441388
-0.0325847
0.0528854
0.0644077
0.0086361
-0.0037107
-0.0643854
-0.0559015
-0.0998708
0.0174946
-0.0047156
-0.1174563
-0.1966433
0.2883193
0.2767722
-0.2145019
0.0148003
0.1189230
0.1182464
0.1111550
0.0063191
-0.0697831
-0.0973580
-0.0277021
0.0383458
0.0243600
-0.0558304
-0.0293816
-0.0038510
0.0735373
-0.0623222
-0.0809064
-0.0014955
0.0678411
0.0152348
0.0117618
-0.0694192
0.0240663
-0.0356000
-0.0566367
0.0005833
0.0690414
-0.0089820
0.0185130
-0.0007085
-0.0513291
0.0454954
-0.0539828
-0.0042105
0.1004954
0.0504141
0.0415964
-0.0248665
-0.0505678
0.0698619
0.0708879
0.0710213
0.1306128
0.0154919
-0.4667649
0.2570665
0.7810576
0.1257136
-0.1535913
0.1195087
0.0795529
-0.0190520
-0.0231252
-0.0804459
0.0453375
0.0412301
0.0586029
-0.0309268
0.0455522
0.0070549
-0.0355931
0.0433682
-0.0674847
0.0489250
-0.0197533
0.0254044
-0.0375525
0.0504310
-0.0411887
-0.0205844
0.0087345
-0.0534886
0.0603762
0.0234972
0.0271540
-0.0460318
-0.0754211
-0.1102017
0.0105176
0.0013891
0.1024941
0.1889785
0.0962961
-0.0407833
-0.5387424
-0.4802050
0.0609362
-0.1710516
-0.0598093
0.1571295
0.0248271
0.0124049
-0.0540786
-0.0424334
0.0040144
0.0344057
-0.0346555
0.0559323
-0.0413417
0.0436217
0.0701619
-0.0075929
-0.0846908
-0.0521134
0.0218524
0.0276095
-0.0238639
-0.0442837
0.0317795
0.0772282
0.0322201
0.0671278
-0.0557336
0.0455137
-0.0359068
-0.0250629
-0.0366483
-0.0548728
0.0080967
-0.0326068
0.0978146
0.0855273
-0.0569611
0.0206297
0.0416487
0.1045339
0.0765524
-0.2028279
-0.3723829
0.2307161
0.4184125
0.4806045
