0.1777772
-0.2741229
-0.1678935
-0.0363163
0.1757271
0.0508049
0.0185652
-0.0070518
-0.0445916
-0.0973623
-0.0812523
0.1208184
0.0333619
-0.0499538
0.0878147
-0.1331535
0.0161166
0.0545707
0.0840953
-0.0244759
-0.0609553
-0.1199275
-0.0329664
-0.0976251
-0.1324264
0.1900209
-0.0156414
-0.1140832
-0.1612638
-0.1887738
-0.2834456
-0.2903493
0.5717436
0.3620954
-0.3363696
0.6374488
0.4041135
-0.0706499
-0.3045904
-0.1809374
-0.2001195
-0.0693501
-0.0193928
0.0982018
0.1582808
-0.0589468
0.0613248
-0.0119864
0.0738622
0.0664928
0.0570763
-0.0444476
-0.1194544
0.1165607
-0.1090648
-0.2332929
0.7042205
-0.3283289
-0.4432523
0.6801268
0.3916762
0.2126488
0.1101750
-0.0087531
0.0226534
0.1923867
-0.0233085
-0.0967127
-0.0049755
-0.0899251
-0.0858545
-0.0760221
-0.0568179
0.0191066
-0.0321276
0.0603393
0.1254102
0.0249561
-0.0738136
0.0459618
-0.1463067
-0.2044078
-0.1717288
0.5327880
-0.2106070
-0.6973415
0.0317270
0.3849334
0.0598233
-0.0954203
-0.0049179
0.1422122
-0.0276765
0.1511347
-0.0950836
-0.1150155
-0.0402586
-0.1140094
-0.0270505
0.1133909
-0.0742038
-0.1210242
0.0393375
0.0590627
-0.0082866
0.0178301
0.0236042
0.0251797
0.0095508
-0.0839237
-0.0920426
-0.0664107
0.6069044
0.0524368
-0.7171304
-0.5817011
0.4286496
-0.0607437
-0.2506197
-0.1733796
0.0255347
0.1029565
-0.1367306
-0.0916273
0.0118109
0.0643254
-0.0983985
-0.0996305
0.0667970
0.0512379
0.1296623
-0.2586071
-0.1445568
0.1791067
0.2835450
0.6484287
0.6927306
0.2437110
0.3176640
0.6060725
0.4303415
0.1216247
-0.1531914
-0.1837758
0.0255241
0.1224907
0.2094043
-0.0008472
0.1084992
-0.1314190
-0.0182884
-0.1126124
-0.0804061
-0.0193488
-0.0290789
0.0688250
-0.0218095
0.1360320
0.0586799
-0.1287793
0.2995069
0.5873703
0.1271547
0.5136734
0.3129060
-0.0439674
-0.2921689
-0.2204321
-0.2342757
-0.1044467
0.0148580
-0.0027455
0.1917700
0.0194823
0.1254542
0.0962394
-0.0437870
0.0770411
-0.0881656
0.0440650
-0.0745034
0.0204352
0.0049342
-0.0299162
-0.0594639
0.1302736
-0.0282162
0.0396698
-0.0655109
0.0245000
-0.1029168
0.3719634
0.1112928
-0.3731955
-0.7676829
0.5474040
0.4660023
0.1653926
-0.0276893
-0.1544573
