0.4283392
-0.0861435
-0.0748554
0.0741413
0.0498172
-0.0004009
-0.0113779
-0.0109266
0.0029862
-0.0317549
0.0499464
0.0245270
-0.0473193
-0.0176038
0.0363066
-0.0702442
0.0707097
-0.0281543
0.0508288
0.0010727
0.0382012
-0.0018623
0.0227354
0.0189672
-0.0322368
0.0138130
0.0104422
-0.0021982
-0.0890783
0.0214860
-0.0212444
0.0420747
-0.0857872
-0.0354734
0.0411835
0.0046118
-0.1816956
-0.0410793
0.0475083
-0.0353262
-0.0648405
-0.0467033
0.0427196
0.0341632
0.0585088
0.0328870
0.0676621
0.0361585
0.0220900
0.0688108
0.0828562
-0.0413313
-0.0448874
-0.0304130
-0.0402894
-0.0127727
0.0605355
0.0143172
0.0123245
-0.0256436
0.0290851
0.0489150
0.0284815
-0.0255862
0.0277264
-0.0533320
0.0407516
-0.0067236
0.0205133
-0.1326059
0.2555811
0.3277236
-0.1877413
-0.3753299
0.0072712
0.1309972
0.0324290
-0.0373511
-0.0489220
0.0189721
0.0059294
-0.0050601
0.0626560
-0.0269112
-0.0675431
-0.0461935
-0.0481022
-0.0726211
-0.0647595
-0.0483753
0.0603396
0.0294590
0.0180367
0.0579115
0.0132815
0.0217940
-0.0171104
-0.0040658
-0.0272366
0.0059420
