0.0751099
-0.0662766
-0.0411307
-0.1024057
0.0126244
-0.0478174
0.1450882
-0.0557810
0.0366656
-0.0431051
0.0109504
0.2289203
0.5998409
0.5633369
0.2199050
-0.6098310
-0.5930182
-0.2485477
0.4103887
0.3605040
0.1476537
0.0259890
-0.1926313
-0.0601620
-0.0886828
-0.0289999
0.1090215
-0.0911918
0.0420364
0.0147422
-0.1044317
-0.0223863
-0.0010863
-0.0401157
-0.0514587
0.0775099
0.0958531
0.1107538
-0.0609032
0.0344895
-0.0762609
-0.1497736
-0.1358013
-0.1058198
-0.1166009
0.4851962
-0.1993627
0.4118246
0.1476636
-0.0905583
-0.1301940
-0.1577717
-0.2285304
-0.0624694
0.1152063
-0.1339830
0.0626790
0.0478961
0.0697572
-0.0027985
0.0472029
0.1144894
-0.0240969
-0.0925129
-0.2198950
-0.0401907
0.2975308
0.4532308
-0.6068698
0.0192996
0.5017450
0.2989350
-0.0051893
-0.1600940
-0.1151813
-0.2109194
0.0571616
-0.0267517
0.0836897
0.1633077
-0.0276094
0.0679799
-0.1217343
-0.0922200
-0.0910736
-0.0668428
0.0374412
-0.0986721
-0.0317355
0.0051487
0.1531481
0.0158378
-0.2208156
-0.2268273
-0.0689582
0.4125046
0.5113870
0.0460607
-0.4363540
-0.6241545
-0.5083634
0.4739065
0.2592601
0.0308284
-0.0271737
-0.1226582
-0.0588189
0.0426046
0.1099803
0.1790412
0.0583975
0.0079921
-0.1468690
-0.0780212
-0.0024250
-0.0131571
-0.0243029
0.0598656
-0.0827526
0.0208417
0.1495554
-0.2130240
-0.1186598
0.0016208
0.5777138
-0.6516367
0.0082906
0.4130409
0.3859766
0.3481458
0.2282968
0.1055386
0.0156481
0.1502170
0.1166565
-0.0375230
-0.1090276
0.0583273
0.0738794
0.0572390
-0.0545960
-0.1070335
-0.0142783
-0.0501914
0.0827935
0.1727221
-0.0567341
-0.1717044
-0.1691753
-0.2544482
-0.1960841
0.3402117
0.6419295
0.2037705
-0.1758401
-0.0212941
0.1777096
-0.1278688
-0.1872832
-0.0317667
0.1245402
0.1301761
-0.1381878
0.0072475
0.0759049
0.0656609
-0.0368715
-0.1366725
-0.0114582
-0.0147713
0.0711108
0.0815783
0.1148714
-0.0300711
-0.1683833
-0.0783459
-0.1279079
-0.0364854
0.4858312
0.2949541
-0.5879146
-0.7940423
-0.4460788
0.2938465
0.4760163
0.1809485
0.0530748
-0.0383683
-0.0850362
-0.1884513
-0.0536664
0.0701111
0.1223375
-0.0627427
-0.0950131
0.0638955
0.1228918
0.1029087
-0.0499084
-0.0561144
