0.3422751
-0.0245125
-0.0312408
0.0695257
-0.0165467
-0.0842643
-0.0187127
0.1433612
0.1856006
0.1511903
-0.2236874
-0.1244566
-0.3331837
0.4151194
-0.0427193
0.1134636
0.0179641
-0.0676085
-0.0050665
-0.0441208
-0.0497657
-0.0103222
-0.0810846
-0.1088049
0.0721776
-0.2480683
-0.1841090
0.1420981
0.5686884
-0.7870301
-0.2944845
-0.0218011
0.3793254
-0.1549557
-0.0747888
0.0754669
-0.0374180
-0.0605719
-0.0258673
0.0720366
0.1176669
-0.0438934
0.1419323
-0.0134808
0.0255010
0.0751170
-0.0654723
-0.1130439
0.2073047
-0.0606825
0.1622612
0.0068553
-0.0112295
0.0943133
0.0290307
-0.0785136
0.0154472
0.6130969
0.0663135
-0.6011046
0.3313229
0.1782614
-0.0522372
-0.1110008
-0.0721574
0.0803969
0.1354286
-0.0332616
-0.0124453
-0.0949193
0.0304910
0.0273302
-0.0060755
0.1006736
-0.0638400
-0.1767919
-0.0800594
0.1364171
0.0003904
-0.7971298
0.5075986
-0.0052957
-0.0729181
-0.1098623
0.0757058
0.0976780
-0.1657709
-0.2147495
0.1518449
0.3767467
0.6043930
0.2987217
-0.0602026
0.1570127
0.0227308
-0.0294941
0.0298579
0.0816517
0.0516934
-0.0663593
