0.3970713
-0.0297384
-0.0033267
0.0251427
-0.0613299
-0.0371841
0.0034678
0.0018151
-0.0188636
-0.0491570
-0.0256473
0.0025268
0.0439007
0.0181961
-0.0711605
-0.0175201
-0.0147799
-0.0150902
-0.0010059
-0.0440411
-0.0124858
0.0423591
0.0195528
-0.0570570
0.0155947
-0.0047137
-0.0065034
0.0486199
-0.0066419
-0.0026092
-0.0638118
-0.0517790
0.0461788
0.0349308
0.0461658
0.0136131
-0.0224220
0.0869294
-0.1522477
-0.1286923
0.0180715
0.1132167
0.4611808
0.3790052
0.1256957
-0.0768992
-0.3797670
-0.1977019
-0.0531556
0.0060213
0.0245686
-0.0235294
0.0387762
0.0526859
-0.0215096
-0.0074802
-0.0581236
-0.0168426
-0.0633926
0.0064638
0.0326907
-0.0570881
-0.0433392
-0.0887811
0.0256336
-0.0259477
-0.0401813
0.0038130
0.0587756
-0.0004803
0.0632087
0.0301219
-0.0154183
-0.0257159
-0.0481233
-0.0514147
-0.0375702
0.0433000
0.0458224
0.0221036
0.0349023
0.3988457
0.0768123
0.0196371
-0.0038768
-0.0759422
-0.0219659
0.0109394
-0.0128272
0.0311059
-0.0179093
-0.0028720
0.0460687
-0.0430411
0.0190329
0.0883059
0.0293688
-0.0247137
0.0512109
0.0706729
