0.3567918
0.0354552
0.0454223
-0.1161312
0.0127397
-0.0432283
-0.0367418
0.0229279
-0.0172780
0.0702855
-0.0868293
-0.0710055
-0.3312176
0.4813924
-0.0869157
0.0047800
0.0741336
0.0238356
0.0379591
0.0105387
-0.0293282
0.0053587
-0.0943999
0.0107157
-0.0266258
-0.1248513
-0.1530808
0.1403867
0.6778988
-0.5138200
-0.3968602
-0.1551269
0.2263708
-0.2441753
-0.2101939
-0.0664528
0.0393293
-0.0080184
0.0198650
0.0495041
0.1338464
0.1059868
-0.0453111
0.0179401
-0.0057334
-0.1455753
-0.1747395
-0.3123492
0.3466925
-0.2057198
0.0876776
0.0428693
-0.1119287
0.0538470
-0.0866441
0.3627082
0.6248152
-0.4205693
-0.8451618
0.3900518
0.0441441
-0.1513724
-0.0940888
0.1050157
0.1718214
0.1280822
-0.1200183
-0.1194371
-0.0416290
-0.0115903
0.0247001
0.1250787
-0.0576379
-0.1196746
-0.0644129
-0.0480543
0.6242720
0.1071952
-0.3278603
0.4889342
0.0705597
-0.1386804
-0.0904626
-0.0559106
0.1120832
-0.0314894
0.0082031
0.4351185
0.4188886
0.0041356
-0.7044470
-0.2403378
-0.0536121
-0.0316450
-0.0289525
-0.0404788
-0.0350630
-0.1164245
-0.0428811
-0.0009349
