0.3549399
0.1158280
-0.0621544
-0.0151322
0.0423972
-0.0087355
-0.1219572
0.1215918
0.0154327
-0.0380187
-0.1913601
-0.0960236
-0.6364285
0.3680133
0.1119139
0.0424604
0.0786201
0.0175718
-0.1003036
-0.0264358
-0.0172212
-0.0414484
0.0259066
-0.0770211
-0.0344434
-0.1931920
-0.1808495
0.3736721
0.6246619
-0.6302377
-0.2310607
0.1592953
0.2220907
-0.1835957
-0.0866990
-0.1125439
-0.1093393
0.0652094
-0.0144464
-0.0490408
0.0588966
0.0826423
0.0657218
0.0173135
0.0601723
0.1224486
-0.0570664
-0.1344709
0.0953516
-0.1028651
0.0919001
-0.0506878
0.0761522
0.0465480
0.0217024
-0.1963408
-0.0077777
0.5759251
0.1397381
-0.6646939
0.3365815
0.2960006
-0.0178981
-0.0777511
0.1179768
0.1310910
0.0852313
0.0559327
-0.0305090
0.0556482
-0.0069145
0.0811857
-0.0320206
0.0269587
-0.0735255
-0.1245715
0.1453236
0.5697815
-0.6045948
-0.3335509
0.3932714
0.0342904
0.0749277
-0.0085143
0.1003098
0.0137940
-0.0888100
-0.0469321
0.3416654
0.4872825
0.3911189
0.1504604
-0.1320595
0.1259422
-0.0636335
0.0242196
0.1012129
0.0848648
-0.0513482
-0.1092122
