0.0058243
-0.0115721
0.0044247
-0.0081327
-0.0142874
0.0049560
0.0025448
-0.0073236
0.0134815
0.0170398
0.0116539
0.0217915
-0.0165826
0.0116481
-0.0174233
0.0142877
0.0086225
-0.0191252
0.0108088
0.0080071
-0.0123611
0.0000913
0.0234240
0.0167292
-0.0045049
-0.0064195
0.0215614
0.0255341
-0.0045058
-0.0108342
-0.0246543
0.0114098
-0.1626820
0.1322752
0.1612928
-0.0606800
-0.0349041
0.0108541
0.0256086
0.0374153
0.0287821
0.0146167
-0.0326538
-0.0203799
-0.0270614
0.0199085
0.0175871
0.0073504
-0.0011978
0.0060954
-0.0132025
-0.0112735
0.0089327
0.0123825
-0.0058473
0.0018291
-0.0128493
-0.0127271
-0.0160051
-0.0228870
0.0124979
0.0140622
0.0000006
-0.0106017
-0.0016281
-0.0001180
0.0038836
-0.0014368
-0.0114746
0.0190775
0.0196767
-0.0166005
-0.0103822
0.0185714
-0.0052620
0.0073379
0.0082636
-0.0059831
-0.0008728
-0.0157549
-0.0193439
0.0064421
0.0033786
0.0176430
0.0132540
-0.0140417
-0.0199740
-0.0090284
0.0295877
-0.0188697
-0.0667103
0.0372350
0.0227559
0.0439214
0.0286821
-0.0320976
-0.0404757
-0.0087029
-0.0164974
-0.0055951
0.0244421
-0.0054518
-0.0114554
0.0117032
-0.0043654
-0.0028937
-0.0014398
-0.0038218
0.0139649
-0.0067763
-0.0188061
-0.0142446
0.0124305
-0.0162036
-0.0089966
0.0107824
-0.0081440
-0.0217034
-0.0144238
0.0175427
0.0142981
-0.0036417
-0.0084501
-0.0164122
0.0109776
0.0109003
-0.0161884
0.0141452
-0.0204975
0.0105180
-0.0068242
-0.0025527
0.0091285
0.0107233
-0.0132263
0.0042520
-0.0062455
0.0107543
-0.0174537
-0.0271382
0.0062038
-0.0132388
0.0020658
0.0075999
0.0222532
-0.0173728
-0.0088397
0.0071702
0.0010320
0.0135349
0.0140047
0.0125724
-0.0005575
-0.0230693
-0.0161358
-0.0119386
-0.0095007
0.0163025
0.0186266
-0.0008753
-0.0229087
0.0183656
-0.0015422
-0.0103256
0.0201544
0.0119789
-0.0046973
0.0119956
-0.0009628
0.0101723
0.0079156
0.0015416
-0.0045408
-0.0159149
0.0097009
0.0101613
-0.0242520
-0.0071191
0.0058313
-0.0147158
0.0125667
-0.0214654
-0.0153112
0.0091255
0.0048939
0.0123711
0.0173084
0.0246589
0.0205091
0.0007552
0.0120592
0.0121238
-0.0012872
0.0018187
-0.0162030
0.0001738
-0.0090912
0.0117878
0.0065916
-0.0174945
