0.0115585
0.0023060
0.0145526
0.0194096
-0.0175050
-0.0212128
0.0074743
0.0204793
-0.0080878
-0.0103028
0.0000968
0.0015704
-0.0012838
-0.0235882
-0.0121674
0.0004152
0.0140649
0.0161157
-0.0024899
0.0029360
0.0152330
-0.0166005
0.0016871
0.0187403
0.0234351
0.0143218
-0.0081191
-0.0125676
-0.0121668
0.0081728
-0.0096193
-0.0018469
0.0059051
0.0121280
0.0163252
-0.0005831
-0.0132414
0.0005849
0.0111909
-0.0020324
-0.0004937
-0.0199676
0.0042341
0.0205149
0.0107915
-0.0085875
-0.0070063
0.0010504
-0.0067442
-0.0014782
0.0016763
-0.0127520
-0.0095051
0.0069237
-0.0033649
0.0162473
0.0092376
0.0145549
-0.0013938
-0.0057223
-0.0140922
-0.0184172
0.0059822
0.0270494
0.0227471
-0.0303043
0.0046892
0.0351050
-0.0113566
0.0467367
-0.0178068
-0.0183685
-0.0429288
-0.0086965
-0.0091807
0.0227944
0.0292162
0.0211990
0.0196485
0.0024194
-0.0055927
-0.0111636
-0.0129325
-0.0107931
0.0201444
0.0083972
0.0094894
-0.0179469
0.0055710
0.0165848
0.0131918
0.0071113
0.0012359
0.0176359
-0.0198751
0.0166523
0.0167475
0.0197598
0.0102699
-0.0130155
-0.0107183
0.0133529
-0.0014652
0.0183935
-0.0045793
0.0013405
0.0185373
0.0198346
0.0112428
-0.0174624
-0.0219514
-0.0094707
-0.0097356
-0.0053124
-0.0094020
-0.0106750
-0.0135034
-0.0042964
-0.0251610
-0.0024243
0.0175835
-0.0142090
0.0110831
-0.0247995
-0.0066717
-0.0055987
-0.0039464
-0.0236886
-0.0135022
0.0045025
0.0198956
-0.0105908
-0.0147820
-0.0182512
0.0037638
0.0110460
0.0044736
-0.0114906
0.0172718
0.0028775
0.0011465
-0.0098030
0.0049298
-0.0016128
-0.0140072
0.0155345
-0.0026146
0.0088285
-0.0026437
0.0005113
0.0026895
-0.0083444
-0.0182677
-0.0155196
0.0085647
-0.0115779
0.0165893
0.0209328
0.0207500
-0.0043971
-0.0049527
0.0120938
0.0126255
0.0005561
0.0051166
0.0144138
-0.0027883
0.0025520
0.0256177
0.0123323
-0.0146902
-0.0186026
-0.0234453
-0.0112338
0.0062021
0.0288062
-0.0184057
-0.0381998
0.0242395
-0.0412223
-0.1684987
-0.0758831
0.1123102
0.0578436
0.0085449
-0.0036191
-0.0274656
-0.0323611
-0.0223213
0.0057469
-0.0050774
-0.0068076
-0.0234193
0.0026269
0.0033494
0.0176340
0.0006727
0.0034267
0.0014610
0.0005212
