0.0026905
-0.0067250
-0.0127407
0.0167506
-0.0142088
0.0207342
0.0016119
0.0093050
0.0104682
0.0075718
0.0143388
-0.0062778
-0.0138021
-0.0074250
0.0161401
0.0048681
0.0098033
0.0225641
-0.0119177
-0.0168304
-0.0203251
0.0199434
0.0129241
-0.0155726
0.0181346
-0.0170052
0.0102656
0.0196021
0.0176308
-0.0143108
-0.0211472
0.0108683
-0.0188519
-0.0089386
0.0181460
-0.0094838
0.0227899
0.0069972
-0.0262326
-0.0175598
0.0262445
0.0197758
0.0198992
0.0034497
-0.0156506
0.0862371
0.1670098
-0.0340219
-0.0373018
-0.0402956
-0.0437654
-0.0161464
0.0193347
0.0134403
-0.0080259
-0.0226531
0.0075453
-0.0230921
-0.0124958
-0.0125979
0.0166250
-0.0075080
0.0176880
0.0099971
-0.0093357
0.0083033
0.0093595
-0.0031043
0.0118610
-0.0061471
0.0043562
-0.0273607
0.0052498
-0.0082016
0.0007605
-0.0034908
0.0127353
0.0101209
-0.0042488
0.0021079
0.0163391
-0.0003500
-0.0147802
0.0136773
0.0185235
-0.0027399
0.0105236
0.0101539
-0.0167713
-0.0043955
0.0112131
-0.0094419
0.0210289
0.0127660
0.0025447
0.0056628
-0.0066282
-0.0025949
0.0052827
0.0064170
0.0043685
0.0074484
-0.0182968
-0.0190752
0.0011044
0.0140242
0.0017495
0.0050989
-0.0071342
0.0179121
0.0113414
-0.0182716
-0.0197432
0.0154591
0.0027564
0.0105977
-0.0015828
0.0071808
0.0082746
-0.0137529
0.0130776
0.0147527
0.0003545
-0.0028940
-0.0101449
0.0104791
-0.0137766
0.0133106
0.0003633
-0.0172533
-0.0193198
0.0092116
-0.0035894
-0.0093612
-0.0095043
-0.0184626
-0.0046818
-0.0168579
0.0168669
0.0094590
0.0178208
-0.0032643
0.0008751
0.0071229
-0.0162953
-0.0048676
-0.0222187
-0.0039522
0.0015654
-0.0011565
0.0169790
0.0017757
-0.0012415
-0.0172940
-0.0025324
0.0063721
0.0018239
0.1154768
0.1084597
0.0603348
-0.0199806
-0.0447636
-0.0512227
0.0133481
-0.0132127
-0.0051335
0.0041825
-0.0327461
-0.0108797
-0.0142105
0.0041477
-0.0012031
-0.0076140
-0.0124051
0.0063412
0.0158276
0.0133171
0.0042750
0.0173978
0.0083906
-0.0091164
0.0047334
-0.0195163
0.0069191
-0.0157555
0.0165533
0.0128053
-0.0021787
0.0098000
-0.0114391
-0.0077729
-0.0143890
-0.0083323
-0.0050521
0.0008552
0.0005144
-0.0149277
0.0077734
-0.0183401
0.0078465
