-0.0026422
-0.0105708
0.0061243
0.0125667
0.0056992
0.0048939
-0.0128925
0.0246589
0.0205091
0.0034453
-0.0196394
0.0121238
-0.0097714
-0.0089021
-0.0012872
-0.0162030
0.0112596
-0.0027938
0.0001738
-0.0076239
0.0132922
0.0117878
-0.0174945
-0.0066662
-0.0027992
-0.0020237
0.0104930
-0.0142433
-0.0222719
-0.0163455
-0.0015307
0.0101045
0.0012420
-0.0005022
0.0189050
0.0071031
-0.0072850
-0.0019817
0.0021790
-0.0014858
-0.0227741
0.0075973
-0.0174841
0.0137985
0.0177779
-0.0175857
-0.0035321
-0.0037074
0.0070755
-0.0181596
0.0009308
0.0072398
-0.0102410
-0.0259785
-0.0127899
-0.0138838
-0.0189777
-0.0195589
0.0181472
0.0093062
0.0142534
-0.0024447
-0.0009758
0.0049640
0.0104322
-0.0126286
-0.0107216
-0.0003586
0.0056638
0.0250399
-0.0240000
0.0509388
0.0199493
-0.0616110
-0.1487712
-0.0234794
0.1044385
0.0454928
-0.0161913
-0.0269721
-0.0085356
-0.0401859
0.0075983
0.0343277
-0.0014592
0.0059992
0.0036252
-0.0103485
-0.0012844
-0.0115192
-0.0153537
0.0046308
0.0198878
0.0252039
-0.0013680
-0.0038643
-0.0171344
-0.0218011
0.0152468
-0.0050126
0.0230452
-0.0155121
-0.0073557
-0.0195017
0.0030823
0.0100355
0.0066844
0.0132530
0.0155996
-0.0141459
0.0133648
0.0042941
0.0228528
-0.0099084
0.0210340
-0.0101970
-0.0178520
-0.0152883
0.0200817
0.0197497
-0.0042614
0.0136142
-0.0191615
-0.0019755
0.0039194
0.0119555
0.0136396
-0.0198036
-0.0012115
0.0038150
-0.0015440
-0.0054418
-0.0064080
0.0165682
0.0206928
0.0044576
-0.0169045
0.0051778
-0.0102084
-0.0196304
-0.0143954
-0.0019172
0.0126433
-0.0078144
0.0046166
0.0023656
0.0267451
0.0049551
-0.0068484
-0.0165849
0.0010691
-0.0046584
-0.0179776
0.0205374
-0.0047994
-0.0091270
0.0074033
0.0004367
0.0043872
-0.0191854
0.0151480
-0.0100150
-0.0001262
0.0175105
-0.0058549
-0.0059406
0.0034264
-0.0213295
-0.0320896
-0.0232169
0.0025372
-0.0011309
0.0214257
0.0194270
-0.0105911
-0.0209397
0.0183802
-0.0071239
0.0118384
0.0003265
0.0066990
-0.0170160
0.0187930
0.0048129
0.0223169
0.0123612
0.0000085
-0.0040599
-0.0032929
-0.0253368
0.0027566
0.0250246
-0.0126690
0.0823173
0.0966317
0.1175068
0.1506010
-0.0253134
-0.0315643
-0.0383616
