-0.0134040
-0.0380312
-0.0442142
0.1407885
-0.2167581
0.1084860
-0.0031883
-0.0012219
-0.0282408
-0.0435430
0.0297365
0.0153821
0.0225948
0.0153714
0.0209895
0.0131455
-0.0285842
-0.0220159
0.0100010
-0.0100607
0.0090743
0.0179746
-0.0057310
0.0209562
0.0095484
0.0215692
0.0088030
-0.0061284
-0.0151003
-0.0009478
-0.0056083
0.0019938
0.0088471
-0.0085018
-0.0060906
-0.0176424
0.0170079
0.0198436
-0.0166668
-0.0071633
-0.0041099
0.0171607
-0.0028845
-0.0128811
-0.0033690
0.0026505
0.0124279
0.0165655
0.0055403
-0.0009416
-0.0145625
-0.0141000
-0.0125658
-0.0093385
0.0070043
-0.0022940
0.0073366
0.0154720
-0.0077187
0.0166036
0.0163617
-0.0166232
0.0150257
0.0146144
0.0140312
0.0084124
-0.0164563
0.0085841
0.0087484
0.0009173
-0.0021954
0.0093476
-0.0074336
-0.0166551
0.0196722
-0.0033185
-0.0060914
-0.0107125
-0.0014603
-0.0189139
0.0122691
0.0226631
-0.0048327
0.0187154
0.0216810
-0.0052737
0.0016171
0.0036293
0.0174577
-0.0024164
0.0016616
0.0163415
-0.0103345
0.0213097
-0.0216484
-0.0184705
-0.0207442
0.0197539
-0.0105727
0.0011209
0.0135877
0.0033688
0.0055990
0.0118285
-0.0188016
0.0170219
-0.0052013
-0.0069629
0.0092735
0.0220813
0.0051901
-0.0186240
-0.0255183
-0.0176083
0.0303212
-0.0076742
-0.0248217
0.1069928
0.0225307
0.0073142
0.1484393
-0.0223594
-0.0132198
0.0082320
-0.0028572
0.0117639
-0.0166012
-0.0046896
-0.0092375
-0.0135749
-0.0114006
-0.0008696
0.0060182
-0.0084969
-0.0004853
-0.0014117
0.0099311
0.0211498
-0.0146629
0.0217857
-0.0222912
-0.0067298
0.0010503
-0.0037622
-0.0106267
0.0121746
-0.0115441
-0.0020582
-0.0098209
0.0059581
0.0193238
-0.0017826
0.0095385
-0.0138852
-0.0061708
0.0125291
0.0057088
-0.0011559
0.0155609
-0.0217252
0.0192662
-0.0125098
0.0140147
0.0039957
0.0208436
-0.0098823
-0.0127301
-0.0046048
-0.0190740
-0.0027036
-0.0154635
0.0055406
0.0093192
0.0113838
0.0059392
0.0056772
0.0174359
0.0073197
-0.0083054
-0.0025810
-0.0022793
0.0141690
-0.0124565
0.0018226
0.0251491
0.0037430
-0.0197723
-0.0059463
-0.0078813
-0.0135687
-0.0149814
0.0076715
0.0236072
-0.0067015
-0.0086616
0.0126756
0.0134180
-0.0098731
0.0107434
0.0177092
