0.0175835
0.0131098
-0.0142090
0.0226100
0.0075852
0.0109286
-0.0055987
-0.0060055
-0.0108325
-0.0236886
-0.0151598
-0.0176870
-0.0040951
-0.0003852
0.0011787
0.0076813
-0.0028887
0.0154843
-0.0051699
0.0037638
0.0110460
0.0044736
-0.0061547
0.0073687
-0.0209732
0.0028775
-0.0015147
0.0049298
-0.0104133
-0.0016128
-0.0180631
0.0009336
-0.0005215
0.0088285
-0.0208814
-0.0083444
-0.0182677
0.0085647
-0.0197462
-0.0003126
-0.0115779
0.0207945
0.0052424
-0.0018950
0.0171807
0.0125643
0.0021770
0.0007993
0.0126255
0.0236014
-0.0067433
-0.0093071
0.0015465
0.0005561
-0.0027883
0.0123323
0.0088543
0.0288062
-0.0184057
-0.0050513
0.1091016
0.0829308
-0.0412223
0.0085449
-0.0152187
-0.0323611
-0.0223213
0.0176354
0.0033047
0.0001451
-0.0008164
0.0033494
0.0143820
0.0082416
0.0191328
0.0176340
0.0184489
0.0034267
0.0014610
0.0005212
-0.0034511
0.0048297
-0.0149545
-0.0124294
0.0078175
0.0006190
-0.0113400
-0.0240429
-0.0137355
0.0048166
0.0055615
0.0166388
-0.0008136
0.0051970
-0.0179430
-0.0175423
0.0043329
0.0184139
-0.0049698
0.0067583
-0.0161172
0.0097601
0.0183947
-0.0245240
-0.0221940
-0.0105897
0.0181131
0.0213130
-0.0173028
-0.0093957
0.0109545
0.0015735
-0.0067118
-0.0059988
0.0017395
0.0044652
0.0053719
0.0147415
-0.0084565
0.0088732
0.0222414
0.0133670
0.0124676
0.0162217
0.0074874
0.0001618
0.0074210
0.0134879
-0.0084249
-0.0125797
0.0226396
0.0021752
-0.0082454
0.0000031
0.0064562
-0.0008352
-0.0135303
0.0036751
0.0194347
-0.0190875
-0.0077688
0.0163569
0.0103422
0.0022398
0.0130124
0.0073464
-0.0094457
-0.0104153
-0.0066826
-0.0039300
-0.0092609
-0.0070495
0.0056025
-0.0205812
0.0030225
0.0071058
-0.0042383
0.0220096
0.0111359
0.0077790
-0.0048171
-0.0122069
0.0094702
-0.0029687
-0.0026222
0.0234160
0.0101762
-0.0135195
-0.0346165
0.0461505
0.1285129
-0.0071823
-0.1670528
0.0220516
0.1542177
0.0900005
-0.0087582
-0.0586344
-0.0294526
-0.0073949
0.0178416
0.0301285
0.0142767
0.0083913
-0.0092917
-0.0118520
-0.0119246
-0.0166392
0.0097939
-0.0033123
0.0095416
-0.0182048
-0.0015368
-0.0107235
-0.0100206
-0.0136875
-0.0075556
0.0060143
0.0157759
-0.0124347
