-0.0010879
-0.0133406
-0.0091875
-0.0019930
0.0058626
0.0035686
-0.0148767
0.0144920
0.0163909
-0.0133713
0.0098901
0.0155598
-0.0008186
0.0000605
-0.0083824
-0.0141634
-0.0014891
0.0125366
0.0148317
0.0167471
0.0105074
-0.0231756
0.0207469
-0.0047878
0.0139476
0.0174263
-0.0118843
-0.0152653
-0.0008754
-0.0116191
0.0177616
0.0017286
-0.0111906
0.0002628
-0.0013622
0.0183070
-0.0102264
0.0131432
-0.0198822
-0.0197900
0.0114652
0.0274477
-0.0140559
-0.0142290
0.0140205
-0.0047965
0.0000241
-0.0112889
-0.0112765
0.0104243
-0.0171555
-0.0139594
-0.0079535
0.0051581
0.0214079
-0.0054555
-0.0103595
0.0097227
0.0148013
0.0005436
0.0036225
0.0169890
0.0163382
-0.0043427
0.0136610
0.0120506
-0.0279123
0.0060313
0.0226303
0.0191628
-0.0153987
0.0090559
0.0997377
0.0193180
-0.1066323
-0.1290048
0.1432183
0.0791792
0.0315788
-0.0033390
-0.0146216
-0.0326378
-0.0166948
0.0228854
0.0008286
-0.0041428
-0.0000609
-0.0129762
-0.0134892
0.0043631
-0.0088620
-0.0055070
0.0005897
-0.0068521
-0.0115687
0.0035302
-0.0005397
-0.0003989
0.0079527
-0.0028532
0.0096608
0.0124917
0.0061412
0.0014859
-0.0039473
0.0018337
-0.0069872
-0.0057821
-0.0169318
-0.0087888
0.0176138
0.0020483
-0.0075969
0.0074937
0.0006657
0.0017112
-0.0066493
-0.0019579
0.0113602
-0.0011898
0.0180724
0.0006749
0.0139229
0.0192972
-0.0184873
0.0177319
0.0093138
0.0064612
0.0119677
-0.0140022
0.0056656
-0.0027402
-0.0089765
0.0016421
0.0000679
0.0061674
0.0078509
-0.0093332
-0.0051073
0.0037128
-0.0030682
-0.0007502
0.0018145
-0.0068758
-0.0271568
0.0176260
-0.0141670
-0.0138102
0.0066755
0.0109809
-0.0125016
-0.0073103
0.0075616
-0.0132871
0.0076027
-0.0117142
0.0095123
-0.0015972
-0.0180550
-0.0165191
-0.0187073
-0.0161005
-0.0154677
0.0156493
0.0183460
-0.0144069
0.0057118
0.0222446
-0.0020420
-0.0161751
0.0082726
0.0044985
-0.0040806
0.0141717
-0.0238009
0.0007824
-0.0140254
0.0114381
-0.0050979
0.0051821
0.0042992
0.0235558
0.0125114
-0.0088857
0.0211832
-0.0163750
-0.0058174
-0.0073955
-0.0050805
0.0256051
-0.0099568
-0.0216608
-0.0116193
-0.0779792
-0.1442143
0.0025636
-0.0209197
-0.0324006
-0.0406221
-0.0062533
