-0.0621325
0.0125181
0.0049098
-0.0265904
0.0004199
0.0086388
-0.0263642
-0.0081595
-0.0135069
-0.0126382
0.0012073
0.0011647
0.0002222
-0.0037499
0.0033632
-0.0041975
-0.0051300
-0.0014550
0.0163307
0.0132196
-0.0017012
0.0014099
0.0045915
0.0111967
0.0063256
0.0112522
-0.0027013
-0.0083876
-0.0065844
-0.0043189
-0.0098166
0.0135923
0.0087915
0.0081675
-0.0020319
-0.0245159
-0.0281388
0.0045004
-0.0026087
-0.0017670
0.0347748
0.0338145
0.0398708
0.0150780
0.0105626
-0.0373198
0.0186902
-0.0075944
-0.0382496
-0.0342210
-0.0237179
-0.0002229
0.0009429
0.0163118
0.0025437
-0.0026842
0.0096415
0.0067925
-0.0153995
-0.0006011
-0.0023665
0.0098013
0.0095971
-0.0065995
0.0171084
0.0063078
0.0111841
0.0067521
-0.0061748
-0.0159366
-0.0069874
0.0180815
-0.0007527
0.0047866
-0.0184527
-0.0216951
-0.0093478
0.0045091
-0.0078905
0.0114222
0.0122224
0.0432432
0.0323932
-0.1109117
0.1092607
0.1535760
-0.1045205
0.0437855
-0.0210636
0.0094475
0.0234081
0.0130719
-0.0015993
-0.0043760
-0.0051864
0.0051375
0.0086440
0.0094876
0.0118066
-0.0103169
0.0107881
-0.0138903
-0.0054688
-0.0089179
-0.0070603
0.0087534
0.0151878
-0.0071275
0.0084290
-0.0044015
-0.0113552
-0.0210097
0.0043449
0.0031802
-0.0135647
0.0138968
-0.0036395
0.0067080
0.0239868
0.0129195
-0.0092417
-0.0131750
0.0293917
0.0480389
0.0201315
-0.0453410
0.0212538
0.0088645
0.0411184
0.0345453
0.0142706
0.0180391
0.0151825
0.0056580
-0.0104700
-0.0229959
-0.0092517
0.0001273
-0.0078915
0.0066677
-0.0053982
0.0219273
-0.0143796
-0.0039482
-0.0000797
-0.0074399
0.0105542
0.0092169
0.0066409
-0.0010271
-0.0167933
-0.0162171
0.0014376
-0.0030624
-0.0013783
-0.0090621
-0.0166034
0.0159097
0.0046991
0.0054192
-0.0199730
0.0037054
0.0225321
-0.0901733
-0.0793319
0.1103057
0.0458231
-0.0377938
-0.0411507
-0.0273892
0.0102936
0.0287603
0.0287189
-0.0286712
-0.0026861
0.0135299
0.0055449
-0.0048062
0.0054361
0.0026408
-0.0012859
-0.0105584
-0.0007871
0.0108931
0.0071842
-0.0031474
-0.0084305
0.0066512
-0.0201588
0.0011958
-0.0069215
-0.0070997
0.0126004
-0.0004160
0.0123347
-0.0102395
-0.0113489
-0.0006811
0.0056427
0.0089894
