-0.1093666
-0.0701836
-0.0902743
-0.0089933
0.0186378
-0.0499392
0.0572583
-0.0415821
-0.1370437
0.0350279
0.1444505
0.0739641
-0.1075246
0.0649268
-0.0574528
-0.2059873
-0.0126020
0.0668354
0.0352361
0.2414819
0.0555783
-0.0427435
-0.2536795
-0.2852785
-0.0442097
0.1520161
-0.1677616
0.0024070
0.0297294
0.0660897
0.0021121
-0.0719568
0.0902729
0.0492258
-0.0492163
-0.0056295
0.0175230
-0.0589169
-0.0361983
0.0341199
0.1043642
-0.0328989
-0.0955410
-0.0369309
0.1187476
0.0366956
-0.0722793
-0.0756635
0.1118095
0.1127168
0.1226509
-0.0142847
-0.1218374
-0.0144104
0.1237599
-0.0367865
-0.0135558
-0.0202977
0.1354151
-0.2873641
-0.2886600
-0.2201783
0.0805883
-0.1048480
0.0395963
-0.0381791
0.0944290
0.0168126
0.0751725
-0.0584693
0.0291351
0.0258358
-0.0236705
0.0284188
0.1212204
0.0213142
0.1215277
-0.1290526
0.0638210
0.0788439
0.0225852
-0.1100433
-0.1179691
0.0533128
-0.0562580
0.0404313
0.0997978
0.0377055
-0.0297844
-0.1015481
-0.1141749
0.0757571
0.0691866
-0.0595525
-0.0030593
-0.0560934
-0.0898365
-0.1747532
0.0474829
-0.0013043
0.1080669
-0.1266618
-0.4795140
-0.3766815
-0.0389977
0.2584851
0.2039299
-0.0469194
-0.1452466
0.0022077
-0.1043526
0.0726636
0.0544560
-0.0975207
0.1084578
-0.0172236
0.0808349
0.0259626
0.0617356
-0.0610635
-0.0471783
-0.0068096
0.0985845
0.1301333
-0.0577820
-0.1116690
0.0470048
0.1243596
0.0493866
0.0464337
-0.0527063
0.0502456
0.0701208
0.0716936
-0.0612275
0.0021274
-0.0231598
-0.0586664
0.2410597
0.1114544
0.2824373
0.0248564
-0.4052587
-0.0673072
0.3046309
-0.0719776
-0.0445149
0.0602013
-0.0386965
-0.1001804
0.1401368
0.0218761
-0.0199611
-0.0137962
0.0367020
-0.1345223
0.1350111
0.0713451
0.0029692
0.0127938
-0.0397070
0.0073632
-0.0570849
0.1140975
0.1364041
0.0862077
0.1106783
0.0286796
0.0346206
-0.0416481
-0.0551264
0.0700512
0.0923891
0.0834594
0.0408917
0.0018249
-0.0133308
-0.0976167
-0.1545856
-0.1403388
0.1916452
0.0752961
0.3818340
0.0969849
-0.1865404
-0.4562539
0.4233196
0.3491269
0.3242896
0.1749505
-0.1204743
-0.1755451
-0.0105373
0.1287356
-0.0101580
0.0724442
-0.0008762
-0.0294551
0.1208348
0.0581672
