0.0025787
0.1277874
0.1224278
-0.0468416
-0.0913392
-0.1029416
-0.0868211
0.0415028
0.0220673
-0.0312129
0.0044620
-0.1123729
0.1299347
-0.0528734
-0.0891331
0.0729304
0.1199414
-0.0338732
-0.0243714
0.0021722
0.0776740
-0.0067194
-0.0795711
0.0264835
-0.0119161
0.0735758
0.0995418
0.1160606
0.0974292
-0.0697328
0.0386853
0.0978111
-0.0139245
-0.0815684
-0.1468295
0.0583298
-0.3485062
-0.2289827
0.3037578
0.1349086
0.2272239
0.0604349
-0.0140363
-0.0624868
-0.1496903
-0.0717338
-0.0543954
0.0109473
0.0759026
-0.0643066
-0.0364578
0.1131801
-0.1217711
0.1250233
-0.0332211
-0.0061747
-0.1114189
-0.0734648
-0.0136124
-0.0080644
-0.1013616
0.0313558
-0.1159084
0.1049801
-0.0264228
-0.0850823
-0.0027988
-0.0020158
0.0106521
0.1054832
0.0096819
-0.2114196
-0.0141673
0.0564996
-0.0115473
0.1576925
0.0684022
-0.0101564
-0.5267159
-0.4202462
-0.4083418
0.0453769
0.1477762
-0.0759661
-0.1959691
-0.0355901
0.0904170
0.1076981
-0.0487992
-0.1100786
0.1144958
-0.0975026
-0.0901770
0.0036963
0.0057416
0.0889030
0.0739869
0.0697126
-0.0198268
-0.1092462
-0.0683669
-0.0118209
-0.0784919
0.0933556
0.0322083
0.0787895
-0.1316568
0.1201902
0.1070736
0.0787026
-0.0967959
-0.1241555
0.0522109
0.0465979
0.0958823
0.1319325
0.1504748
-0.1040051
-0.2315210
-0.0865874
0.2924837
-0.3009315
0.2056113
0.2665124
0.2705266
-0.1756571
-0.0992805
-0.0126669
-0.0260572
0.0426530
0.1536187
0.1236252
-0.0666162
0.0205155
0.0680309
-0.0475178
-0.0449762
-0.1020653
-0.0600397
-0.1158016
0.0262195
-0.1152202
-0.0163687
-0.0633651
0.0958015
-0.0048632
-0.1190127
0.1170227
-0.0682397
-0.0366227
-0.0971412
-0.1150816
0.0899167
-0.1550077
0.0786383
0.0061874
0.1333522
-0.0357790
-0.0181346
-0.2152729
0.4559562
0.4229399
-0.6074802
-0.0441129
-0.0269252
-0.2150668
0.0468579
-0.1272694
0.0724589
0.1562987
0.1537237
0.0253284
0.0735648
-0.0993497
0.0415114
-0.0245887
-0.1206828
-0.0775257
0.1070935
-0.0868235
0.0908055
0.0600216
-0.1039582
0.0137832
0.1124930
-0.0269980
0.0148260
-0.0399009
0.1052530
-0.0335190
0.0056797
0.0863589
0.0494964
-0.0842429
0.0946962
0.0010502
-0.1259834
-0.0034759
0.0382049
-0.1698241
