0.0187195
-0.0269012
-0.0095198
-0.0106939
-0.0136152
0.0276382
-0.0013009
-0.0214657
-0.0046160
0.0050214
-0.0355736
-0.0032772
-0.0097734
0.0210413
0.0250415
0.0126438
0.0128743
-0.0073596
0.0200210
-0.0059029
-0.0121038
0.0128021
-0.0223084
-0.0198909
0.0071999
-0.0122612
-0.0411715
-0.0035216
-0.0341451
0.0125940
0.0160563
-0.0053664
0.0250831
-0.0633510
-0.0966034
0.2827122
-0.0948245
-0.1210722
0.0127945
0.0254257
0.0488113
0.0658803
0.0496713
0.0357932
0.0276642
-0.0346263
0.0003145
0.0245869
-0.0348917
-0.0201699
-0.0024071
-0.0011119
0.0137936
0.0038475
0.0228123
-0.0278886
-0.0154241
-0.0267050
-0.0029989
-0.0220269
-0.0303229
-0.0039900
0.0185913
-0.0002736
-0.0165564
-0.0213665
0.0184801
0.0178902
0.0099884
0.0120779
-0.0144238
-0.0075688
0.0241426
-0.0143049
-0.0189868
0.0216247
0.0289033
0.0005032
0.0043720
0.0044993
0.0101845
0.0130548
0.0263095
-0.0037917
0.0112946
-0.0194062
0.0055577
0.0017488
0.0050546
0.0118727
0.0015087
0.0010015
-0.0158701
0.0163412
-0.0172830
-0.0013378
0.0184296
-0.0052567
-0.0308928
-0.0037248
-0.0103244
0.0034125
-0.0247522
0.0194420
-0.0053901
-0.0210017
-0.0292160
-0.0029889
0.0210963
-0.0153935
0.0268697
-0.0123157
-0.0188437
0.0267447
0.0192131
0.0130378
0.0207448
-0.0229679
-0.0244913
-0.0205847
0.0110830
-0.0091023
-0.0119523
-0.0252463
-0.0030009
-0.0080261
0.0600451
0.0480838
0.0093201
-0.0555799
-0.0405140
-0.1638568
-0.0584337
-0.0201536
0.0103826
0.0629338
0.0361376
-0.0481791
-0.0175993
-0.0241218
0.0026179
0.0031969
-0.0005845
0.0256034
-0.0097368
-0.0193435
-0.0237511
-0.0117434
-0.0093720
-0.0032661
-0.0143081
0.0100873
0.0184128
0.0009940
0.0039940
0.0264273
0.0085792
0.0148889
-0.0196155
-0.0059078
0.0133750
-0.0064358
0.0032758
0.0119805
-0.0164385
-0.0102286
0.0285980
-0.0062182
-0.0107289
-0.0080994
0.0177999
-0.0016232
-0.0199297
0.0160183
0.0026261
-0.0209156
0.0187894
-0.0123224
0.0094389
0.0013071
-0.0076492
-0.0227427
0.0278195
0.0097836
-0.0340381
-0.0244698
-0.0002260
-0.0021704
0.0186189
0.0129152
0.0146133
-0.0264882
0.0080243
0.0073715
0.0162514
-0.0203691
0.0164525
0.0219064
-0.0206105
0.0059818
