-0.1110939
0.1322884
0.0984544
-0.0441161
0.0217745
0.0959628
0.1082343
-0.0998038
-0.1720510
-0.1710675
0.1318534
0.2506629
0.3220321
0.2420488
0.1216166
0.0298416
-1.0150653
-1.1742477
1.1325061
0.4869412
0.1492613
-0.1080378
-0.2229718
-0.3456397
-0.1357492
-0.0086909
0.4471111
-0.0768733
-0.2400778
-0.3120114
-0.2356748
-0.2009185
0.1017819
0.4531630
0.2455261
-1.3043264
0.0456787
0.6181177
0.0229172
-0.1260764
-0.3852799
-0.2433681
-0.1112104
-0.2096362
-0.0027309
0.3197941
0.0385655
0.1716922
0.1177462
0.0903729
-0.2034709
-0.0261388
0.0006841
0.1435670
-0.0343803
0.0237691
-0.1542131
-0.0396808
0.0100340
-0.0449859
0.1879749
-0.0454627
-0.0741214
-0.0541160
0.0565778
0.2462947
0.2901763
0.0656226
-0.9124843
1.1759663
0.2610895
-0.1755696
-0.3529896
-0.3062214
-0.1517093
0.0693976
0.1285360
0.2344457
-0.0439976
-0.1065223
0.0306930
-0.1701739
0.0275951
-0.0697103
0.1744052
0.2055123
-0.0799271
0.1687944
-0.0323842
-0.1525352
-0.0735357
-0.0765500
-0.0577326
0.0778284
-0.0768982
-0.0233353
-0.1364084
-0.0375101
0.1032014
-0.0011673
0.0670449
-0.0292906
-0.2337511
-0.1361261
0.0521680
0.1767889
0.2311165
0.1182492
0.0956887
-0.1829832
-0.6391509
0.3415395
-0.0412027
-0.3613636
-0.2896286
-0.2028354
0.2248187
-0.0232403
-0.0915240
-0.0564938
-0.1086709
0.0948435
-0.0310176
0.0999985
0.1173040
0.1086497
0.0329214
0.0306360
-0.0353309
-0.0419773
-0.1193244
0.1277930
0.1010262
0.0297196
0.0535538
-0.0982988
0.0023165
-0.1559996
-0.0147591
-0.1107597
-0.0674842
0.0040254
0.1631701
-0.0369467
-0.2776739
0.3033541
0.1358071
-0.0229180
-0.2184995
0.0296807
0.1680738
-0.1302401
-0.2191472
0.0390185
0.0600704
0.0196191
-0.0540260
-0.1218606
0.0144476
0.0924599
-0.1301358
0.0952722
-0.1078384
0.0814360
0.0807810
-0.0237877
0.0506813
0.0799566
-0.1301661
0.0180078
-0.0346459
-0.0085632
0.1612994
0.0156179
-0.0181708
-0.1443177
0.0091119
0.1301764
-0.0297301
0.0432375
-0.0787437
-0.0522467
-0.4073102
-0.4060724
0.0866278
0.3582439
-0.1078678
0.0701762
0.0164648
-0.0818444
0.1511679
0.1602214
0.0133553
-0.0524443
-0.0589120
0.0878185
-0.1297633
-0.1185564
0.0293936
-0.0293789
