-0.1599908
-0.1137956
0.0398047
0.2018258
0.0103605
-0.1472754
0.0462238
-0.0358627
0.0202871
-0.0132330
0.0359641
0.0674057
-0.0631413
0.0618691
-0.0106884
0.0300392
-0.0366443
0.1204787
0.0984334
0.0923051
0.1040963
0.0292105
0.0702855
-0.1295130
0.0291531
0.0422013
-0.0800727
-0.0957292
-0.0713963
-0.0491320
-0.0337173
-0.0160963
-0.1045133
0.0698672
-0.0382960
-0.1031681
-0.0417152
-0.1813019
0.0555560
0.2089245
0.2523084
0.3415843
-0.2208092
-0.3425615
-0.5284326
0.4188581
-0.1128784
0.1023210
-0.0871360
0.0996787
0.1293478
0.1631394
0.0399395
0.0606474
-0.1435714
0.1649565
0.0027107
-0.0774582
-0.0624305
-0.0686439
0.1104600
0.0373005
-0.1310045
-0.0828640
0.0889596
0.0441467
0.0307271
-0.0380990
0.0972303
0.0508240
-0.0987818
0.0156742
0.1441497
0.0452423
0.0916867
-0.1521948
0.0340588
-0.1604258
0.0903415
0.0598487
0.1989824
0.2362380
-0.1729728
-0.1829892
0.1943185
0.1722605
-0.1781736
0.0404822
0.0149132
-0.0262106
-0.0248753
-0.1546042
0.0501334
0.0507754
-0.0296373
-0.0884605
0.1046288
-0.0031326
-0.0858688
0.0236750
-0.0315850
-0.0637754
-0.1102078
-0.0250640
0.1358900
-0.0047355
0.1365312
0.0028952
0.0185877
-0.0602303
-0.0385802
0.0835588
-0.0222425
-0.0069522
-0.0175943
0.0783190
-0.1313042
0.0348020
0.1371450
-0.0532652
0.0326336
0.0811734
0.1753325
0.3641796
-0.1839138
0.0011485
0.0389583
-0.0211971
0.1485456
-0.1751843
0.0307012
0.1442904
-0.0510912
0.1023880
0.0113494
0.0355708
-0.0327132
-0.0557606
0.0019761
0.0545627
0.1471961
0.0455967
-0.1068296
-0.1353718
-0.3254644
0.6090160
0.5557835
-0.2876270
-0.2804169
0.0165596
-0.1105975
0.1749847
0.2277541
0.0018540
-0.0153651
-0.0126039
0.1411693
0.0256647
0.0311358
0.0939054
-0.1535832
-0.0473286
0.0688979
-0.1483731
0.1374096
0.1957122
-0.0438370
-0.0371966
0.0019551
0.0381016
-0.0699335
-0.0053869
0.0318612
0.0378606
0.0728505
-0.1311557
-0.0478443
0.1167610
0.1757426
-0.0393520
-0.0467932
-0.0674697
-0.3729291
-0.3268772
0.1412093
0.5619041
-0.2648245
-0.3907710
-0.2504548
-0.0427763
0.0248584
0.0382587
0.0305802
-0.0570422
-0.0759925
0.0466187
0.1152571
0.0563393
0.0531858
-0.0762327
