0.0636035
-0.0479730
-0.0415065
-0.1155575
0.0870277
0.0733397
0.0032300
-0.1242729
0.0760121
-0.0534258
0.1166400
-0.0029783
-0.0882799
0.0514047
0.1308880
-0.0471872
0.0913350
0.1177794
0.1328533
-0.0208249
0.0489221
0.0964021
0.1320957
0.1079914
-0.1493539
-0.0351584
0.0827728
0.1025302
-0.0966398
0.0728187
0.1123366
-0.0307449
0.0341960
-0.0141371
0.0970102
-0.5947314
0.0075601
0.1913921
0.0934344
-0.0575482
-0.0352451
-0.2246634
-0.0668229
0.0178638
-0.0509441
-0.0142535
-0.0049236
-0.1274190
-0.0609904
-0.0890917
0.1299396
0.0247480
-0.0370589
-0.1158979
-0.1007854
-0.0819496
0.0578718
-0.0307678
-0.1188877
-0.1197962
-0.0311013
0.0185782
0.0172764
0.1690010
-0.0359455
-0.1552151
-0.1517513
0.0882240
0.2343768
-0.0894844
-0.6036389
0.2634797
0.2501163
0.1563592
0.1645635
0.0345655
0.0085902
-0.0767934
0.0653762
0.0537967
0.0131618
0.0817221
-0.0458806
-0.1178492
0.0683369
0.0507013
0.1149097
0.0760929
0.0527348
0.0550171
0.0865619
-0.0972276
-0.0872691
0.1234464
-0.0695281
0.0093242
0.0025087
-0.0102802
-0.1052869
0.0410532
0.0223652
0.0734541
0.0292068
0.0991138
-0.0825082
-0.0395191
0.0155932
-0.0715127
0.0265712
0.0342821
-0.1654861
-0.0132740
0.2145744
0.2677297
0.3390998
-0.2017823
0.2245182
-0.0449380
-0.0224765
-0.0676358
0.0268974
0.1569088
0.1073057
0.0189063
-0.1105230
-0.0541908
0.1321841
-0.1281570
-0.0383929
-0.0937463
0.0435894
-0.1073200
0.0428699
-0.0043805
0.0353723
0.0297681
-0.0784494
-0.1210601
0.0642038
-0.0696665
-0.0505740
-0.0745514
-0.1286341
0.0447937
0.1047854
-0.1102915
-0.1506047
-0.0923796
-0.0831929
0.2089674
0.0769397
0.4338922
0.2231320
-0.7171226
-0.6799873
0.2358642
-0.1644490
-0.0968123
-0.1009270
0.0166194
0.1223413
-0.0781962
-0.0242143
0.1299183
-0.1240075
0.0440260
0.0218988
-0.0936335
-0.0778303
0.0316481
0.1143798
-0.0802712
0.0699976
0.1187060
-0.1158256
-0.0583762
0.0311528
0.0714665
0.0443030
0.0836007
-0.0271655
-0.1189694
0.0068600
0.0847751
0.0874970
-0.1106660
-0.0832127
0.0623043
-0.0795261
-0.0320748
-0.1127842
-0.1336999
-0.0523407
0.1151181
0.1809844
-0.5291280
-0.3820306
0.2456035
0.2893938
0.2462294
