0.0880951
-0.0897324
0.0843877
0.0074591
-0.0346215
-0.0155059
0.0516756
0.0064787
0.2794442
0.3047933
-0.3322063
0.1359729
0.1037325
-0.0104325
0.1933868
-0.0847674
-0.1391031
0.0360312
-0.0678570
0.0804436
0.1351639
0.1284059
0.1576392
0.0185971
-0.0162335
0.0637855
0.0515170
0.0334363
0.0045424
-0.1241649
-0.1250402
-0.1127404
0.1112987
0.1364153
0.0156444
0.1154056
-0.1066486
-0.0124733
0.1418051
-0.0919013
0.0368906
-0.0978551
0.0244460
-0.1523308
-0.0929680
-0.0412677
-0.1101033
-0.0774427
-0.1477777
-0.0065709
-0.0557866
-0.0065941
0.1336371
-0.1022692
0.2668427
0.1140555
-0.1601993
-0.0422461
0.0029173
0.0573998
0.0266571
0.0121080
0.1090602
0.0373731
0.0092676
-0.0596015
-0.0982575
-0.0278534
-0.0433741
-0.1134482
0.0785908
-0.0897601
-0.0378408
-0.0004076
0.0638760
0.0511646
-0.0490773
0.0319645
0.0482078
0.0795345
0.1127848
0.0403747
0.0895494
0.1033515
0.0619055
-0.1302671
-0.1221627
0.0978931
0.1573635
-0.4549781
0.0234979
0.2555297
-0.1022297
0.0857718
0.0679585
0.0289048
-0.0776390
0.0656006
-0.0866750
-0.0279067
0.1056669
0.0928076
0.0209333
-0.0214695
0.0757604
-0.0347202
-0.0747182
-0.0804119
0.1208813
0.0629001
0.1179879
-0.0020406
0.0113679
0.0445120
0.0034297
-0.0658965
-0.1241935
-0.0385778
-0.0794225
0.0187281
0.0138478
0.0694065
-0.0066485
-0.0674337
-0.0089724
-0.1027786
0.1279732
0.2446216
0.2555039
0.1301459
-0.1096376
-0.1825167
-0.1366138
-0.0431047
-0.1498578
0.0874409
0.0866545
0.0087073
-0.0309049
-0.0137394
-0.0002628
-0.0180684
-0.0214512
-0.1223578
0.1241796
0.0831422
0.1197277
-0.0137894
-0.0298077
0.0711953
-0.0157530
-0.1328746
0.0300690
-0.0092307
0.1014582
0.0842974
0.0530862
0.0374119
-0.0430430
0.0037945
-0.0278375
0.0542908
-0.1663397
0.4380450
0.4608431
-0.6376203
-0.5822729
0.1956551
0.4019107
0.2707515
0.0407163
-0.0650879
0.0086300
-0.0936390
-0.0145670
-0.0617876
0.1034936
-0.0675746
0.1145028
0.0207385
-0.1155575
-0.0608926
-0.0075583
-0.1274281
0.0733397
0.1268197
-0.0275585
-0.1242729
0.0760121
0.1011845
-0.0566556
-0.0029783
0.1308880
-0.1307677
-0.0471872
0.1328533
0.0508696
0.0964021
0.0871318
0.1320957
