0.0469661
-0.0900041
0.0653708
-0.0532475
0.0570761
0.0263730
-0.0587794
-0.0438408
-0.0985313
-0.0532730
-0.1240746
0.0138580
-0.0693020
-0.0150510
-0.0619681
0.0630019
-0.0155190
-0.0234454
-0.0944253
0.0340858
0.0698924
0.0626039
-0.0073441
-0.1477314
-0.0845184
-0.0645134
-0.1017726
-0.0552534
0.0587223
0.0354977
-0.0032438
-0.2212138
0.1719538
0.3430923
0.0665574
0.4761474
0.3333500
-0.0766260
-0.2141060
-0.1168315
-0.0133265
-0.0193640
-0.0975407
0.0258256
0.1265089
-0.0334393
0.1138960
0.0582327
-0.0184940
-0.0075726
0.1324303
0.1162294
-0.1254924
-0.0650593
-0.0935637
-0.0207565
0.1252493
-0.0412286
0.0521416
0.0448689
0.0943596
-0.1052526
0.0235938
-0.0709439
0.0317848
-0.1059035
-0.0345452
-0.0111855
0.0091860
0.3763560
0.1602300
-0.5737015
-0.4816251
0.0468695
0.2017045
0.4243825
-0.1051238
-0.0008738
0.0204255
-0.0400928
-0.0057780
0.0619232
0.0459658
0.0811285
0.0815638
-0.1131511
0.0443320
-0.1914366
-0.0847427
0.1240745
-0.0559812
0.0435335
0.0942803
-0.0159640
-0.0617222
-0.0830848
0.0505985
-0.1209507
-0.0837646
0.0188318
-0.0952686
-0.0385361
-0.0388382
0.1342244
-0.0094570
0.1410014
0.0254406
-0.0584273
-0.0320596
0.0153190
0.0848500
0.0394201
0.1108972
0.0696732
-0.0630069
-0.1585735
0.3259227
-0.2583886
-0.5853301
0.3134471
0.4279050
0.0497682
-0.1684018
0.0365473
0.1374436
0.1449930
0.0855185
-0.0169945
-0.1097721
-0.1452965
0.0207148
-0.0957738
-0.0318558
0.0118090
0.0135603
0.0236377
-0.1075872
-0.0456427
0.0880661
-0.0628519
-0.0017271
0.0527467
-0.0791737
-0.0949594
-0.0524333
-0.0814906
-0.1026327
0.1010387
-0.1155131
-0.0361481
0.1205200
-0.0601703
0.0487470
0.1187292
-0.0379514
-0.0735590
0.2089848
0.3072254
0.1813549
-0.2732021
-0.0613254
0.0581978
-0.1080036
-0.0480338
-0.0724446
-0.0535796
-0.0329284
-0.1222656
-0.1397614
-0.0728628
0.0174985
-0.0919567
-0.0500601
-0.0780047
-0.0109765
0.0262181
-0.0697623
0.0819704
-0.0223047
0.0048059
-0.1111026
-0.0108917
0.0090762
0.1293050
-0.1206629
-0.0265639
-0.0590030
-0.0745527
0.0184608
-0.0903509
-0.0679957
0.0697983
0.0554791
-0.0163707
-0.0867857
0.1875105
-0.0070995
-0.0834774
-0.0472111
-0.0427392
