-0.0708135
0.0524033
-0.0291776
0.0092716
0.0199168
0.0439456
0.0125149
-0.1000348
0.0000555
0.0063326
-0.0002050
-0.0610988
-0.0825077
-0.1351223
0.0354504
0.0848428
-0.0581237
0.0316982
-0.0158695
0.0289178
0.0037861
-0.0735773
0.0635800
-0.0049334
0.0505540
0.0516603
0.0910887
0.1876952
0.0116007
-0.1090614
-0.1078289
-0.0489879
-0.1445572
0.3169712
0.3707566
-0.3281375
0.4441621
0.2043426
-0.0409390
-0.1767416
-0.0820512
-0.1301900
-0.0856719
-0.1127588
-0.0969891
0.1350290
-0.1606738
0.0368995
-0.0938952
0.0924899
-0.0283497
0.0693376
-0.1315747
0.0243128
0.1250250
-0.0611066
-0.0349770
-0.0648197
0.1080477
-0.0422441
-0.1242904
-0.1078814
0.0702114
-0.0218450
-0.0986486
-0.0252681
-0.0141593
-0.1852758
0.4915342
0.0959503
-0.6958441
-0.1753613
0.4024882
0.4732448
0.3470549
0.0729312
-0.2344712
-0.1869797
-0.1397450
-0.0499160
0.0028068
0.0556125
0.0428951
-0.1025771
0.0121545
-0.0121062
-0.0102087
-0.0681448
0.1384471
-0.1015598
-0.0141904
-0.0047501
-0.0738805
0.0333798
-0.0956170
0.0529944
0.0210242
0.0407815
-0.0533375
0.1450170
0.1512813
0.1112503
-0.1186026
-0.0874963
-0.0906791
0.0676127
0.0856044
0.0136965
0.1568601
0.0182141
-0.0047479
-0.2481093
0.0390056
0.0813613
0.3736696
0.2343458
-0.2103576
0.1339962
0.0186309
-0.0039216
-0.0620118
0.0167986
0.1306620
0.1129595
0.0966654
0.0249193
0.1058463
0.0626158
-0.0431347
-0.1033958
0.0072189
-0.0729288
0.1235863
0.0313681
0.1256827
0.0769423
-0.0254910
0.1168828
-0.0425520
0.0137599
0.1250127
0.1175084
-0.0378372
-0.0544069
0.1164624
-0.0218510
0.0350532
-0.0286902
-0.1031598
0.0102994
-0.0920986
-0.1166664
0.1780076
0.2355913
0.2725681
-0.2798538
0.1894750
-0.1441214
0.0138186
-0.0001521
0.0158242
0.0955242
0.0967032
0.1257800
-0.0218499
0.1299701
-0.1181766
-0.1205221
0.0098872
-0.0460887
-0.1388517
0.0980975
0.0373450
-0.0235135
-0.0885867
-0.1145416
0.1150043
0.1128327
-0.0997609
0.0569925
0.0540661
-0.0745814
0.0072381
-0.0542268
0.0335783
0.0595304
-0.0487954
-0.0561036
0.0373049
-0.0106096
0.0520609
-0.1756466
-0.0385871
-0.1812018
-0.0052055
0.0189167
-0.1700258
-0.4307703
-0.0428304
0.2035877
