-0.0785564
0.0879451
-0.1254166
-0.0576129
0.0130878
0.1364920
-0.0832885
0.0855341
-0.0525124
-0.0684621
-0.1154470
0.0240101
0.0859727
0.0327890
-0.0469117
0.0315221
0.1197047
0.0185113
0.1329023
-0.1041764
-0.0856111
-0.0616176
-0.0797035
0.0104357
-0.1269776
0.0936402
0.0860571
0.0171974
-0.1602270
-0.0603264
-0.2076123
-0.1999018
0.3462290
0.3410419
-0.2022792
0.4357885
0.0716010
-0.1603833
-0.2248384
-0.0490733
0.0497545
-0.1356035
0.0264252
0.0834796
0.0890967
0.0900239
0.0934025
0.0439456
-0.0113038
-0.0921956
0.0125149
-0.0238216
-0.0643506
-0.0616038
-0.1021214
0.0795665
-0.1022789
0.0037861
-0.0049334
-0.0783773
-0.0804217
-0.0720939
0.0516603
-0.1090614
-0.0489879
-0.2257052
-0.1445572
0.3169712
0.0107231
-0.6156823
0.0498978
0.4646934
0.0562760
-0.0738058
-0.0409390
-0.0820512
-0.0856719
-0.1127588
-0.0969891
-0.0231359
0.0617481
0.0054491
-0.0801526
0.0273045
0.1062763
0.0778657
0.0924899
0.0480694
-0.0125951
0.0709762
-0.1197804
-0.1092939
0.0331912
0.0305050
0.1132719
0.0160168
-0.0349770
-0.1145868
0.0360289
-0.0326839
-0.0235833
-0.1078814
0.0702114
-0.0214763
-0.0502279
0.1263430
-0.0218450
-0.0986486
-0.0353904
-0.0239959
-0.1764402
-0.1852758
0.4915342
0.2865473
-0.2367863
-0.8448266
0.4732448
-0.0985849
-0.0325020
-0.0499160
-0.1088305
0.1646236
-0.0618869
0.0659803
-0.0121062
0.1071380
-0.0938774
0.1384471
0.1374202
0.1184076
-0.0391950
-0.0956170
-0.0737970
0.0210242
0.1176744
-0.1255052
0.0407815
-0.0256021
0.1112503
-0.1186026
-0.0874963
-0.0906791
0.0676127
0.0856044
0.2026852
0.1322074
-0.0717668
-0.2481093
-0.0614296
0.1503532
0.0813613
0.3736696
0.2343458
-0.7049184
-0.6975291
0.4886422
-0.0039216
-0.0620118
-0.1930657
0.1780219
-0.1133283
0.0966654
-0.0500044
0.1112110
-0.1033958
-0.0292055
0.0855297
-0.0168007
0.0505768
0.1190791
-0.1275973
0.0875964
0.0163350
-0.0259156
0.1256827
0.0769423
-0.0245515
0.0584255
-0.0899883
0.0137599
0.1250127
0.1175084
0.0034931
-0.1553442
-0.0544069
0.1164624
0.0987948
-0.0218510
-0.0088367
0.0350532
-0.0297234
-0.0920986
0.1780076
0.2487907
0.2355913
-0.2798538
-0.1182481
0.2536250
0.3335192
0.1894750
