0.0027883
0.0238486
-0.0179298
0.0251228
0.0069899
-0.0084569
-0.0189767
0.0022262
-0.0104409
-0.0300003
-0.0078434
-0.0109327
0.0249744
-0.0218310
-0.0271283
0.0059713
-0.0237010
0.0046911
-0.0271820
0.0080174
0.0036992
0.0326908
0.0206255
0.0160418
0.0196507
-0.0070624
-0.0321219
-0.0088311
-0.0101813
0.0127149
0.0181449
-0.0084677
-0.0108387
-0.0071849
-0.0136976
0.0124496
-0.0101656
-0.0064802
-0.0274344
0.0288451
-0.0184779
0.0049999
0.0093711
0.0002787
0.0170503
0.0024588
0.0122887
-0.0079429
0.0212727
0.0183066
0.0121678
0.0175487
-0.0077834
-0.0019159
0.0040851
0.0107526
-0.0165414
0.0179245
-0.0316083
0.0000328
0.0051526
0.0285581
0.0057250
-0.0132303
0.0103943
-0.0245516
-0.0197248
-0.0316398
-0.0213128
-0.0084753
0.0017564
-0.0203646
-0.0076498
-0.0025218
-0.0003103
-0.0129978
0.0088951
-0.0169897
0.0153742
0.0307008
0.0240878
0.0173373
-0.0256241
0.0036784
-0.0099902
0.0554592
0.0422088
-0.0546986
-0.1517770
0.1722712
0.1841851
-0.1540332
-0.0041959
-0.0095333
0.0721486
0.0436384
0.0608377
0.0353450
-0.0043244
0.0062165
-0.0373490
0.0052370
0.0361647
0.0260920
0.0280921
0.0312882
0.0155528
-0.0064794
-0.0235806
-0.0236535
-0.0026278
-0.0123012
-0.0008769
-0.0140095
0.0127635
-0.0217037
-0.0124481
0.0075953
0.0223528
0.0066971
0.0095637
-0.0003768
-0.0143002
-0.0231066
-0.0262789
0.0091988
0.0216134
0.0133354
-0.0042008
-0.0122626
0.0240751
-0.0173130
0.0160512
-0.0255579
0.0054187
0.0236893
0.0090781
-0.0122038
0.0089293
-0.0010642
0.0122760
-0.0119636
-0.0068950
-0.0091946
0.0063711
-0.0190285
-0.0124171
0.0240499
-0.0281655
0.0005879
-0.0151554
0.0313693
-0.0184092
-0.0040996
-0.0055638
-0.0233820
0.0180492
0.0194648
-0.0008292
0.0195228
-0.0230277
0.0190446
-0.0182184
-0.0191089
0.0249866
0.0175984
-0.0000409
0.0163471
0.0306614
0.0281103
0.0131027
0.0164529
0.0202204
0.0095084
-0.0195734
-0.0133451
-0.0348245
0.0283535
0.0222749
-0.0062312
-0.0012092
-0.0324961
0.0096727
-0.0311158
-0.0018586
-0.0007291
-0.0067172
0.0378426
0.0665154
0.0618445
-0.0489224
-0.1337271
0.1811106
0.1941639
0.2389436
-0.0925697
-0.0442900
0.0622498
0.0682319
0.0375654
