0.2642733
-0.0041134
0.0284735
-0.0039186
-0.0225985
-0.0030047
0.0237046
0.0100013
-0.0176493
-0.0187915
0.0017796
-0.0246331
-0.0015116
0.0009494
-0.0207959
-0.0151394
-0.0067959
0.0122832
-0.0070157
-0.0011736
0.0127493
0.0162117
-0.0208698
-0.0347116
0.0116974
-0.0131108
0.0123430
0.0005231
0.0009209
0.0146950
-0.0048197
-0.0022768
0.0184710
0.0080951
-0.0092238
0.0132296
-0.0148978
-0.0215285
0.0001081
-0.1167973
-0.0809908
0.1165309
0.2453970
0.0473481
-0.1421274
-0.1979511
-0.0649028
0.0088772
-0.0068761
0.0222048
0.0009359
-0.0179136
-0.0116777
0.0175329
0.0042245
-0.0299933
-0.0101088
0.0119800
-0.0302903
0.0016271
0.0153627
-0.0070684
-0.0161439
-0.0288654
-0.0049635
-0.0217609
0.0130099
0.0024895
-0.0027376
0.0111323
-0.0001289
0.0134890
-0.0204369
0.0053015
-0.0119604
-0.0036619
-0.0066987
0.0152587
-0.0283297
0.0398155
0.0120397
0.2495933
-0.0371830
-0.0146729
0.0215291
-0.0150222
0.0283354
0.0080852
-0.0278482
0.0109234
0.0132253
-0.0040145
-0.0141228
-0.0116061
-0.0155973
-0.0172711
0.0058122
-0.0062965
0.0024644
0.0036228
