0.0443467
0.0532393
0.0364396
0.0721037
-0.1263441
0.0146755
0.0227758
-0.0731747
0.1014968
0.1471335
-0.4545379
-0.5746001
0.2208903
0.2917594
0.4092563
0.1049276
-0.0514142
-0.0425812
-0.1394081
-0.0845094
0.0201957
-0.1220803
0.0591819
0.0552765
-0.0633293
-0.0463369
-0.0901054
-0.1193717
0.0814602
-0.0912025
0.1049928
0.1298001
0.1272813
-0.0343471
-0.0381117
-0.0919497
-0.1017795
-0.1215512
0.0286961
0.0693194
-0.0963722
0.0042533
-0.0835833
0.0821340
-0.0881888
-0.1171187
0.0641702
-0.0140431
-0.1214501
0.0752039
0.0079837
-0.0280592
0.1274477
0.1209491
-0.2114621
0.1045914
-0.6509476
0.2158621
0.1433524
0.0804260
0.0043348
-0.1352309
-0.1499181
-0.0536213
0.0406924
0.0695824
-0.1557632
-0.1221556
0.1141130
0.0826953
-0.0493858
-0.0194108
0.0898690
-0.0588355
0.0195146
0.0558762
0.0927539
-0.0849742
-0.1055740
0.0983153
0.1198801
-0.0341632
-0.0045882
-0.0778425
-0.0468584
0.0125772
-0.0578066
-0.0182468
0.0550475
-0.0019664
-0.0064373
-0.0757903
-0.0809795
0.0062395
-0.1047002
-0.1057963
-0.0589297
0.3069118
0.4204641
0.2445133
-0.2051481
0.1619660
0.3564911
0.2571000
0.1210050
-0.0355890
-0.1371470
-0.1581445
-0.0400860
0.1255963
0.1672421
0.0358265
-0.1385273
-0.0754240
-0.0456532
0.0661841
-0.0557924
0.1277436
0.0699174
-0.1380255
-0.0586208
0.0009612
-0.0533310
0.0762090
-0.0027275
0.0448641
0.0237017
-0.1153170
0.0693352
-0.0031501
0.0577694
0.0765341
0.1870702
0.0351102
0.0006736
0.0504395
-0.0396200
0.0140952
-0.0143915
0.2167765
0.4067854
0.3481456
-0.5003812
-0.3591613
0.2940599
0.0222853
0.0284807
-0.2134425
0.0153233
-0.0867729
-0.0821502
0.0660118
-0.0567778
0.1000383
0.0897531
0.0178321
0.0404826
0.1081635
0.0299480
0.0139126
0.0087043
-0.0858814
0.0876033
0.0612067
0.1152657
-0.0431913
0.1056522
0.0454012
0.0168518
-0.0273635
0.0242487
0.0989975
-0.0684121
-0.0518521
0.0465922
-0.1181387
0.0813774
0.0524214
0.0397548
-0.0269884
-0.2051096
-0.0584861
0.0117621
-0.0123402
0.1254607
0.4354598
0.1272089
-0.1656902
-0.4865919
-0.4913822
0.4348947
0.0006392
-0.1755165
-0.1978756
0.0212114
0.1604630
0.0963330
0.0368379
0.1314265
0.0861730
