0.0361809
-0.0656609
0.0693518
0.1000689
-0.0556038
-0.0343875
-0.1167269
0.0723617
0.0411755
-0.0325514
0.0977744
0.0776813
0.0945333
-0.0250282
0.1313683
-0.0415494
0.0179529
-0.0563683
-0.1494140
0.0448005
-0.0637732
-0.0516949
0.1436537
0.2968875
0.2992575
-0.3621531
0.2918392
0.2023786
0.0125554
-0.1413254
-0.0742704
-0.0898423
0.0354174
-0.0470119
-0.0320597
-0.0333898
-0.0468179
-0.0207224
0.0612817
0.0094732
0.0353231
0.1227964
-0.0624373
-0.0636846
-0.0561187
0.0902444
0.1085176
-0.1314178
0.0420479
0.1391732
0.1236056
0.0099397
-0.0166868
0.0539492
-0.0776076
-0.0827002
-0.0174517
0.0345451
-0.1204265
0.0767663
0.2583939
0.3702841
0.0797208
0.2230557
0.1079830
-0.1312742
-0.1378732
-0.0261785
-0.0330852
0.0606003
0.0150400
-0.0906764
-0.0302309
0.0247986
0.0680848
0.0302170
0.0083436
-0.0027705
0.1057650
-0.0371045
-0.0968194
0.0719920
0.0590992
-0.0242282
-0.1238264
-0.0830464
0.0747533
0.0391110
0.1273968
-0.0631174
-0.0585128
0.0070221
-0.0919707
-0.1113078
0.0267326
-0.0191215
0.0387165
0.1139515
0.0746740
-0.1545741
0.0040672
-0.0453170
0.2344923
0.3437528
0.1759379
-0.4969468
-0.1552257
0.1032987
0.3261953
0.0850590
0.0624031
0.0160434
-0.1511438
0.0992503
0.1387767
-0.0574723
0.0755502
-0.1178020
0.0378665
0.1298411
0.0446540
0.0991020
-0.0574243
0.0178487
-0.0021847
-0.0829407
-0.1327634
0.0944425
-0.0845306
0.0701620
-0.1123474
-0.0798616
-0.0679936
0.0043916
0.1910785
0.0543188
-0.0174203
-0.1523163
0.0254963
-0.1639963
0.0613770
0.1699728
0.2161532
-0.3384032
-0.3418254
0.3565250
0.1882969
-0.0859201
-0.1100528
-0.1789414
-0.1233909
-0.0330191
-0.0614967
0.0736228
0.0908100
0.0024907
0.0319672
-0.0667329
-0.0765084
-0.0393335
-0.1114111
-0.1192291
0.1277235
0.0199770
0.0902803
0.1286140
0.0370129
-0.1246361
0.0041094
0.0821565
-0.0029677
0.0012385
0.0354093
0.0335588
0.1709497
0.1724104
-0.0381459
-0.0674710
-0.1176058
-0.2172675
0.0331697
0.0602451
0.2479297
0.2582266
0.2561448
-0.7279019
-0.1800497
0.3015851
0.3130544
0.4300859
0.0743272
-0.0127594
0.0028035
0.0302883
0.1169777
0.1362241
0.1185313
0.0447791
-0.1141653
-0.1159105
