-0.0037427
0.1832061
0.2422972
-0.0257703
-1.0385064
0.6816381
-0.1843952
-0.2223072
-0.3463448
-0.4138451
0.0420839
0.1914544
0.1218767
0.1373197
-0.0868563
-0.2018643
-0.0779251
-0.1442975
-0.0893492
-0.0824712
-0.0639383
-0.0524391
0.0672213
0.0164693
-0.0038201
-0.0221327
-0.0921070
0.0625480
0.0521204
0.0755556
-0.1275812
0.1025591
-0.1467833
0.0174807
-0.0445157
-0.0405920
-0.3325606
0.4666309
0.0709540
-0.1418701
0.0637271
-0.1791762
-0.1129049
-0.0524093
-0.1330938
-0.0405573
-0.1710771
-0.0178951
-0.0267143
0.1358786
0.0299050
0.1905263
0.1658830
-0.1914909
0.1639376
0.1348199
0.0588433
0.0776375
0.0833765
0.0299545
-0.1780513
-0.2014300
-0.1784999
-0.1054573
-0.0935690
-0.0570591
-0.0443260
0.0637755
0.0682780
-0.1407337
-0.1284294
-0.1486904
0.0700070
0.1213258
0.0815411
0.1955874
0.0743774
-0.1154584
-0.0527789
-0.0404476
-0.3693829
-0.5550193
0.9988760
-0.7043328
-0.1073945
0.0056508
-0.0119240
-0.0413999
-0.0876160
0.0508103
0.0179478
0.1041547
-0.0046618
0.1182229
-0.0036557
-0.0972347
0.1231919
-0.0165517
0.0437321
0.0503739
0.0371216
-0.0726214
0.0762307
-0.0602992
-0.0781364
-0.0167560
-0.1305327
0.1192292
-0.0630802
-0.0740126
-0.1159088
0.1370294
-0.1055690
0.0419099
-0.0104145
0.1138102
-0.0130921
0.0411174
-0.1448685
-0.0231613
0.4367562
0.0812469
-0.0650168
0.1422538
0.1745104
-0.1475958
0.1049771
-0.0159127
-0.0528719
0.0498002
-0.0626099
0.1001622
-0.0291554
-0.0564126
-0.1030256
0.0562791
0.0367068
-0.0924854
-0.0468864
0.0616914
-0.0412473
-0.0161286
0.0086258
-0.0030159
0.0287757
-0.0326014
-0.0883318
0.1101569
-0.0104032
-0.0097269
0.1033816
-0.1335854
0.0420338
0.1279544
-0.1124569
0.0044927
-0.0904130
-0.0932722
-0.1238877
-0.1031719
0.1290569
0.0765547
-0.0801771
-0.0091289
0.0236113
0.0410525
0.1227857
0.0917442
-0.1371278
-0.1225040
0.1059871
0.0233845
-0.0631740
-0.0915107
0.0533406
0.0365956
0.0348097
-0.0745909
-0.0724743
-0.0805959
0.1922963
0.2056700
0.3505083
-0.0607484
-0.2496872
-0.2582991
0.1094545
0.4293193
0.3295904
0.1337188
-0.1914831
-0.1108669
0.1645419
-0.0354593
0.0957115
0.0141731
0.0939545
0.0562384
-0.0057912
0.0788222
