-0.0114510
0.0239082
0.1527967
0.4696801
-0.5374740
-0.7144988
0.4105720
0.2381351
0.1912292
-0.1409099
-0.1823002
-0.0941249
0.0846647
0.0835181
0.1782184
0.1279299
-0.1156082
-0.0756279
0.0694416
-0.1202249
-0.0710581
-0.0789813
-0.0230382
0.0270500
0.0655338
0.1247445
0.1026287
0.0997464
0.1010746
-0.0106974
-0.0566776
0.1121998
-0.0015706
0.0411275
-0.1170207
0.1224830
0.0530563
-0.0329934
-0.0608739
0.0997727
-0.0545619
-0.0680872
-0.1077981
-0.1041085
-0.0152015
-0.0178357
-0.0953505
0.1573855
0.2526412
0.3272349
0.4634986
0.3567734
-0.6851547
0.2966366
-0.0937476
-0.0470803
0.0885971
-0.0090026
0.0103123
0.0362081
0.0426977
0.0763854
-0.0613389
-0.0083554
0.0253396
-0.0229430
0.1242209
0.1259510
0.0956596
-0.0574532
0.0605829
-0.0169199
-0.1268858
0.0076393
0.0108541
0.1091338
-0.0705472
-0.1009334
-0.0056641
0.0432251
0.0276902
-0.0187989
-0.1285536
0.0808888
0.0280893
0.1134072
-0.2448464
0.0769116
0.2955103
-0.1366423
-0.5294425
0.2498548
0.2033013
0.1012969
-0.1348713
-0.1030943
-0.1803570
-0.0056715
0.1190031
0.0707060
0.0414372
0.0211722
0.0761167
-0.0077871
0.0615868
-0.1241758
-0.0200229
-0.0602427
0.0110862
0.0425196
0.0542084
-0.1004826
-0.0676116
0.1139825
-0.1016931
0.1271054
0.1143978
-0.0072861
0.0696855
0.1278894
0.1427928
-0.0244205
0.0950475
-0.1345215
0.1181734
0.0127588
-0.1510085
-0.2127653
-0.2002591
-0.1867380
-0.0282905
0.0365042
0.4280152
0.4271008
0.1229494
0.1050967
0.0320253
-0.1267619
0.1265202
0.0305673
0.1360050
0.1330864
-0.0383095
0.1069602
-0.0066662
0.1029586
0.0627043
0.1104351
0.1383300
0.1204049
-0.0015360
0.0477072
0.0856499
0.0228081
0.0362861
0.0977863
-0.0470240
-0.1027000
0.0756584
0.0705904
-0.0969202
0.0557786
0.0127689
-0.0471789
0.1339837
-0.0123647
-0.0557508
-0.0559777
-0.1860596
0.0389752
0.0868632
-0.0482623
0.0197933
0.2602107
-0.2197309
-0.3851262
0.3176345
0.0801180
0.1403173
-0.1463473
-0.1061058
-0.1508107
0.0851571
0.0571082
0.1124356
0.0229508
0.0569312
-0.0310756
0.1084709
0.0521392
0.1210711
-0.0688115
-0.0506750
0.1334898
-0.0338289
-0.0855576
0.0881263
-0.0621437
-0.0908918
-0.1002732
