-0.0546263
-0.0529292
-0.2272085
0.1431474
0.4062884
0.0147370
-0.3269362
0.3630428
0.3284661
0.2771556
-0.0461711
-0.0000446
0.0296168
0.0082962
-0.0589869
0.0280238
0.1100571
0.0763721
-0.1462529
0.0677238
-0.0343432
-0.0145384
0.0246367
-0.1353557
0.0793567
-0.0793958
0.1059494
-0.1413518
-0.0626958
0.0998523
-0.1039032
0.0885991
-0.1068040
-0.0920391
0.0768449
0.1105118
0.0445944
-0.1480194
-0.0633909
-0.1648569
-0.0994836
0.0378595
0.1034408
0.0918212
0.0634188
0.0830270
-0.1500224
0.3102842
0.1861862
-0.0420168
-0.5142015
-0.6794261
0.1867622
0.2564476
-0.0397430
0.0046654
0.0986550
0.0186927
0.0964428
0.0562365
0.0876472
-0.0048228
-0.0781530
-0.0574321
-0.0516140
0.0694919
0.0298438
0.0013905
0.1226825
-0.0313805
-0.1136096
0.0061322
-0.0799153
-0.0088812
-0.0155567
-0.1398180
-0.1132412
0.0886225
-0.0549974
0.0277175
0.0423821
0.1242307
-0.0458424
-0.1128107
-0.0259044
0.1361417
0.1591099
-0.2541327
-0.0829608
0.1429878
-0.0252656
-0.0209563
0.0050090
-0.0677162
0.0538329
0.0823595
0.1544296
-0.1329749
-0.0080949
-0.1153185
-0.0519247
-0.0988089
-0.1050343
-0.0629679
0.1020931
0.0183789
0.0773888
0.0923442
0.0305903
-0.1207036
-0.0948929
-0.0901978
0.0768580
0.1188159
-0.0717621
0.1051539
-0.0447287
-0.0882442
-0.0041148
-0.0336645
-0.0263352
-0.0029718
-0.0367578
0.0248847
0.0249411
0.2009905
-0.1021980
-0.5164049
-0.3397669
0.1144571
0.2210304
0.0301321
-0.0751170
0.0757238
0.0332956
0.0410961
0.1396305
0.0234085
0.0034993
-0.1284123
0.0271135
-0.0193627
0.1067681
0.0606740
0.1200036
0.0304004
0.0188273
-0.0585843
0.0036366
0.0151534
-0.1377755
-0.1302823
-0.0285560
-0.0182516
-0.0659664
0.0827258
-0.0130807
0.0001150
0.0247539
0.1105944
-0.1941261
-0.1190745
-0.0462897
-0.5184701
-0.1418031
0.3627999
0.0415045
-0.0355106
0.0276459
-0.0571313
-0.0632580
-0.1485990
-0.0493396
-0.0230717
-0.0947008
0.0729942
-0.0024424
0.0124861
0.0035997
0.0853445
-0.0909432
0.0054261
0.1354059
-0.0118467
-0.0269161
-0.1206250
0.0794558
0.0462817
0.0549141
-0.1364421
0.0303641
0.0828848
-0.1113166
0.1060093
-0.1182647
0.0078065
-0.0902677
0.0504035
-0.0656806
0.0896727
