0.0928919
-0.0113973
-0.0529832
0.0807040
0.0108211
0.0728567
0.0037122
0.0709672
0.0299697
-0.0581964
0.0528965
-0.1385616
0.0549449
-0.0789036
0.0646005
-0.0283011
0.1430109
-0.0646026
0.0903213
-0.1524029
0.0044567
0.0182262
0.0901308
0.0945283
-0.0228626
0.1930920
-0.0249942
-0.2594410
-0.1456914
-0.0189870
-0.0348974
0.0133537
0.5067799
-0.5880135
-0.8473899
0.2326543
-0.0205293
-0.1676103
-0.1255438
-0.0494268
0.0537281
-0.0453339
-0.0354777
0.1059128
-0.0520338
0.0665217
-0.0986693
-0.0139165
-0.0226976
0.0294384
0.0628672
-0.0905066
0.0699623
-0.0409907
-0.0274579
-0.0230437
-0.1093933
-0.0668025
-0.1476038
0.0783112
-0.1442166
0.0857373
-0.0767669
0.0604114
-0.0681472
-0.1323104
-0.1191204
0.3684515
0.0819838
-0.7050787
0.1459662
0.2668280
-0.0334898
-0.1106803
-0.1512185
-0.0028790
-0.1679168
-0.0029471
-0.1179110
-0.0372907
0.0342672
0.1643770
-0.0954852
-0.1359350
-0.0448500
0.0830307
0.0173423
-0.1054455
-0.0581684
0.0923027
-0.0616991
0.0653716
0.0033840
0.1303137
-0.0528259
-0.0084099
-0.0506778
0.0638861
0.0664931
0.0843791
-0.0260495
0.1072989
-0.1602176
0.0720865
0.0229300
-0.1049163
0.1267022
0.0454577
0.0724403
0.0085230
-0.2162324
-0.1820121
0.0575702
0.2042396
0.4319199
-0.1609622
0.1386488
0.3018330
0.1011061
-0.2144148
0.0244286
-0.0120924
0.0316366
0.0627641
-0.0797623
0.0265712
0.0367795
0.1122092
0.1324019
0.0733965
-0.0417685
0.1037598
-0.1126532
0.1150255
0.0371773
0.1073621
-0.1278141
0.1155195
0.0956444
-0.0795692
0.1407573
0.0354196
-0.0970858
-0.1278143
-0.0231476
-0.0252186
0.1391963
-0.0139022
-0.1307594
-0.0082091
-0.1004745
-0.1932417
0.0264272
0.2342887
0.3998813
-0.7559089
0.2070527
0.0273143
-0.0891854
-0.2214743
0.1462266
-0.0622944
0.1361882
0.1244555
0.0388681
-0.0388543
0.0989210
0.0415885
-0.0636760
0.1169188
-0.0957128
0.0421692
-0.0938781
0.0397122
-0.1219464
-0.0797200
-0.0615809
-0.1090821
-0.0880559
0.0900848
0.0045786
-0.0469872
0.1377863
0.1118017
-0.0410192
0.0149113
-0.0413141
0.0640190
-0.0316024
-0.0260287
0.1359566
0.1733907
-0.1063643
-0.1091998
-0.1923733
0.1317314
0.1531785
0.2200893
-0.1591235
-0.4453152
