-0.0023162
0.0536140
-0.0437426
-0.0019514
0.0377809
0.0300399
-0.0454722
-0.0120012
-0.0402596
-0.0298313
0.0139937
-0.0298888
-0.0158731
0.0397745
-0.0073151
0.0440248
-0.0193003
0.0603526
0.0529418
-0.0370957
0.0509350
0.0322009
-0.0135585
-0.0192056
-0.0678055
-0.0252413
-0.0463981
0.0307911
0.0213866
0.0527289
-0.0209374
0.0315286
-0.0504715
-0.0515061
0.0512975
0.0026620
0.0333393
0.0476823
0.0113396
-0.0179672
-0.0017151
-0.0663199
0.0125980
-0.0482709
-0.0117257
0.0494826
-0.0666436
-0.0304851
0.0849942
0.0533625
-0.0097733
0.0990735
-0.0495130
-0.0632897
0.2333834
-0.1222342
0.0942326
-0.0384778
-0.0021094
-0.0608250
-0.0194580
-0.0233910
-0.0504503
0.0417624
0.0084136
0.0256282
-0.0220222
-0.0279986
-0.0198800
0.0509505
0.0230388
0.0439651
-0.0204014
-0.0024409
-0.0026501
0.0743500
0.0578345
-0.0498050
-0.0719370
0.0225297
-0.0512228
0.0480175
-0.0012546
0.0214477
0.0426547
0.0456269
0.1669101
0.1219546
-0.0536451
0.0335887
0.0486203
0.0158648
0.0020350
0.0244266
-0.0547179
0.0337117
0.0524104
0.0093016
0.0184703
0.0003352
0.0726412
-0.0626944
0.0578148
-0.0437414
-0.0137252
-0.0081289
0.0658598
0.0577322
-0.0146428
0.0231665
-0.0354915
0.0053724
0.0102306
0.0335666
-0.0012156
-0.0673725
-0.0058320
0.0553478
-0.0042252
-0.0046040
-0.0153047
0.0402676
0.0650402
-0.0023896
0.0362069
-0.0696033
-0.0101956
0.0562457
0.0309552
0.0626613
-0.0037225
0.0123786
0.0890431
0.0533642
-0.0389718
-0.1436253
-0.1563017
0.0416039
0.0467972
0.0484313
0.0309712
-0.0603961
0.0409852
0.0400342
0.0236583
0.0318139
0.0401287
-0.0268402
-0.0395076
0.0287266
-0.0249681
0.0064864
-0.0388605
-0.0442087
-0.0250702
-0.0401894
-0.0538812
0.0746435
-0.0075800
0.0386047
0.0841079
-0.0144242
0.0482253
-0.0455480
-0.0547428
0.2016322
0.1238270
-0.0174065
-0.1792499
-0.2091759
-0.1556706
-0.0438755
0.0713657
0.2511312
-0.0122365
-0.0741154
-0.0418231
0.0030892
0.0753990
0.0433658
-0.0239423
-0.0217755
-0.0531803
0.1360713
0.0590716
-0.0593251
0.0033065
-0.0664595
0.0223489
0.0162722
0.0527569
-0.0698429
-0.0731931
0.0585425
-0.0212666
-0.0178797
0.0407657
0.0593247
0.0000963
0.0169659
