-0.2853466
-0.1523707
0.0200970
0.1438420
0.0506554
0.0213898
-0.0769723
0.0101041
-0.0537476
0.0170515
-0.0223731
0.0274478
0.0743442
0.0667654
0.0330185
-0.0448763
-0.0436035
-0.0666353
-0.1821296
0.1114859
0.3564604
0.3765063
-0.1708912
-0.3387474
-0.0781216
-0.0169274
0.0284866
0.0356013
-0.0022698
-0.0633168
0.0248155
-0.0231498
0.0077219
0.0049587
-0.0066270
0.0099985
0.0041267
-0.0347736
0.0133987
-0.1268294
-0.1892780
-0.1861837
0.2815849
0.3608035
0.2631869
0.0713320
-0.0388191
0.0106501
0.0312999
0.0450150
0.0228114
-0.0178828
0.0447304
-0.0122553
0.0323090
0.0764369
-0.2494616
0.2583997
-0.2152730
-0.0212520
-0.0066376
-0.0201456
0.0719827
0.0394471
0.0212745
0.0662843
0.0162102
0.0225499
-0.0272044
0.0208009
-0.0209305
0.0053414
0.0117229
0.0078559
-0.0043762
-0.2270859
0.3398762
0.3420972
0.1734413
-0.1340081
-0.1763322
0.0186940
-0.0372756
0.0828588
-0.0345714
0.0158761
0.0137295
0.0422740
-0.0592380
-0.0745276
0.0142224
0.0493013
-0.0432007
-0.0495837
-0.0314282
-0.1973454
-0.1905703
0.4132237
0.2519748
-0.0604109
-0.1458799
-0.1283078
0.0001147
0.1253843
0.0712502
0.0716935
0.0093821
0.0405934
0.0423250
0.0069760
0.0559757
0.0572626
-0.0260530
-0.0055607
-0.0089162
0.0522493
-0.0784136
-0.1299774
-0.1045561
0.0817300
0.0583635
-0.2667769
0.0308532
0.0835427
-0.0372644
-0.0293029
-0.0555386
-0.0550585
-0.0086418
-0.0205008
-0.0339933
-0.0552060
-0.1155655
-0.1511378
-0.0467363
0.2730102
0.2949492
-0.2424589
-0.1745657
-0.0034009
0.0923119
0.0262526
0.0840494
-0.0186649
-0.0438871
-0.0534444
0.0011483
-0.0542338
-0.0511105
-0.0589204
0.0533754
-0.0234289
0.0332394
0.0517871
-0.0429501
-0.1878555
0.0323941
0.0166537
0.1652328
-0.0711103
0.1039851
0.0742831
-0.0530911
0.0232056
-0.0226487
0.0450313
-0.0133333
0.0092732
0.0005757
-0.0149120
0.0520259
0.0127228
0.0183496
-0.2285063
-0.0461826
0.1996615
-0.1086445
-0.0128349
-0.1031976
0.0223704
0.0901546
0.0688515
0.1035998
0.0244626
0.0005996
-0.0103063
-0.0168803
-0.0440928
0.0050346
-0.0718417
-0.0319805
0.0584995
0.0122875
0.0216072
-0.0425499
-0.1602685
-0.1408218
0.2813259
0.2028780
-0.0871227
