0.1626033
-0.0451712
-0.0279696
0.0211348
0.0787768
0.0567767
0.0469366
0.0593585
-0.0098527
-0.0611271
0.0046395
-0.0203689
0.0414079
-0.0184966
0.0572981
0.0260560
0.0489859
-0.0315342
-0.0027094
0.0417978
-0.0477859
0.0758771
0.0066227
-0.0490914
-0.0275261
-0.0382071
-0.0178359
0.0327325
0.0859535
0.0264384
0.0596250
0.0193655
0.0465615
-0.0395307
0.0041744
-0.0511330
0.2564249
-0.1516394
0.0544671
-0.0041016
0.0413121
0.0303616
-0.0762503
-0.0428634
0.0351053
-0.0351634
0.0408131
0.0518975
0.0229379
-0.0568534
0.0476206
0.0372503
-0.0515051
0.0110795
0.0140560
0.0847405
0.0122723
-0.0134201
0.0207703
0.0933744
0.0657905
0.0355813
-0.0428376
0.0004131
0.0553953
-0.0195789
0.0496403
0.0288117
-0.0040515
0.0724021
-0.0708449
-0.1139187
-0.1149252
0.0489402
0.1811828
0.0970849
-0.1890188
-0.0518125
0.0497019
0.0912950
-0.0129663
-0.0183415
-0.0244958
0.0595150
0.0100208
-0.0197479
-0.0498432
0.0197318
-0.0125443
0.0395837
-0.0293958
-0.0143988
-0.0204313
0.0502274
0.0129642
0.0435261
-0.0283504
0.0301782
-0.0422094
0.0510769
