-0.0600142
0.0347112
0.0632448
0.0003610
0.0279842
0.0191212
0.0168735
-0.0581774
0.0268126
0.0389522
-0.0469880
-0.0021805
0.0279245
-0.0604635
-0.0001030
-0.0171001
0.0304349
-0.0047538
0.0027251
-0.0595538
0.0360502
0.0304045
-0.0137680
0.0507311
-0.0098396
0.0388893
-0.0127159
0.0109339
0.0301198
0.0443187
0.0185131
0.0226085
0.0268662
0.0518129
0.0531596
0.0295080
0.0715209
0.0155517
-0.0685279
0.0482928
0.0097220
0.0283923
-0.0015188
0.0645097
0.0369627
0.0346294
-0.0053083
0.0706142
0.0329994
0.0128923
-0.0311571
0.0547756
0.0579316
0.0200937
0.0217802
-0.0113166
-0.0532148
-0.1033963
0.1856959
-0.1125448
-0.1020452
-0.0246684
-0.0147555
-0.0536544
0.0469590
-0.0553927
-0.0578186
-0.0073372
-0.0334890
0.0213649
-0.0611028
0.0299414
0.0359594
0.0642124
0.0202321
-0.0416148
-0.0300705
0.0074091
0.0126529
-0.0101356
-0.0178065
0.0352655
-0.0365970
-0.0348680
0.0383279
-0.0631467
0.0447779
-0.0008877
0.0462490
-0.0087894
-0.0463155
-0.0066468
-0.0496526
-0.0567741
0.0330070
0.0041897
0.0216635
0.0131392
-0.0366943
0.0377134
0.0568040
0.0010814
-0.0412372
-0.0651599
0.0324591
0.0268825
0.0204842
0.0140987
0.0459661
0.0207377
-0.0695326
0.0155382
0.0030196
0.0401706
-0.0450661
0.0305567
0.0138378
-0.0444496
0.0429883
-0.0444265
0.0591664
0.0698211
-0.0212498
-0.0135765
-0.0496112
0.1325802
-0.0798883
-0.1226361
-0.2149151
-0.0620987
-0.0276884
-0.0955916
-0.0294243
0.0517166
0.0279471
0.0434583
-0.0289903
0.0407741
-0.0345526
0.0464555
0.0361851
0.0337806
-0.0106125
0.0313825
-0.0328709
0.0027462
0.0463621
-0.0180926
0.0719177
-0.0678396
-0.0154663
0.0531223
0.0553073
0.0592653
-0.0311970
0.0102907
0.0383984
-0.0196791
0.0630295
-0.0112378
-0.0004778
0.0569596
0.0114237
0.0018432
0.0066362
-0.0025280
-0.0054808
-0.0567395
-0.0586869
-0.0051673
0.0069506
0.0231683
0.0674585
-0.0475498
0.0325943
0.0578916
-0.0168134
0.0562470
0.0461962
0.0515464
0.0491706
0.0157458
-0.0099677
-0.0085328
-0.0001609
-0.0735018
0.0490464
0.0189391
-0.0047440
0.0752207
0.0562263
-0.1264788
-0.1452530
0.0387114
0.1398495
-0.2365564
-0.1866379
0.0065472
-0.0287023
0.0355986
