0.0238022
-0.0607082
-0.1370967
0.0071090
0.2094338
-0.0479449
-0.0489048
0.0042198
0.0601619
0.1057697
-0.0725997
0.0210487
-0.0061596
-0.0121288
0.0097624
-0.0560514
0.0786413
0.0517329
0.0185797
0.0600573
0.0575357
0.0448666
-0.0647184
0.0286449
-0.0104933
0.0419822
-0.0050861
0.0529825
-0.0440233
-0.0561182
-0.0522008
0.0146978
0.0099898
0.0843873
0.0487188
-0.0238914
-0.1235210
0.0209835
0.1114425
0.0764108
0.1437004
0.2576571
0.0151388
-0.2000415
-0.4801010
0.3390249
-0.1888484
0.0418836
0.1014495
0.0501187
-0.0094032
0.0646930
-0.0348450
-0.0258082
-0.0295603
0.0411775
-0.0687926
0.0320435
0.0106643
0.0577415
-0.0028810
-0.0664253
-0.0176604
-0.0304892
-0.0028285
0.0608682
-0.0502203
0.0100376
-0.0403628
0.0532911
0.0523715
-0.0004184
-0.0532939
-0.0039965
-0.0561505
-0.0072042
-0.0436463
0.0006358
-0.0326673
0.0224795
-0.0313124
-0.0698264
0.0681485
-0.0233456
-0.0046358
-0.0503564
-0.0229577
-0.0013151
0.0617070
-0.0493085
-0.0042972
-0.0573023
0.0433956
0.0406444
-0.0535920
0.0086064
-0.0365527
0.0392466
0.0275099
0.0559159
0.0110342
-0.0255689
-0.0121223
0.0207217
-0.0509467
-0.0659028
0.0163836
-0.0428445
-0.0428027
0.0482409
-0.0548631
0.0450433
0.0043458
-0.0167103
-0.0536128
0.0442608
0.0530724
-0.0354230
-0.0526891
-0.0382624
-0.0505004
-0.0206488
-0.0407030
-0.0305873
-0.0140325
-0.0356103
0.0510814
-0.0535091
0.0653106
0.0668237
0.0146043
0.0761402
0.1038399
0.0380953
0.0563310
0.0479798
-0.0153683
0.2223879
0.2473579
0.1716199
-0.0921438
-0.2158089
-0.0735895
0.0210867
0.1382166
-0.0258785
0.0160532
-0.0617461
0.0438006
-0.0550130
0.0043354
0.0042004
0.0567353
0.0707313
0.0144685
0.0495875
-0.0383667
0.0332942
-0.0071585
0.0483621
0.0324878
-0.0376770
-0.0022115
0.0161674
0.0704730
0.0662826
0.0251657
-0.0313348
-0.0181496
-0.0430659
-0.0212829
-0.0583244
-0.0339949
0.0467698
0.0103890
0.0148810
-0.0261567
0.0067810
-0.0164434
0.0144129
0.0478781
-0.0333056
-0.0303947
0.0246740
-0.0206329
-0.0581673
0.0165039
-0.0387969
-0.0734927
-0.0082916
0.0657847
0.0075754
-0.0329082
-0.0756868
0.0379102
0.0293688
-0.0498366
0.0462591
-0.0454318
-0.0496596
