0.0978524
-0.0923214
-0.0050788
-0.0333087
-0.0268191
0.0536043
-0.0183150
-0.0621859
-0.0192450
-0.0004955
0.0496956
0.0052226
0.0334597
-0.0375963
0.0513214
-0.0278877
0.0418153
-0.0260435
0.0703551
0.0642177
0.0375164
-0.0189157
-0.0290938
0.0111023
-0.0748677
-0.0415688
0.0077277
-0.0366763
-0.0223321
-0.0051088
-0.0425780
0.0443117
-0.0392315
-0.0020640
0.0174258
-0.0345105
0.0310410
0.0307829
-0.1063137
0.2523973
0.2732838
0.1530705
-0.1504782
-0.2014873
-0.1432407
-0.1032845
0.0530186
0.0470668
-0.0343864
0.0093518
0.0706103
-0.0530975
0.0309292
-0.0590642
-0.0119330
-0.0329853
-0.0671237
-0.0065267
0.0130924
-0.0374495
0.0218755
-0.0018473
-0.0337290
0.0042768
0.0499775
-0.0011800
0.0011862
-0.0483030
0.0050962
-0.0660156
-0.0534052
0.0133018
0.0223157
-0.0110078
0.0034696
-0.0232531
-0.0069758
-0.0151769
-0.0712335
-0.0134052
0.0176248
-0.2417239
-0.0139180
-0.0334473
-0.0242907
-0.0119830
0.0172751
-0.0230500
0.0599222
0.0299308
-0.0035020
0.0165393
-0.0674047
0.0392385
0.0377122
-0.0374053
0.0243520
0.0006517
-0.0215042
0.0200245
