-0.0521609
0.0541022
0.0050446
0.0309767
0.0462909
-0.0214332
0.0351680
-0.0154197
-0.0402643
-0.0581897
-0.0268165
0.2574760
0.3051827
0.0864109
-0.3728590
-0.4173112
0.1654855
0.3057219
0.1038710
-0.0118331
-0.0232942
-0.0816193
-0.0570163
-0.0991003
-0.0169359
0.0553582
-0.0324797
-0.0311236
0.0452824
-0.0098679
-0.0532268
-0.0360904
0.0449038
-0.0302971
-0.0683185
-0.0199273
-0.0223728
-0.0128138
-0.0861311
-0.0152852
-0.0607852
0.0177123
0.0114187
0.1307195
0.2577993
-0.4258384
0.0816507
-0.0356491
-0.0605466
-0.0383940
-0.0160285
0.0318996
0.0270383
-0.0504363
0.0366691
-0.0069741
-0.0261465
0.0157343
0.0377259
-0.0262067
-0.0099610
-0.0287082
-0.0404766
0.3511591
-0.0186694
0.0083168
0.2223231
0.0535051
-0.0086053
-0.0335380
-0.0320184
0.0107356
0.0541672
-0.0085777
-0.0263413
0.0198637
-0.0449508
0.0460006
-0.0334159
0.0460448
-0.0214617
-0.0038412
-0.0429063
-0.0580238
0.0552594
-0.0025627
0.0096268
-0.0714026
-0.0939752
0.0103102
0.3506558
-0.3460797
0.1429919
0.2236037
0.1422892
-0.0042025
-0.0137157
0.0061617
-0.0264123
-0.0133867
-0.0552274
-0.0171266
0.0410732
-0.0110098
-0.0066628
-0.0210909
-0.0401439
0.0552121
-0.0145967
-0.0386260
0.0377239
-0.0383498
0.0584607
0.0060883
0.0643850
0.0357248
0.0035967
-0.0763173
0.0068192
0.0428544
-0.3101659
0.1866280
0.0005144
-0.0761453
0.0091373
0.0122472
-0.0182261
0.0160035
0.0549807
-0.0001268
-0.0360696
0.0339117
0.0144887
-0.0035556
0.0407896
0.0126329
-0.0474734
-0.0712658
-0.1047237
-0.0537601
-0.0258802
-0.0039537
0.1936098
0.1375611
-0.4769348
0.1938262
0.1397482
-0.0365003
0.0160953
-0.0743854
-0.0007892
-0.0477968
0.0568396
-0.0240518
0.0384448
-0.0552104
-0.0098569
-0.0002909
0.0220486
0.0350075
-0.0202639
0.0145549
-0.0087788
-0.1124356
0.0159459
0.3765642
-0.0302958
-0.4253801
-0.2979634
0.0690301
0.2411045
0.1356184
0.0435543
-0.0781931
-0.0653450
-0.0564897
-0.0145607
0.0090014
0.0426309
0.0340973
-0.0506954
0.0073680
-0.0393967
0.0390353
0.0371237
0.0423111
0.0353099
-0.0384998
-0.0631269
-0.0068027
0.0258402
0.0436856
-0.0060931
-0.0128583
-0.0033190
0.0198074
-0.0492155
0.3219781
0.1719108
-0.1884295
