0.2168834
0.0506852
0.0157112
0.0200938
-0.0500421
0.0159604
0.0637166
-0.0456059
0.0134833
-0.0889821
0.0284570
0.0153477
0.0901267
-0.0310175
-0.0261179
-0.0046690
0.0026636
0.0059849
-0.0541277
0.0013315
-0.0570847
-0.0440714
0.0338284
0.0253071
-0.0132471
-0.0296461
-0.0603676
0.0150944
-0.0427154
-0.0806400
-0.0436950
-0.0110262
-0.0009293
-0.0185220
-0.0289975
-0.0318447
0.0445533
-0.0067543
-0.0467981
0.0146891
-0.0011056
0.0409738
-0.0433959
-0.0044975
-0.0501766
-0.0088377
0.0016007
0.0236560
-0.0074109
-0.0268867
0.0882133
-0.0188995
0.0121448
0.0194797
0.1650710
0.0781370
0.0998016
0.0196913
-0.0726432
-0.0943011
0.0180780
-0.0080530
0.0151569
-0.0217252
0.0304016
0.0254780
0.0345392
-0.0152285
0.0665254
0.0043749
0.0813141
-0.0283878
0.0129172
0.0134291
0.0518933
-0.0159897
0.0496010
-0.0437825
-0.0008593
0.0097710
0.0284108
-0.0669615
0.0018725
-0.0189618
-0.0046087
-0.0484394
-0.0557644
-0.0706843
0.0324444
0.0420522
0.0140260
-0.0489417
-0.0569236
-0.1780951
-0.0217916
0.0073838
-0.0624923
-0.0050826
-0.0782826
0.0551832
