0.0446408
-0.0528215
0.0663561
-0.0335781
-0.0649961
-0.0042999
-0.0486216
0.0011702
0.0168819
-0.0143257
-0.0481536
0.0662901
-0.0627591
-0.0642640
0.0259869
-0.0404476
0.0450920
-0.0349887
-0.0609077
0.0377466
0.0313246
0.0393072
-0.0228407
-0.0200480
-0.0737473
0.0221027
0.0259701
0.0097888
-0.0119565
0.0018879
-0.0459355
0.0429049
0.0432341
-0.0154361
-0.0457123
0.0140835
-0.0272009
-0.0191519
-0.0236973
0.0261572
0.0510379
-0.0565346
0.0014070
-0.0480638
0.0000632
0.0123185
-0.0353705
0.0731824
-0.0442591
-0.0205152
-0.0399971
-0.0041301
-0.1449123
0.0180427
-0.1550785
0.0807303
-0.0170729
0.0128183
0.0409765
0.0386593
0.0347112
0.0632448
0.0609581
0.0191212
-0.0579770
-0.0581774
0.0268126
-0.0640244
-0.0469880
0.0269409
-0.0604635
-0.0171001
0.0304349
-0.0047538
0.0191118
0.0027251
0.0360502
0.0304045
0.0103170
-0.0137680
0.0507311
-0.0098396
-0.0099860
-0.0005571
0.0109339
0.0301198
-0.0189348
0.0579467
-0.0253154
-0.0241059
0.0602998
0.0435754
0.0155517
-0.0366675
-0.0685279
0.0097220
0.0283923
0.0645097
0.0369627
-0.0232226
-0.0281610
-0.0113852
0.0510334
-0.0313846
-0.0800112
-0.0263673
0.0706142
0.0329994
-0.0311571
0.0547756
0.0168982
0.0416939
-0.0532485
-0.0231820
-0.0379635
-0.0076372
-0.0035329
-0.0532148
-0.0381478
0.2293085
0.0985678
-0.0246684
0.0372449
0.1223789
-0.0089705
-0.0976075
-0.0263786
-0.0641321
-0.0073372
0.0168625
0.0700472
0.0202321
-0.0020749
0.0226604
-0.0315637
-0.0300705
0.0074091
-0.0365970
-0.0551947
0.0001592
-0.0348680
-0.0253258
0.0383279
0.0410134
0.0447779
-0.0008877
-0.0580835
-0.0314379
-0.0049120
-0.0224947
-0.0463155
-0.0309033
-0.0293504
0.0070162
-0.0496526
0.0041897
0.0377134
0.0568040
-0.0029800
-0.0412372
0.0268825
0.0090996
0.0140987
0.0365169
-0.0080802
-0.0056135
-0.0114617
0.0294351
0.0305567
0.0285547
-0.0380565
0.0459700
0.0138378
-0.0204304
0.0429883
0.0335687
0.0030546
-0.0276763
0.0510875
0.0487197
-0.0192378
0.0447509
-0.0135765
-0.0496112
-0.0984612
0.0191652
0.2477535
0.2498588
0.1013565
-0.0798883
-0.0276884
0.0252237
0.0782366
0.0362421
-0.0240670
0.0302978
0.0517166
-0.0289903
0.0782804
0.0307494
