0.0442356
0.0243422
0.0547278
-0.0520388
-0.0472949
-0.0266424
-0.0162820
-0.0491479
0.0271194
0.0445586
-0.0160376
-0.0623502
0.0149527
-0.0365508
0.0191371
0.0321571
0.0311848
0.0172000
-0.0481889
-0.0217069
0.0182419
0.0177362
0.0351907
0.0420447
-0.0485914
-0.0263287
0.0599312
0.0499835
-0.0005492
0.0360874
-0.0809928
-0.0605283
0.0624812
0.0544318
-0.0038388
0.0222076
0.0703775
0.0605418
0.0606170
-0.0026773
0.0015144
0.0163922
-0.0134680
-0.0121148
-0.0264410
-0.0648359
0.0604512
-0.0546139
-0.0649174
-0.0419355
0.0341885
-0.0175052
0.0229995
0.0507064
-0.0486116
0.0291720
0.0405781
0.0112640
-0.0793815
0.0342210
0.1492701
0.1970200
0.1395854
-0.0438626
0.0489902
-0.0461768
-0.0551770
0.0327816
-0.0710344
0.0346401
0.0405418
0.0355177
0.0173012
0.0196378
-0.0224827
-0.0015251
-0.0037776
-0.0455271
0.0510678
0.0056278
0.0583091
0.0068943
-0.0304224
0.0406708
0.0046475
0.0450011
-0.0428600
-0.0591699
0.0014465
-0.0353652
-0.0446915
0.0455098
0.0226667
-0.0185189
-0.0443132
-0.0115685
0.0205399
0.0202224
0.0477596
0.0316796
-0.0397829
0.0374945
0.0581608
-0.0493450
0.0000416
-0.0389130
-0.0343384
0.0506645
0.0028335
-0.0030214
-0.0470228
0.0109371
0.0109952
0.0584933
-0.0202809
0.0153661
-0.0157040
-0.0114155
-0.0085189
0.0599251
0.0187323
0.0412358
-0.0003928
-0.0109914
-0.0251364
-0.0917626
-0.0462934
0.0609490
0.0786771
0.1854003
0.1591870
0.0305060
-0.0135688
-0.0633489
-0.0767683
-0.0455309
0.0108576
-0.0360052
-0.0224864
0.0484179
-0.0267886
-0.0376965
-0.0603269
0.0536703
0.0113806
-0.0208857
-0.0044596
-0.0511174
-0.0261201
-0.0487936
0.0624964
0.0310176
0.0352199
-0.0429425
0.0322629
0.0129983
0.0629757
0.0319566
-0.0193534
0.0164113
-0.0200994
0.0373784
0.0419137
0.0381459
0.0033089
0.0023255
0.0463716
-0.0560591
0.0370486
-0.0552025
-0.0464209
0.0013820
-0.0501133
0.0481462
0.0550926
-0.0278692
-0.0228917
0.0432015
-0.0315797
-0.0304658
-0.0292893
-0.0450663
0.0450450
0.0631131
-0.0098713
0.0005128
-0.0490604
0.0327286
-0.0750752
0.0069793
-0.0219097
-0.0014326
-0.0423545
0.0283374
-0.0659410
0.0246785
0.0906781
0.1765012
-0.0670228
-0.1159672
