0.2719660
-0.0877894
-0.0552852
0.0457884
0.0359900
-0.0284803
0.0537274
-0.0247032
-0.0312048
0.0192863
-0.0363440
-0.0324779
0.0053630
0.0067968
-0.0229449
-0.0398891
0.0172027
0.0566071
-0.0565295
0.0270071
0.0391942
0.0697712
-0.0330631
-0.0067686
-0.0110831
0.0188472
-0.0543894
-0.0372928
-0.0112771
0.0177934
-0.0267562
0.0561357
-0.0640852
-0.0451761
0.0236856
-0.0537238
0.0438107
-0.0397130
-0.0619411
-0.0672851
-0.0734340
-0.0109252
0.2274462
0.1401238
0.1131752
-0.0560006
-0.1410138
-0.0833771
0.0291567
0.0268446
-0.0454401
-0.0494833
-0.0310565
0.0326095
0.0347938
-0.0175055
-0.0070740
-0.0276102
-0.0160961
-0.0184661
0.0656386
0.0793629
-0.0314895
0.0383648
0.0201151
-0.0056677
-0.0341400
-0.0318507
0.0394990
-0.0395053
0.0948676
-0.1735871
-0.1490854
-0.0352037
0.0310238
-0.0010494
-0.0406928
-0.0503075
-0.0333723
0.0316599
-0.0181019
0.0544151
-0.0293570
0.0100931
-0.0214757
-0.0207210
0.0480285
-0.0661040
-0.0668560
-0.0276954
-0.0270309
-0.0331293
-0.0219537
0.0047513
-0.0619061
0.0640069
0.0016657
0.0121842
-0.0828431
0.1508666
