0.0189150
-0.0618756
0.0107506
-0.0494220
0.0316543
-0.0568077
-0.0143588
-0.0147955
0.0427532
-0.0363934
-0.0474819
0.0201641
0.0062037
-0.0398346
0.0493192
0.0358467
0.0076639
0.0419134
0.0003389
0.0224312
0.0764134
0.0267158
-0.0588196
-0.0282018
-0.0768496
0.0263240
0.0779824
0.0251311
-0.0366813
0.0393678
-0.0532430
-0.0248373
0.0349168
0.3264843
0.1229397
0.0789422
0.1066437
0.0730958
-0.0520659
-0.0664403
-0.0061797
0.0192623
-0.0038246
0.0482154
-0.0114590
0.0486717
-0.0043031
0.0074363
-0.0310704
0.0192628
0.0328506
0.0100842
0.0251444
0.0420031
0.0407136
0.0491740
-0.0577766
0.0492265
-0.0247434
0.0410837
0.0551483
0.0455694
-0.0312170
-0.0259258
0.0424425
-0.0121582
0.0388533
0.0197852
-0.0406961
-0.0538490
0.0409733
-0.0541234
-0.0471276
-0.0430765
0.0433816
0.0621560
0.0409676
-0.0456172
-0.0448258
-0.0303199
-0.0003556
0.0129406
0.0488330
-0.0073724
0.0226855
0.0541101
0.0421164
-0.0978433
-0.1325215
0.2557662
-0.0186280
-0.0948052
-0.0246360
0.0222651
0.0992885
0.0569664
-0.0009729
-0.0383646
-0.0311475
0.0375572
0.0303644
-0.0487144
-0.0183231
0.0453372
-0.0233645
-0.0254084
0.0146982
0.0486858
-0.0174355
0.0194286
-0.0691037
0.0058143
-0.0356948
-0.0648213
-0.0439282
0.0254245
-0.0379408
-0.0463584
-0.0712883
0.0358788
0.0313777
0.0110166
0.0185045
0.0562248
-0.0463477
-0.0250820
-0.0556742
-0.0249139
-0.0323902
0.0317919
0.0411434
0.0019264
0.0222001
0.0105625
0.0271738
-0.0512905
0.0527998
0.0199277
-0.0448004
0.0315872
-0.0146218
-0.0531975
0.0348754
0.0321841
0.0877353
0.0517799
-0.0370586
-0.0712016
-0.1687805
0.0287425
0.1532534
0.2434434
-0.0564444
-0.2470944
-0.1903967
0.0173406
0.0334455
0.0377841
-0.0803415
0.0464106
-0.0108358
0.0630431
-0.0310293
0.0268335
0.0465353
0.0275134
0.0146916
0.0218728
-0.0345729
-0.0194099
-0.0412156
0.0661619
-0.0219632
0.0207896
-0.0408053
-0.0236974
0.0122437
0.0541574
-0.0586506
-0.0089040
0.0409345
0.0085788
-0.0530042
-0.0104634
0.0624170
0.0345751
-0.0247585
-0.0346739
0.0201782
-0.0318287
-0.0124209
-0.0553398
-0.0126061
-0.0072172
-0.0255987
-0.0055633
0.0065602
-0.0381535
0.0389144
-0.0331358
