0.1566319
0.0112593
-0.0288220
-0.0281874
0.0016337
0.0500513
-0.0404836
0.0504842
0.0495130
0.0097165
-0.0262564
-0.0156055
-0.0095869
0.0261551
-0.0575002
-0.0285737
-0.0241442
-0.0914651
-0.0345616
0.0191682
-0.0301575
-0.0058777
0.0367441
0.0118602
-0.0189921
-0.0325894
-0.0318675
0.0151545
-0.0394047
-0.0036826
-0.0568776
-0.0677860
-0.0536709
0.0294037
0.0334192
0.1785649
-0.0979510
0.0453815
-0.0164359
0.0548788
-0.0381200
0.0079841
0.0539848
-0.0437664
-0.0194795
-0.0491670
-0.0690660
0.0030116
0.0194271
0.0036266
0.0642455
-0.0441730
0.0099917
-0.0209282
-0.0443086
0.0069201
-0.0444510
0.0035531
0.0012405
0.0297687
0.0215024
0.0091704
-0.0270295
0.0311699
0.0008569
0.0020448
-0.0094933
0.0204779
0.0472853
0.2788749
-0.1369795
0.0745156
0.0644953
0.0045439
0.0429732
-0.0667896
-0.0492632
0.0423228
-0.0276973
-0.0024572
-0.0060323
0.0093994
0.0270161
-0.0275459
0.0512150
-0.0128666
0.0423882
0.0496874
0.0655820
0.0645437
0.0490761
-0.0144504
0.0075289
-0.0227146
-0.0143690
0.0395453
-0.0238817
-0.0598280
-0.0271609
0.0359883
