0.0021800
0.0245902
0.0159621
0.0453869
-0.0576055
-0.0210158
-0.0203856
-0.0624345
0.0521467
-0.0047878
0.0545090
-0.0504836
-0.0073836
-0.0094719
-0.0414522
-0.0159365
-0.0288588
-0.0340922
0.0328574
-0.0587781
-0.0133481
0.0438951
0.0767944
0.0873785
-0.0411667
-0.0612524
0.0427892
0.1907410
0.1393213
0.1576788
-0.0691441
-0.1334368
0.0497728
0.1028366
0.0350428
-0.0001173
-0.0714264
0.0271592
0.0660384
0.0035056
0.0193496
0.0162879
0.0502258
-0.0070587
0.0047960
0.0606171
0.0450471
-0.0135027
-0.0413401
-0.0471661
0.0217153
-0.0358398
-0.0247065
-0.0611427
-0.0417269
0.0284696
-0.0410908
0.0196222
-0.0035506
0.0324581
-0.0035422
0.0361663
-0.0031819
0.0191062
-0.0551497
0.0230427
-0.0611080
0.0126092
-0.0651535
-0.0412000
0.0172714
0.0268600
0.0143480
-0.0676263
-0.0369537
-0.0483848
-0.0340308
0.0681104
0.0066963
0.0270952
-0.0060280
0.0062424
-0.0161725
-0.0014981
-0.0246414
-0.0683411
-0.0719826
-0.0194143
0.0567337
-0.1008771
-0.0886209
0.0046872
0.2118271
0.0050513
-0.2053649
-0.0278498
-0.0250461
0.0641938
0.0959734
0.0818356
0.0248652
0.0080548
0.0433715
-0.0397787
0.0443764
-0.0412841
-0.0507932
-0.0578427
-0.0550448
-0.0167567
0.0455061
-0.0006641
-0.0284913
-0.0163555
0.0437196
0.0086507
-0.0136958
0.0243372
0.0429535
-0.0554229
-0.0083144
-0.0289043
0.0345508
-0.0264816
0.0399716
0.0082930
0.0030107
0.0364818
-0.0174348
0.0585118
-0.0245489
0.0632232
0.0026980
0.0641843
-0.0168069
-0.0694397
0.0376093
-0.0164001
0.0482891
0.0331633
0.0449173
-0.0049370
-0.0182641
0.0668132
0.0203357
-0.0051341
-0.0068695
-0.0090460
-0.0467187
-0.0036398
0.0642807
0.0185709
-0.0088812
0.0271586
0.0340853
-0.0058836
-0.0302940
0.0753102
-0.0303830
0.0043697
0.0969458
-0.0483764
-0.0816150
0.0498443
-0.0103230
-0.0193804
-0.0686424
0.0224968
0.0644787
0.0408277
0.0678325
-0.0126847
0.0286930
-0.0368303
-0.0167076
0.0080758
-0.0126367
0.0589527
-0.0235325
-0.0394255
0.0068625
0.0108589
0.0365881
-0.0845558
-0.0563516
-0.0210658
0.0537345
0.0241463
0.0197980
0.0181465
-0.1590737
0.1356342
-0.0109988
-0.0149331
-0.0812826
0.0101498
0.0686443
0.0778417
0.0640027
0.0351387
