0.0846018
-0.0201293
0.0140352
0.0141126
-0.0111408
-0.0682664
-0.0528254
0.0274265
0.0088058
-0.0492075
-0.0518322
-0.0381136
-0.0353421
-0.0267794
-0.0530631
0.0453490
0.0491749
0.0148778
0.0611643
-0.0412657
0.0284065
-0.0163811
0.0623111
0.0465060
-0.0690396
0.0297786
0.0335960
0.0169367
0.0422399
0.0509040
0.0297587
0.0497675
0.0052449
-0.0695329
0.0238745
0.0107989
0.0717878
0.0544833
-0.0328494
0.0268210
-0.0012542
0.0779216
0.0022499
0.1043537
0.0029195
-0.0429685
0.0093704
-0.0876663
0.1140887
-0.0279069
0.0061685
0.0455880
0.0720604
0.0144772
-0.0444301
0.0139199
0.0020034
-0.0019736
-0.0029774
0.0518975
0.0390974
-0.0572469
0.0279263
-0.0144587
0.0166768
0.0682138
0.0276699
-0.0315235
-0.0762738
-0.0557087
-0.0102933
-0.0245695
0.0494882
-0.0554009
-0.0545873
-0.0408471
0.0095327
0.0245448
-0.0431308
0.0208095
0.0069740
-0.0424193
-0.1069444
0.0068840
-0.0057270
-0.0393876
0.0272423
0.0709287
0.0460554
-0.0585729
0.0488219
-0.0837900
0.0012153
0.0604018
0.0566585
-0.0278372
-0.0321492
0.0004782
-0.0424010
-0.0623143
