0.2126513
-0.0602420
-0.0560289
-0.0058599
-0.0657624
0.0088929
-0.0206114
0.0076032
0.0283629
0.0129030
-0.0543581
-0.0275999
0.0132826
0.0013598
-0.0092119
-0.0318526
0.0603743
0.0483935
-0.0512572
0.0728969
-0.0457081
0.0109058
0.0496120
0.0656931
-0.0052927
0.0412420
0.0040640
0.0324925
0.0077732
-0.0331471
0.0008943
-0.0335433
0.0154627
-0.0008090
0.0284914
0.0005261
0.0573129
-0.0088831
-0.0764082
0.2546634
0.2679835
0.1369155
-0.0910497
-0.2122912
-0.1501961
-0.0913939
-0.0049542
0.0927445
-0.0311927
-0.0189418
-0.0174220
-0.0538724
0.0706660
-0.0597353
0.0181119
0.0150249
-0.0474424
-0.0302643
0.0164374
0.0491036
-0.0190496
0.0710571
0.0281196
-0.0449300
0.0487195
0.0359406
-0.0262062
-0.0006719
0.0206142
0.0132777
-0.0223716
-0.0712065
0.0560471
0.0444289
0.0752546
0.0505316
-0.0104659
-0.0110387
-0.0795984
-0.0052957
0.0350307
-0.1092980
-0.0144829
-0.0291162
-0.0323980
0.0154374
-0.0125458
0.0177214
-0.0217416
0.0385552
-0.0246228
-0.0036234
-0.0847366
0.0399170
0.0855489
-0.0133937
0.0201152
0.0390776
0.0398659
-0.0083366
