0.1849785
0.0285274
0.0363910
-0.0268075
0.0412347
0.0013130
0.0208616
0.0504317
0.0758590
0.0361753
-0.0398060
-0.0566981
0.0363312
-0.0442162
0.0064136
0.0126329
0.0403588
0.0304665
-0.0016150
0.0362089
-0.0269850
0.0068959
0.0056497
-0.0005570
0.0117025
0.0445634
-0.0526896
0.0065799
-0.0167629
-0.0484118
0.1346524
0.1195368
0.1361106
-0.3239763
0.2379637
-0.0366927
-0.0368602
-0.0004178
0.0034813
0.0152649
0.0140232
0.0014270
0.0493401
0.0501764
0.0239140
-0.0102838
0.0806515
-0.0224054
0.0673036
0.0248846
-0.0012237
0.0118890
-0.0171318
-0.0120622
0.0017956
-0.0422878
0.0536205
0.0467875
-0.0345315
0.0361111
-0.0061855
0.0091844
-0.0107790
0.0249992
-0.0219350
-0.0229758
0.0191672
-0.0194468
0.0440907
0.0156369
-0.0214878
0.0188636
0.0634877
-0.0467631
0.0148867
0.0274282
0.0280661
-0.0051712
-0.0145630
-0.0091618
0.0583188
0.0292737
-0.0938825
-0.0511663
-0.0567949
-0.1151358
0.0457079
0.0585487
0.0749702
0.0453454
-0.0836509
0.0288875
-0.0490122
0.0096767
0.0282731
-0.0104854
0.0693713
-0.0383987
0.0389395
-0.0127884
