-0.0177372
0.1492701
0.1970200
-0.1509257
-0.0607351
-0.0438626
-0.0201781
-0.0461768
-0.0551770
0.0167836
-0.0710344
-0.0138446
0.0377338
0.0405418
0.0004526
0.0355177
0.0173012
0.0196378
-0.0015251
0.0581971
-0.0037776
-0.0455271
0.0056278
0.0583091
0.0068943
-0.0165703
-0.0353189
0.0046475
0.0450011
0.0578225
0.0103676
0.0405353
0.0003985
0.0489613
-0.0489980
-0.0342665
-0.0490430
0.0226667
-0.0443132
0.0712175
-0.0115685
0.0205399
0.0003984
0.0202224
0.0477596
0.0186604
-0.0654009
-0.0343384
0.0506645
-0.0230923
0.0028335
-0.0030214
-0.0448115
0.0586877
-0.0283574
0.0465609
-0.0114155
0.0439329
-0.0523758
-0.0595267
0.0110702
0.0412358
-0.0461330
-0.0066422
-0.0491438
-0.0855870
-0.0297627
0.0786771
0.0138865
-0.0855843
-0.0522402
0.0948558
0.0594540
0.0638872
0.0305060
-0.0095155
-0.0455309
0.0108576
-0.0721527
-0.0314419
-0.0086886
0.0006189
-0.0360052
-0.0267886
-0.0603269
-0.0220256
0.0113806
-0.0208857
-0.0325037
0.0608844
0.0624964
-0.0462981
0.0322629
-0.0263899
0.0105261
0.0129983
0.0414774
0.0273538
-0.0511089
0.0629757
0.0319566
0.0433280
0.0164113
0.0099486
0.0167799
-0.0200994
0.0362569
0.0419137
0.0525109
0.0229081
-0.0283374
0.0223818
-0.0006144
0.0159650
-0.0286110
0.0370486
-0.0501133
-0.0022794
0.0550926
0.0093347
0.0178600
-0.0671463
0.0186442
0.0450450
0.0631131
0.0102000
0.0069793
-0.0258329
-0.0500439
-0.0282987
-0.0219097
-0.1186081
-0.1225011
0.0906781
0.2779204
0.1869927
0.1765012
0.0312549
0.0908477
0.0479873
-0.0076555
0.0193916
-0.0178916
-0.0960614
0.0207306
0.0566197
-0.0086259
-0.0364940
0.0621940
0.0405852
-0.0312273
-0.0598653
-0.0428281
0.0337170
0.0568783
0.0457038
0.0041975
0.0009949
-0.0156534
-0.0410929
-0.0480890
0.0666769
0.0337250
0.0436595
-0.0239537
0.0311276
0.0613936
0.0355024
-0.0507334
0.0637260
-0.0123703
-0.0731196
-0.0590928
0.0638291
0.0375371
-0.0423998
-0.0343404
-0.0552343
0.0328584
0.0076284
0.0564668
-0.0437425
0.0113092
-0.0345187
0.0345200
-0.0492467
0.0518585
-0.0104832
-0.0277578
-0.0687530
-0.0138158
-0.0014001
0.0393382
0.0016661
0.0663196
-0.0666059
-0.0769124
0.0296962
0.0493184
-0.0270401
