0.0248907
-0.0333822
-0.0175688
0.0344229
0.0453752
0.0031403
0.0670692
0.0103954
0.0619250
0.0300362
0.0274374
-0.0426335
-0.0396415
0.0385793
0.0221725
0.0178658
0.0159904
-0.0120985
0.0178320
-0.0424295
-0.0349434
-0.0714985
-0.0406323
-0.0041169
0.0731024
0.0944312
-0.3162867
0.1088457
0.3352983
0.2587869
0.2270232
0.1782401
-0.1851194
0.0136513
-0.0277480
0.0213397
0.0162982
-0.0680275
-0.0358679
-0.0322634
-0.1184578
-0.0981052
0.0697360
0.1355705
0.1337731
-0.0647236
-0.0508280
0.0425243
0.0345315
-0.0567253
-0.0210097
-0.0022929
-0.0039870
0.0355902
0.0777556
-0.0085320
0.0441274
0.0428557
-0.0137353
0.0054922
0.0490003
0.0759245
0.0252527
0.0464558
-0.0427636
-0.0002216
-0.0443020
0.0387509
-0.0049640
0.0174339
0.0643630
0.0084536
-0.0145882
-0.0324512
0.0430577
-0.0180937
0.0084395
-0.0140638
-0.0459560
0.0402383
0.0627181
-0.0471274
-0.0020647
0.0034622
0.0121754
-0.0620986
-0.0534084
0.0447697
-0.0226034
0.3454964
0.0286403
-0.0167464
0.0070679
-0.0043799
0.0696694
0.0757360
-0.0042040
-0.0544002
0.0173739
-0.0359491
-0.0076567
0.0069592
0.0656398
0.0578888
0.0209456
-0.0241676
-0.0509102
0.0186473
-0.0727512
-0.0703680
0.0019656
0.0244558
0.0525980
-0.2085941
-0.3581408
-0.0386037
-0.0340321
-0.0901845
-0.0548719
0.0001508
0.0729143
-0.0501266
-0.0551454
0.0279240
0.0551532
0.0579229
-0.0314692
-0.0111815
0.0090758
-0.0299842
-0.0068190
-0.0208419
-0.0556005
-0.1126064
-0.0978295
-0.0433970
-0.0565913
-0.1911612
-0.1968149
-0.1561714
-0.0214034
0.1398350
0.0652026
-0.0511388
-0.0083413
0.0448807
-0.0641495
0.0340383
0.0161764
0.0449584
0.0105244
-0.0628135
0.0344825
-0.0513680
0.0168805
-0.0218442
0.0333606
0.0524305
-0.0671498
0.0504330
-0.0827215
-0.0808850
-0.0678279
0.0408464
-0.0428657
-0.0386952
-0.0037202
0.0700953
0.1397008
-0.0041979
-0.0158965
-0.0405630
-0.0430774
-0.0923453
0.0738959
0.0730171
-0.0372164
0.0096238
-0.0290617
0.0315606
0.0039419
0.0261639
0.0593925
-0.0540319
0.0748407
0.0628524
-0.0413083
0.0527763
0.0263542
-0.0496924
0.0012741
0.0693293
0.0625767
0.0522175
-0.0176439
0.0239666
0.0202987
0.0014155
0.0716245
0.0085561
