0.1369812
-0.0347258
-0.0558140
0.0125550
-0.0011089
-0.0097009
0.0557306
0.0512422
0.0156142
-0.0343486
0.0641520
0.0745165
0.0174009
-0.0270078
0.0019249
0.0017037
0.0473227
0.0167255
-0.0054202
-0.0150281
0.0140371
0.0052304
-0.0861629
-0.0173303
-0.0221745
0.0047500
0.0094117
0.0641858
-0.0239636
0.0808146
0.0284288
-0.0189862
0.0745709
-0.0127066
-0.0214440
0.0018937
0.0535276
-0.0080297
-0.1109723
0.0122180
0.0741283
0.1054396
0.2080880
0.1623257
-0.0283274
-0.1386637
-0.1820730
0.0160062
0.0208634
-0.0385278
0.0406813
0.0327012
-0.0450336
0.0262474
-0.0699064
0.0604363
-0.0234152
-0.0470934
-0.0098893
-0.0419728
0.0478748
0.0593337
-0.0282176
-0.0303999
-0.0255133
-0.0215581
-0.0264069
-0.0723638
0.0587391
0.0490813
-0.0474429
-0.0500221
-0.0594495
0.0164292
-0.0500755
0.0616006
-0.0230361
-0.0222676
-0.0855123
-0.0284891
0.0901233
-0.0384572
0.0060452
-0.0535885
-0.0094666
-0.0385271
-0.0135208
-0.0709697
0.0352749
-0.0307166
0.0227471
-0.0489312
0.0162231
0.0434129
0.0218230
-0.0395804
-0.0349870
-0.0428468
0.0482516
-0.0327645
