-0.0040821
0.0584293
-0.0280280
-0.0349356
-0.0223563
0.0592071
-0.0162242
0.0399810
0.0239553
-0.0043258
-0.0144378
0.0656442
-0.0162010
-0.0394955
0.0043722
0.0615859
0.0139035
0.0193719
-0.0443051
0.0055148
0.0506699
0.0328310
0.0098958
0.0632066
-0.0454628
0.0054480
-0.0483722
-0.0625783
-0.0008464
0.0012789
0.0912581
0.1223547
-0.1960942
0.0794632
0.0309094
0.0522088
-0.0673810
0.0446679
0.0056665
0.0546615
0.0438185
0.0477325
0.0268183
0.0632794
-0.0120206
-0.0209565
-0.0105825
-0.0624430
-0.0489795
0.0208328
-0.0410869
0.0010157
-0.0544924
-0.0365437
-0.0283502
0.0334850
-0.0158674
0.0517133
0.0446663
0.0453544
-0.0518518
0.0645480
0.0269857
-0.0634428
0.0020540
0.0484984
-0.0104761
0.0059510
-0.0066962
-0.0047547
-0.0445216
0.0203351
-0.0591858
-0.0626256
-0.0681995
0.0124665
0.0145081
0.0502725
0.0099835
-0.0384234
-0.0287245
0.0242627
-0.0783259
0.0575247
0.0096450
-0.0272459
-0.0425298
-0.0776873
0.0733914
-0.0883821
-0.1205513
-0.0596204
0.1253388
0.0040653
0.0382367
-0.0522619
0.0217859
-0.0366479
-0.0604388
0.0327728
0.0476811
-0.0122722
-0.0430270
0.0567148
0.0016655
0.0011173
0.0414917
0.0035787
0.0215192
0.0500645
-0.0321720
-0.0384329
0.0505034
-0.0549540
-0.0240328
0.0590878
-0.0105635
-0.0331146
-0.0610552
0.0056550
0.0445920
0.0615677
0.0185456
0.0617007
-0.0560412
-0.0464499
0.0080991
-0.0086169
0.0007237
0.0131290
0.0131045
0.0203193
-0.0363426
0.0639177
0.0484466
-0.0094845
-0.0278151
-0.0328131
-0.0203925
0.0377691
0.0371302
0.0564649
0.0105048
0.0132238
-0.0325414
-0.0337548
0.0328816
0.0194320
0.0255627
-0.1424112
-0.0629391
-0.0684942
0.1148318
0.2242904
0.0872071
0.0056322
0.0555794
0.0392017
-0.0297719
-0.0147811
0.0639011
-0.0335872
-0.0329851
0.0154861
-0.0186062
0.0441763
-0.0254753
0.0611139
-0.0660582
0.0534436
-0.0154489
0.0244644
0.0342065
-0.0160799
0.0243972
0.0488205
0.0488420
0.0276441
-0.0578524
-0.0549362
-0.0553082
-0.0279190
0.0233579
-0.0154457
-0.0461980
0.0090935
0.0282329
0.0209799
0.0229710
0.0044768
0.0633541
0.0269525
0.0315300
-0.0258228
-0.0071390
0.0129514
-0.0426357
-0.0406087
0.0378614
-0.0149863
