0.0162908
0.0510340
-0.0606056
-0.0365035
-0.0470767
0.0449084
0.0539728
-0.0437439
0.0092258
0.0478837
0.0337975
0.0283935
0.0549165
0.0254997
0.0511445
-0.0112707
0.0493472
0.0244205
-0.0094315
0.0572379
0.0422668
-0.0179314
0.0174386
0.0299521
-0.0524450
0.1786991
-0.1587209
-0.0168517
0.0288521
0.0159868
-0.0223093
-0.0203877
-0.0078716
-0.0417959
-0.0462267
-0.0238794
-0.0095118
0.0250907
-0.0389307
-0.0160767
0.0294961
0.0517173
0.0311963
-0.0676713
-0.0698233
0.0396763
-0.0519961
0.0531058
0.0195339
-0.0192985
0.0769813
0.0063036
0.0313463
-0.0001582
-0.0100411
-0.0191011
0.0502907
0.0436762
-0.0224072
0.0100358
0.0331937
-0.0807197
-0.0594501
0.0283408
0.0292096
-0.0438180
-0.0764735
-0.0032687
-0.0104417
-0.0791296
0.0827452
0.0466062
-0.1182959
-0.0783417
-0.0714460
-0.0597331
0.1324563
0.0937728
0.0690253
-0.0414292
-0.0116428
-0.0612933
0.0171619
0.0580444
-0.0508323
0.0283766
-0.0199502
0.0313772
-0.0320449
0.0494739
0.0333697
-0.0602466
0.0189086
-0.0094595
0.0152796
-0.0540324
-0.0324098
0.0355204
-0.0532691
-0.0381394
0.0411620
-0.0508056
-0.0020503
0.0289123
0.0199317
0.0061129
0.0273218
-0.0008921
-0.0584621
0.0304815
-0.0104928
-0.0372664
-0.0077239
-0.0744320
-0.0402799
0.0058709
0.0414292
-0.0068222
0.0233381
-0.0623247
0.0911181
0.1573212
-0.0842907
0.0131152
0.0598329
0.0536120
0.0041508
0.0372811
0.0354488
0.0107344
0.0123101
-0.0264990
0.0560790
0.0081537
-0.0563892
0.0525979
-0.0268351
0.0321112
0.0594717
-0.0080338
-0.0212805
-0.0423896
-0.0289597
0.0249381
-0.0269545
-0.0665361
-0.0295143
-0.0204551
0.0007800
0.0273688
-0.0637112
-0.0633063
0.0416934
-0.0111004
-0.0255630
0.0147505
-0.0864417
0.1936895
0.2032752
-0.0821852
0.0594598
-0.0189204
0.0863262
0.0254377
0.0607977
-0.0356637
0.0119619
-0.0542574
-0.0020516
0.0003597
0.0460732
-0.0322428
0.0533843
0.0003298
-0.0237514
-0.0556994
-0.0597568
0.0188969
-0.0135133
0.0042033
-0.0108429
0.0576560
0.0317141
0.0232434
-0.0046771
-0.0495976
0.0175665
0.0049214
-0.0537424
-0.0256614
-0.0386775
0.0391086
0.0578503
0.0697756
-0.0156843
0.0295595
0.0443809
0.0039545
-0.0125755
-0.0573234
