0.0054712
-0.0156232
0.0717334
0.0376050
-0.2361271
-0.0193982
-0.1046464
-0.0515809
0.1414838
-0.0401675
0.0199755
0.0478925
0.0360280
-0.0241522
-0.0565839
0.0076474
0.0283967
-0.0366540
0.0485569
0.0479032
-0.0058159
0.0569364
-0.0436763
0.0039068
-0.0358753
0.0422287
-0.0386171
0.0135113
-0.0013857
-0.0323534
-0.0394812
-0.0348133
-0.0297746
0.0642699
0.0184511
-0.0776738
-0.0584752
-0.0025476
0.0780235
0.0888078
0.0428366
0.0042479
0.0506472
0.0511741
-0.0423089
-0.0686469
-0.2315835
-0.0177925
0.0446503
0.0142874
0.0802456
-0.0049173
-0.0324262
-0.0007588
-0.0106314
0.0407399
-0.0739611
-0.0758215
0.0033525
0.0295103
0.0157700
0.0494986
0.0911116
0.0308456
0.1916466
-0.0675520
-0.1145059
-0.0792562
0.0756652
0.0455410
-0.0052203
-0.0629655
0.0289778
-0.0158344
-0.0400296
-0.0015288
-0.0073461
0.0052424
-0.0412898
-0.0459697
0.0589747
-0.0030424
-0.0386192
0.0093416
0.0396481
0.0180003
-0.0424711
0.0896096
0.0294108
-0.0132079
0.0174260
0.0686997
-0.0212847
-0.0613436
-0.0545403
0.0457070
0.0064503
-0.0218134
0.0746147
0.0175266
0.0169275
0.0090847
-0.0515315
-0.0099484
0.0371195
0.0069794
0.0277913
-0.0098941
0.0614987
0.0171334
-0.0071791
0.0348623
0.0086919
0.0172288
0.0406482
0.0431451
-0.1073925
-0.0321749
0.1010437
0.0899608
-0.1506148
0.0599744
0.0067083
0.0787957
0.0022767
0.0197629
-0.0465417
-0.0338047
-0.0189650
0.0065907
-0.0047630
0.0430542
-0.0277349
0.0918179
0.0826086
0.0394161
0.0204025
-0.0269627
0.1712096
0.2816633
0.0605054
-0.0081075
-0.0552116
-0.1110189
0.0822661
-0.0160743
-0.0064392
-0.0488807
0.0042910
-0.0231492
-0.0498608
-0.0205286
-0.0205594
-0.0038740
-0.0291941
0.0676563
0.0248535
-0.0590141
0.0090686
0.0286065
0.0091248
-0.0596405
-0.1405189
-0.1315941
-0.1646329
0.0220588
0.0623268
0.1159111
0.0134499
0.0975008
0.0465285
-0.0608276
0.0296614
-0.0492476
-0.0720175
0.0394385
0.0254452
0.0405628
-0.0120496
-0.0455257
-0.0284160
-0.0261148
-0.0697800
-0.0838502
-0.0058891
0.0075431
-0.0047068
0.0989597
0.0440124
0.0077844
-0.1893501
0.0348317
0.1501029
0.1202282
-0.0131363
0.0432189
0.0765679
0.0391083
-0.0087000
-0.0044223
