-0.0342995
0.0711962
0.0082482
-0.0128759
-0.0976446
-0.1183991
0.2677055
0.0308394
-0.0656069
-0.2306982
0.0909894
0.1156775
0.0370746
0.0024614
-0.0424243
0.0065430
-0.0012513
-0.0440368
-0.0200103
0.0230316
-0.0218150
0.0532035
-0.0029153
0.0610426
0.0077460
0.0590332
0.0543853
-0.0220989
0.0161906
-0.0199925
-0.0356656
0.0008190
-0.0488061
0.0128076
0.0119645
0.0511198
0.0018297
-0.0293782
0.0269664
0.0171831
0.0623156
0.0404030
-0.0371559
0.0063089
0.0356749
-0.0055256
0.0291571
-0.0372045
-0.0040621
-0.0310169
0.0285582
0.0118605
-0.0316434
-0.0635477
0.0478414
-0.0413767
-0.0601986
-0.0414641
0.0115981
0.0330943
-0.0148080
0.0341268
0.0231201
0.0693410
-0.0220313
0.0172429
0.0462137
0.0357390
0.0662954
0.0704341
0.0137383
-0.0823562
-0.0966699
-0.1104221
-0.1326227
-0.0200789
0.1364655
0.2019850
0.0330012
-0.0551478
-0.1861739
-0.1199406
0.0031624
0.0738607
-0.0372154
-0.0163108
-0.0359036
-0.0022650
0.0634609
-0.0535164
-0.0612817
-0.0632397
-0.0590956
0.0358361
-0.0058100
-0.0484604
0.0515259
0.0233177
-0.0112810
0.0497679
-0.0044321
0.0066741
0.0503526
0.0615422
0.0445538
0.0602573
-0.0060244
0.0028699
-0.0341317
-0.0093550
-0.0177775
-0.0175313
-0.0361769
0.0593701
0.0481183
-0.0315234
-0.0662664
0.0143933
0.0261648
0.0609903
-0.0604313
0.0004150
-0.0441206
-0.0594943
0.0033739
-0.0072219
-0.0222863
0.0181209
0.0209489
0.0609075
0.0243925
-0.0091984
-0.0313020
0.0126424
-0.0089219
0.0209021
-0.0140105
0.0708247
0.1303746
0.0502451
-0.1653668
-0.1179231
-0.0347055
0.0300429
0.0138841
-0.0579475
-0.0173265
0.0055223
-0.0698164
0.0719878
0.0168870
-0.0660468
-0.0454601
-0.0588547
-0.0603499
0.0572499
-0.0005255
0.0087892
-0.0088499
-0.0388298
0.0095890
0.0649864
-0.0537482
-0.0487327
0.0176427
-0.0015037
0.0400984
-0.0040745
0.0015494
-0.0494926
0.0097977
-0.0471867
-0.0062837
-0.0108103
-0.0331986
0.0163629
0.0307747
-0.0249927
-0.0560529
-0.0070609
0.0125254
0.0010411
-0.0434780
-0.0398473
0.0458444
0.0684983
-0.0375997
-0.0386547
-0.0156509
-0.0784599
-0.0212701
0.0948158
-0.1415898
-0.1182555
0.0776857
0.0034320
0.0121673
0.0525752
0.0391715
-0.0489987
