0.2467913
0.0209001
0.0160385
-0.0042314
-0.0189940
0.0574586
0.0337588
-0.0118374
0.0475303
0.0228619
0.0558666
0.0255768
0.0235166
-0.0390497
-0.0392363
0.0180655
-0.0276120
-0.0415885
0.0134304
0.0152657
-0.0186968
0.0445761
0.0445424
-0.0545980
0.0320018
-0.0481623
0.0129254
0.0529724
0.0499650
0.0267802
0.0381061
-0.0469309
-0.0649128
-0.0126802
0.0487048
-0.0020264
0.0779361
0.0539066
-0.1197211
0.2135188
0.2419463
0.1798544
-0.1227997
-0.1648006
-0.1745965
-0.1173470
-0.0217780
-0.0220130
-0.0729027
-0.0160041
0.0747133
0.0015500
0.0449815
0.0647980
0.0134421
-0.0477506
0.0315311
0.0439126
0.0676331
-0.0201859
-0.0249074
0.0032711
-0.0002835
-0.0445950
0.0525472
0.0220437
-0.0157200
0.0021836
0.0373265
0.0327845
-0.0272319
-0.0394230
0.0726715
0.0230431
0.0484817
-0.0067823
0.0184259
0.0431242
-0.0119280
-0.0796636
0.0238146
-0.1737324
-0.0608220
-0.0011935
-0.0614003
-0.0106126
-0.0252154
0.0278413
-0.0337311
-0.0004703
-0.0310578
0.0474289
0.0402503
-0.0295869
-0.0394663
0.0484879
0.0172905
-0.0357179
0.0981470
0.0525056
