0.0256491
-0.0072846
-0.0032733
-0.0116900
-0.0205627
-0.0123035
-0.0089971
-0.0083987
-0.0168173
-0.0225214
0.0162947
0.0189561
0.0150092
-0.0065970
-0.0114362
0.0181679
0.0276760
0.0146484
-0.0152354
-0.0015610
-0.0160127
-0.0012886
0.0000573
0.0053380
0.0242894
0.0166192
-0.0263991
-0.0126395
0.0014415
0.0068495
0.0242593
0.0146640
0.0096032
-0.0337671
-0.0057342
-0.0036635
-0.0020475
0.0134992
-0.0116123
0.0232271
-0.0036842
0.0052691
-0.0115393
-0.0156651
-0.0212971
0.0164585
-0.0048697
0.0029015
0.0077597
0.0119137
-0.0194263
0.0195647
-0.0054656
0.0105057
-0.0048659
0.0100966
0.0088991
0.0212133
0.0014626
-0.0052877
0.0176954
-0.0045960
-0.0177632
-0.0149765
0.0187661
-0.0030850
-0.0050657
0.0065248
0.0128506
-0.0153055
-0.0068770
-0.0029637
-0.0040722
0.0151982
0.0371109
0.0459381
0.0262910
0.0163400
-0.0105629
-0.0575009
-0.0817809
-0.1332708
0.1751676
-0.1175999
-0.0296939
-0.0002007
0.0222761
0.0074089
0.0015676
-0.0399783
-0.0081973
-0.0041630
0.0247472
0.0187068
-0.0014675
-0.0006589
-0.0174260
0.0169318
0.0223510
-0.0114829
0.0037661
-0.0037011
0.0196306
-0.0123861
0.0051025
-0.0004600
0.0122303
0.0111357
0.0073787
-0.0144403
-0.0141825
0.0043432
-0.0295130
0.0251340
0.0061958
0.0245168
0.0173058
-0.0252322
-0.0089692
-0.0191585
-0.0134926
0.0008480
0.0231930
0.0017832
0.0164588
0.0095845
0.0043917
-0.0294404
-0.0117080
-0.0104700
0.0024714
-0.0279361
0.0072973
-0.0123231
-0.0206910
-0.0022785
-0.0066451
-0.0200635
0.0180546
0.0124392
-0.0147425
-0.0026608
-0.0124626
0.0122428
0.0067319
-0.0127889
0.0067479
0.0257952
0.0044699
0.0222701
-0.0005834
0.0096408
-0.0097184
0.0029094
-0.0221082
0.0016891
0.0001219
-0.0053803
-0.0206021
0.0004237
-0.0028154
0.0038115
0.0204173
0.0242853
-0.0109849
-0.0025313
-0.0050804
0.0052869
0.0116755
-0.0248666
0.0180561
0.0192863
0.0012330
0.0038209
-0.0079701
-0.0164792
-0.0052516
0.0113722
-0.0164208
0.0137351
0.0038824
0.0411637
-0.0198099
0.0155413
0.0163230
-0.0217471
-0.0269148
0.0001795
-0.0289814
-0.0078833
0.0340969
-0.0315561
-0.0535970
0.0310419
0.1632986
-0.0710788
-0.0188145
0.0275874
0.0320477
0.0031468
