0.0269126
-0.0301153
-0.0288245
0.0127874
0.0013609
-0.0003872
0.0225362
-0.0201081
-0.0093149
0.0154400
0.0062848
-0.0145843
-0.0093918
-0.0127819
0.0049700
-0.0039964
0.0013849
-0.0183793
0.0156812
-0.0039243
0.0110309
-0.0133741
0.0040035
0.0127169
-0.0238543
0.0025345
-0.0177224
-0.0023636
-0.0228473
-0.0088864
0.0151090
0.0054378
0.0130447
0.0221974
0.0209049
-0.0271782
0.0060971
0.0068230
0.0096734
-0.0058629
0.0164952
0.0203779
-0.0195887
-0.0135596
-0.0133601
0.0053085
-0.0127254
0.0166645
-0.0187465
-0.0131776
-0.0114025
-0.0040467
-0.0195088
0.0157496
-0.0201405
0.0231134
0.0177325
0.0180302
0.0127657
-0.0077451
-0.0079358
-0.0020221
0.0201608
0.0074263
-0.0313673
0.0041662
0.0122824
0.0114515
-0.0042042
0.0098086
0.0207629
-0.0263151
0.0009632
0.0116135
0.0014956
-0.0085610
-0.0090164
-0.0121942
0.0300105
-0.0032324
-0.0115789
-0.0004637
-0.0430732
0.0083519
0.0621617
0.0162767
-0.0562803
-0.1351077
0.0531770
-0.0803556
-0.1774669
-0.0111415
0.0515185
0.0614617
0.0217461
0.0126536
-0.0329363
-0.0349848
-0.0018742
-0.0303678
0.0020291
-0.0021325
-0.0073994
0.0179610
0.0232363
0.0088473
0.0070488
-0.0015027
-0.0031696
0.0257293
-0.0186945
0.0279916
0.0126812
0.0161004
-0.0044057
-0.0118124
-0.0054288
-0.0215152
-0.0080720
0.0151215
-0.0129747
-0.0150391
-0.0277734
-0.0132678
0.0184304
0.0284265
-0.0273359
0.0149318
0.0115474
0.0097911
-0.0055652
-0.0229177
-0.0188072
-0.0073754
-0.0108664
0.0132746
0.0221205
-0.0223819
-0.0141462
-0.0139414
-0.0134832
-0.0109283
-0.0160787
-0.0147575
0.0005138
-0.0110754
0.0039061
-0.0029255
-0.0092267
0.0118418
-0.0167790
0.0036501
0.0048913
0.0072338
-0.0046279
0.0135378
-0.0184532
0.0133472
0.0032808
-0.0060398
-0.0204314
-0.0167360
-0.0133810
-0.0173409
0.0221183
-0.0186672
-0.0075296
0.0041700
0.0250530
0.0225817
0.0269769
0.0024306
-0.0108574
0.0164237
-0.0086690
0.0012461
0.0257548
-0.0027773
0.0203197
-0.0034441
0.0005792
-0.0141549
-0.0059158
0.0057584
0.0070978
0.0211888
-0.0078847
0.0088336
0.0147071
-0.0004406
-0.0205439
-0.0090550
0.0455628
0.0517575
0.0704279
-0.1249337
-0.1489453
0.0396982
0.2266540
0.2872326
