-0.0035867
-0.0235354
-0.0214921
0.0985466
-0.1011469
-0.1942198
0.0555691
0.1147601
0.0563366
-0.0396076
-0.0566192
0.0001349
0.0521307
-0.0085253
-0.0004343
0.0436527
0.0106528
-0.0308101
0.0113275
-0.0239213
-0.0084273
0.0243843
0.0002726
0.0025787
-0.0339992
0.0499967
0.0318134
-0.0345536
-0.0418459
-0.0268121
-0.0002460
0.0120915
0.0106056
0.0290508
-0.0163610
-0.0093350
-0.0054531
0.0177594
-0.0225245
0.0378309
0.0149761
-0.0186285
-0.0211556
-0.0430928
0.0053242
0.0132342
-0.0536682
-0.0228376
0.0287720
0.0539858
0.0201460
0.0169735
0.0094127
-0.0373751
0.1145232
0.0356017
0.0608207
0.0223561
-0.0068044
-0.0338236
-0.0329622
0.0040586
-0.0271904
-0.0232073
0.0069763
0.0259531
-0.0343231
0.0290686
0.0037402
0.0187252
0.0228527
0.0156362
-0.0184985
-0.0353164
-0.0395221
-0.0399017
0.0174720
-0.0211624
0.0549580
-0.0120128
0.0005632
0.0089204
-0.0204980
-0.0706849
0.0677998
0.0743724
0.0800071
-0.1097897
-0.2870273
0.3905607
-0.1120416
-0.1988408
0.0345314
0.0407246
0.0678428
0.0264584
0.0188348
0.0144204
-0.0580327
-0.0337646
-0.0638658
0.0425596
0.0522205
0.0163860
0.0360601
-0.0414586
-0.0098786
-0.0042442
-0.0046885
0.0071183
0.0309080
0.0416774
-0.0317866
-0.0403412
0.0421127
0.0149258
-0.0391154
-0.0364621
0.0095336
-0.0219991
0.0012138
0.0198916
-0.0037701
0.0729617
0.0823941
-0.1250889
-0.0039964
0.1235084
0.2109430
0.1568583
0.0311893
0.0458056
0.0127090
-0.0294036
-0.0812869
-0.0611813
-0.0348852
0.0315708
0.0212222
0.0107099
0.0108262
0.0394299
-0.0549301
0.0227718
-0.0144066
0.0488907
0.0150767
0.0019590
0.0165887
-0.0472705
0.0051524
0.0287217
-0.0390323
-0.0237109
0.0240533
0.0131892
-0.0694404
-0.0056663
-0.0071903
0.0862022
0.0219080
0.0566004
0.0465987
-0.0013482
-0.0284262
0.0337758
-0.0082441
0.0303583
-0.0141687
-0.0255101
-0.0110336
0.0315995
-0.0377935
0.0308227
0.0033456
-0.0346644
0.0428916
0.0110526
0.0295455
-0.0330293
0.0058305
0.0358576
0.0129417
0.0064294
-0.0229675
-0.0157958
0.0284804
-0.0225101
0.0185246
-0.0227598
0.0271279
0.0368183
-0.0267566
0.0160917
0.0049989
-0.0436702
0.0082323
-0.0288759
-0.0040296
-0.0475546
