-0.1668604
0.3018026
0.0872022
-0.1525833
-0.0248267
0.0206182
0.0025244
-0.0185951
-0.0102005
0.0074693
-0.0162768
0.0022665
0.0310890
0.0491972
0.0382331
-0.0154530
-0.0044714
0.0104357
-0.0021777
0.0444876
0.0023783
0.0240965
-0.0175254
0.0177129
0.0192615
-0.0105369
-0.0477132
0.0181065
0.0154726
-0.0471378
-0.0432346
-0.0174045
0.0466916
-0.0139462
0.0302251
-0.0069677
0.0410117
0.0998034
0.0297091
-0.0064637
-0.0116025
-0.0895224
-0.2077495
-0.2295954
-0.0782775
0.0385563
0.0344629
0.0003593
0.0357557
0.0311363
0.0085031
0.0030813
-0.0765261
-0.0329622
0.0176978
-0.0102912
0.0116378
0.0267815
-0.0092343
0.0351747
0.0106137
-0.0173382
-0.0241796
-0.0106602
0.0051132
-0.0215437
-0.0122035
0.0059809
-0.0211579
0.0260052
0.0285934
0.0780149
0.0343342
-0.0323072
-0.1050871
-0.2145792
0.1363932
0.2948143
0.3592796
0.1987680
0.0001115
-0.1570910
-0.0009140
0.0150645
-0.0075508
0.0323718
-0.0588806
0.0019588
0.0256049
0.0558352
-0.0084219
-0.0036904
-0.0390219
-0.0223507
0.0043158
-0.0011315
0.0408104
0.0471691
0.0201440
0.0123327
-0.0168060
0.0224748
-0.0292072
-0.0196360
-0.0082031
0.0183880
0.0371964
0.0090783
-0.0325418
0.0346055
-0.0046170
-0.0424725
0.0196162
0.0207247
0.0904687
-0.0208447
-0.2354380
0.4078332
0.3062903
-0.2481521
-0.0766638
0.0186918
-0.0095898
0.0428804
-0.0087118
-0.0258091
0.0360966
0.0531584
-0.0125918
-0.0253979
0.0182639
-0.0354115
0.0195983
-0.0171575
-0.0366166
0.0166566
-0.0020945
-0.0215047
-0.0261417
-0.0331775
-0.0291062
0.0306011
-0.0089723
-0.0058522
0.0215883
-0.0708317
-0.0604097
0.0209044
0.0197050
0.0310689
0.0212396
-0.0283768
-0.0855886
-0.2168370
-0.1611199
0.1825938
-0.0445005
0.0421606
-0.0102675
0.0019750
-0.0279752
-0.0464672
-0.0390973
0.0123890
0.0170008
0.0061348
0.0100705
0.0211289
-0.0320068
0.0119949
0.0345846
-0.0182018
0.0060090
0.0264452
0.0390028
-0.0332042
-0.0356632
-0.0211368
0.0319497
-0.0124862
0.0066254
0.0275485
0.0000002
0.0238049
-0.0143916
-0.0577298
0.0275392
0.0185266
0.0310920
0.0259393
0.0784151
-0.0712898
-0.0858377
0.0885333
0.2663959
-0.2144892
-0.1298551
-0.0460079
0.0397423
0.0631790
