-0.0205473
0.0053569
-0.0172587
0.0258230
0.0107921
-0.0278817
0.0100494
0.0199381
-0.0195281
-0.0147326
0.0045824
0.0039392
0.0176966
-0.0147619
0.0113490
-0.0000963
0.0166793
0.0235610
-0.0196899
-0.0019145
-0.0037529
0.0173927
0.0078587
-0.0109595
-0.0224859
-0.0249122
0.0218466
-0.0202143
-0.0182781
0.0120584
-0.0093881
-0.0190269
0.0082596
-0.0039168
-0.0307895
-0.0075741
0.0228283
0.0124926
0.0206630
0.0062273
-0.0034740
-0.0065421
-0.0133897
-0.0010966
-0.0036338
-0.0175030
-0.0068481
0.0051733
-0.0176125
0.0147657
0.0250762
0.0048378
-0.0009143
0.0132912
-0.0220618
0.0062688
0.0202765
-0.0109591
-0.0184038
-0.0131596
-0.0091680
0.0118897
-0.0079277
0.0156097
-0.0073733
-0.0026861
-0.0031317
0.0325411
0.0325077
-0.0239127
-0.0917125
-0.0677295
0.1783994
0.2211409
0.1793317
-0.0685306
-0.0615348
-0.0197939
-0.0322997
-0.0037518
0.0093128
0.0323301
0.0074273
0.0129292
-0.0241212
-0.0241861
0.0278278
-0.0030566
-0.0040121
0.0092248
-0.0228555
-0.0021762
-0.0218090
0.0167103
-0.0002126
0.0020871
-0.0053749
0.0195103
0.0218980
-0.0283351
0.0177796
-0.0232624
0.0076143
-0.0164029
0.0203917
-0.0167212
0.0058050
-0.0158837
0.0023916
0.0183177
0.0043969
0.0006655
0.0012614
-0.0231803
-0.0043754
0.0186640
0.0071032
0.0203321
0.0024147
-0.0110872
0.0100013
0.0048477
-0.0144455
-0.0152350
-0.0277402
0.0133534
0.0047161
-0.0205525
-0.0121883
0.0144273
0.0051365
0.0236113
-0.0107048
0.0068591
0.0021457
-0.0060571
-0.0002726
0.0199150
0.0243036
0.0106855
-0.0213102
-0.0091622
-0.0097930
-0.0103092
0.0001307
0.0119695
-0.0084717
0.0057253
-0.0033942
0.0114763
-0.0251555
0.0081645
0.0273773
0.0084296
0.0008901
0.0200432
-0.0166087
-0.0070708
0.0097611
-0.0132354
0.0193153
-0.0192236
-0.0148472
0.0056667
-0.0123320
-0.0102331
0.0170039
0.0098500
-0.0104604
-0.0011186
0.0007327
0.0013896
-0.0354883
-0.0112587
0.0408394
0.0586870
0.0413289
0.0143156
-0.0694141
-0.1045713
0.0556892
0.1960918
0.1611554
-0.1121825
-0.1759349
-0.0117464
0.0221126
0.0493722
0.0360385
0.0633948
-0.0030539
-0.0058669
-0.0191747
0.0195243
-0.0199831
0.0092810
-0.0115699
0.0048869
-0.0304234
-0.0385602
