0.0117891
0.0260851
0.0314818
-0.0494974
-0.0391510
0.0279060
0.0923621
0.0037295
0.0373867
-0.1387848
0.1911186
0.3724087
-0.0381854
-0.1838583
-0.2194647
-0.0656818
-0.0492984
-0.0060315
0.0732788
0.0758351
0.0582108
0.0178718
-0.0138685
-0.0074495
-0.0184157
0.0009075
0.0235792
0.0447645
0.0222765
0.0183920
-0.0148242
0.0252359
-0.0441318
-0.0106912
-0.0209273
0.0324243
-0.0195836
-0.0188462
-0.0474400
-0.0250716
-0.0182878
-0.0268151
0.0465490
0.0266822
-0.0009283
-0.0056859
0.0510953
0.1100487
0.0941577
-0.0122415
-0.0545103
-0.0948399
-0.2444747
0.2754178
-0.1653901
-0.0063046
0.0401914
-0.0639718
0.0182790
0.0199547
0.0163413
-0.0163943
0.0205391
-0.0388986
-0.0145526
0.0406606
0.0047756
0.0313760
0.0403577
0.0278163
0.0182404
-0.0165568
-0.0276639
0.0208511
0.0030357
-0.0073225
0.0322155
-0.0102924
0.0217048
-0.0219909
0.0188316
-0.0605604
-0.0025900
0.0363807
0.0901164
0.0287381
-0.1652774
-0.0112774
0.3647510
-0.2154433
-0.0863319
-0.0252002
0.0638316
0.0207158
0.0248839
-0.0777488
-0.0162663
-0.0136848
-0.0452993
0.0204638
0.0367354
0.0523297
-0.0261257
0.0088355
-0.0432222
0.0028385
0.0083058
0.0180327
0.0271789
0.0379003
0.0344682
0.0267905
0.0070255
0.0072251
-0.0394007
0.0177739
-0.0164025
0.0028937
-0.0060273
-0.0428449
0.0063502
0.0812136
0.0609866
0.0477203
-0.1060086
0.1430854
0.0427075
-0.0825340
-0.2309980
-0.1548231
-0.1128104
-0.0575874
-0.0076449
0.0172131
-0.0556348
-0.0407862
0.0403557
0.0295252
-0.0184164
-0.0242813
0.0254858
-0.0448825
0.0204348
0.0227038
-0.0028710
-0.0000814
0.0349402
-0.0132389
-0.0016762
0.0145505
-0.0278229
0.0072860
0.0402173
0.0563202
0.0440170
-0.0162543
-0.0558341
0.0115939
-0.0037421
0.0630467
-0.2109091
-0.2174632
0.2764828
-0.0017898
-0.0541434
0.0642808
0.0713375
0.0382640
0.0068510
-0.0096793
-0.0085041
-0.0228693
-0.0259972
0.0135967
-0.0267896
-0.0061309
0.0037411
0.0351687
0.0226614
0.0274105
0.0069520
0.0306394
0.0345807
-0.0126748
-0.0021984
0.0383271
-0.0234150
-0.0145920
-0.0036835
0.0039347
-0.0376641
0.0330087
-0.0233489
-0.0021014
0.0004719
-0.0630664
-0.0567010
-0.0297051
-0.0234514
0.0162759
