-0.0133169
-0.0255952
-0.0144257
-0.0060868
-0.0541215
0.0131409
-0.0159978
-0.0118977
-0.0113910
0.0070391
-0.0312763
-0.0631408
-0.0312038
0.0291773
0.0330133
0.0794932
0.0693150
0.0370336
-0.0377047
-0.1485447
-0.2227350
-0.2120769
0.0841702
0.2493092
0.3774108
-0.1089395
0.0544752
0.0391197
0.0872028
0.0628070
0.0776726
-0.0031043
-0.0567471
-0.0161548
-0.0124007
-0.0192969
-0.0079241
-0.0187494
0.0099546
0.0204892
-0.0330157
-0.0350191
-0.0185598
-0.0376817
-0.0190712
0.0118874
0.0090723
0.0093956
0.0409908
-0.0224167
0.0237944
0.0485654
-0.0380712
-0.0047086
-0.0225165
0.0511146
-0.1751317
0.0567859
0.1023546
-0.1962688
-0.0740865
0.0145563
-0.0213821
0.0318788
-0.0178410
-0.0366037
-0.0492437
-0.0255304
0.0105622
-0.0144400
-0.0007549
-0.0468017
0.0077418
-0.0292084
-0.0302492
-0.0141852
0.0250698
0.0184159
0.0451052
-0.0300817
0.0137634
0.0339706
-0.0178522
0.0116407
-0.0152786
0.0080848
-0.0031364
-0.0605296
-0.0086781
-0.0229979
0.0505541
0.0123158
-0.1432764
-0.1531789
-0.1450353
0.1584269
0.3158739
-0.0562464
-0.2139646
-0.1937903
-0.0602025
0.0494694
0.0202654
0.0537490
0.0086202
-0.0187751
-0.0365907
-0.0447126
0.0376339
0.0411076
-0.0301715
0.0379072
-0.0271809
0.0038579
0.0065780
0.0365646
0.0441933
0.0376031
-0.0353176
-0.0052591
-0.0477983
0.0165044
0.0011634
0.0532978
0.0142453
-0.0492251
-0.0402249
-0.0429866
-0.0018817
0.0540775
0.0708874
0.2981233
0.3555754
-0.0694900
-0.2174922
-0.2045318
-0.1723219
0.0021941
0.0168701
0.0382876
0.0349012
-0.0442298
-0.0141048
-0.0576351
-0.0221398
0.0463076
0.0106278
0.0458852
0.0300930
-0.0203525
-0.0315117
0.0013183
-0.0253859
-0.0062337
0.0420218
0.0068502
0.0069343
0.0302592
0.0140507
0.0131693
0.0280284
-0.0510123
0.0095414
0.0734655
0.0827440
-0.0180490
-0.1314200
-0.1659153
-0.0501704
0.1350702
0.3658566
0.2563335
0.0335117
-0.2221555
-0.0044081
-0.0277546
0.0354355
0.0431225
0.0785803
-0.0155109
-0.0491554
-0.0178378
-0.0103630
0.0220966
0.0137070
-0.0023938
0.0482508
0.0135679
0.0366326
-0.0089877
-0.0156627
0.0013612
-0.0028735
0.0062449
-0.0294969
0.0187736
-0.0418745
0.0320085
-0.0367462
0.0217384
