0.0387942
-0.0227085
0.0359443
0.0259670
-0.0321789
-0.0150187
0.0185735
-0.0050712
-0.0188689
-0.0123827
-0.0362023
0.0103862
-0.0477843
-0.0520847
-0.0276357
0.0278570
0.0034637
0.0324823
0.0029104
0.0102970
-0.0078332
0.0166110
-0.0422063
-0.0649842
-0.0253235
0.0710941
0.0691270
-0.0448592
-0.1068167
-0.1483973
-0.1929132
-0.2446254
0.3993693
-0.2111397
-0.2376537
0.0740699
0.0825927
0.0036221
-0.0158255
-0.0559443
-0.0563511
-0.0415031
-0.0428625
-0.0344818
0.0509290
0.0052296
0.0181087
0.0246747
-0.0294345
0.0040208
0.0363538
0.0043068
0.0100847
-0.0061213
-0.0319756
-0.0340449
0.0447239
-0.0043660
-0.0119866
-0.0057465
0.0513499
0.0441823
0.1198262
-0.1670678
0.1804943
-0.0155910
-0.1955698
-0.1343998
0.0233793
0.1067930
0.0747854
-0.0368634
-0.0880809
-0.0154079
-0.0698958
0.0341370
0.0006804
0.0340688
0.0123385
0.0133795
-0.0338123
-0.0346517
-0.0180052
-0.0103435
0.0108814
-0.0288562
0.0238847
0.0273434
0.0154787
-0.0311223
-0.0241112
0.0123445
0.0263937
0.0319740
0.0027981
-0.0184388
-0.0661904
-0.0376815
-0.0430626
-0.0507284
0.0604143
0.0226994
0.0259605
-0.0939796
-0.1706985
-0.1011891
0.2565949
0.3288765
-0.1050442
-0.2181026
-0.0995874
-0.0302347
0.0488215
0.0956027
-0.0194502
-0.0218190
0.0044168
-0.0013537
0.0489394
0.0205526
-0.0257189
0.0052638
0.0033474
0.0133758
0.0280015
0.0059030
-0.0471256
-0.0112676
-0.0309047
-0.0231471
-0.0100239
-0.0005715
-0.0654454
-0.0506163
-0.0308375
-0.0306995
-0.0041283
0.0027128
-0.1209767
-0.1837657
-0.2134615
-0.0820268
0.2964939
0.1399030
-0.1991859
-0.0840768
0.0238869
0.0831150
0.0782479
0.0169261
-0.0006707
-0.0845687
-0.0098782
0.0314536
-0.0478206
0.0367016
-0.0349025
-0.0417024
0.0053910
-0.0216996
0.0546662
0.0127799
-0.0344364
-0.0319496
0.0051293
0.0037022
0.0347360
0.0159459
0.0262200
-0.0361776
-0.0413728
-0.0194096
-0.0054394
0.0040638
0.0633428
0.0253843
0.0390779
0.0002881
-0.1581893
-0.0543533
0.2919606
0.3324607
0.0754077
-0.2253346
-0.1973688
-0.0344710
0.0184843
0.0194845
0.0728481
0.0223791
-0.0444470
-0.0369295
0.0067831
0.0253150
-0.0299515
0.0339227
0.0317110
-0.0141704
0.0308423
-0.0257124
