-0.1402738
0.0275651
0.1942726
0.1423073
-0.1093055
-0.0078435
0.0880227
0.0613913
0.0481129
-0.0445365
-0.0404245
0.0304550
0.0065980
-0.0114887
0.0477134
0.0088604
-0.0150197
0.0424509
0.0234201
0.0205781
0.0116636
-0.0396908
-0.0076952
0.0459337
-0.0329606
-0.0138250
-0.0170838
-0.0426749
0.0085837
-0.0181828
-0.0235988
-0.0308963
0.0480233
0.0072324
0.0450404
-0.0630904
-0.0021943
0.0595507
0.0495780
0.0518442
0.0317029
0.0252977
-0.0948566
-0.1424012
-0.1368813
0.2616429
-0.0249083
0.0149677
0.0515850
0.0414866
0.0946882
0.0540171
-0.0544631
0.0168647
0.0486423
0.0132739
-0.0289507
-0.0020954
-0.0060738
0.0087736
-0.0255952
-0.0144257
0.0006450
0.0131409
0.0306736
-0.0118977
-0.0113910
0.0216762
-0.0312763
0.0021345
0.0291773
0.0794932
0.0693150
0.0370336
0.0595123
-0.0377047
-0.2227350
-0.2120769
-0.1439374
0.0841702
0.2493092
0.3774108
-0.2562120
-0.0263419
0.0391197
0.0872028
-0.0171832
-0.0452291
-0.0540879
-0.0001645
-0.0023296
-0.0270129
-0.0187494
-0.0011936
0.0099546
-0.0330157
-0.0350191
-0.0376817
-0.0190712
0.0156808
-0.0098809
-0.0171280
-0.0292859
-0.0276259
-0.0232662
-0.0231653
0.0093956
0.0409908
0.0237944
0.0485654
0.0065731
-0.0568352
-0.0743621
0.0202785
0.0089838
0.0757197
-0.0499633
-0.1751317
-0.1243801
0.3173814
-0.1230109
0.0145563
0.0771530
0.0362745
0.0609389
-0.0314224
-0.0203274
-0.0076693
-0.0255304
0.0009077
0.0239836
-0.0302492
-0.0378502
0.0335493
0.0071413
0.0250698
0.0184159
-0.0178522
-0.0567801
-0.0208738
0.0116407
0.0118377
-0.0152786
-0.0111750
-0.0031364
-0.0605296
-0.0094741
-0.0479958
-0.0143338
0.0761213
0.0505541
0.0998903
-0.0069374
-0.0807985
-0.1432764
0.1584269
-0.1937903
-0.0602025
-0.0413939
0.0202654
-0.0187751
-0.0350615
-0.0447126
0.0203329
0.0104130
0.0150209
0.0001021
-0.0236542
0.0365646
0.0236822
-0.0322562
0.0110982
0.0441933
0.0327376
-0.0353176
0.0418650
-0.0441273
-0.0092280
-0.0186969
-0.0126179
0.0284175
0.0185802
0.0532978
0.0142453
0.0151676
-0.0561542
-0.0663616
-0.0653173
-0.0555364
-0.0402249
0.0708874
0.0798001
-0.0903319
-0.1703023
-0.1487938
0.1782285
-0.0694900
-0.1723219
-0.0891468
0.0078577
