0.0159061
0.0212274
0.0133059
0.0104744
0.0059260
-0.0189385
0.0179904
-0.0194718
0.0203157
-0.0055968
-0.0178144
0.0154453
0.0148889
-0.0156435
-0.0114113
-0.0061033
0.0081468
-0.0280184
0.0067812
0.0165227
0.0157088
-0.0101257
-0.0189375
-0.0006715
-0.0043953
-0.0176951
-0.0200274
0.0107586
0.0147719
-0.0139483
0.0180359
0.0030096
0.0044651
0.0057210
0.0190755
0.0225634
-0.0061220
-0.0036732
-0.0170867
-0.0144651
0.0213965
0.0078835
0.0157479
-0.0128461
-0.0172701
0.0207523
0.0217970
0.0254154
-0.0179507
-0.0080748
0.0148491
-0.0018897
-0.0206153
-0.0061784
0.0226029
0.0043567
0.0210081
-0.0039039
-0.0058359
-0.0341065
-0.0155722
0.0063535
-0.0068311
0.0117352
-0.0710815
-0.1182695
0.0424096
0.2630820
-0.1562962
-0.0281666
0.0200337
0.0368268
0.0137336
-0.0053244
-0.0054744
0.0108900
-0.0243611
-0.0417271
-0.0004832
0.0039983
-0.0123307
-0.0074425
-0.0029045
0.0002739
0.0079343
0.0004092
-0.0214767
0.0173083
0.0028763
-0.0189128
-0.0078602
-0.0108294
0.0281000
-0.0016815
0.0015917
-0.0271582
0.0196262
0.0087361
-0.0225376
0.0007984
-0.0207765
-0.0134799
-0.0031583
0.0006749
0.0158974
0.0196281
0.0067048
0.0186935
-0.0018709
-0.0190309
0.0088367
-0.0098528
0.0205200
-0.0174390
0.0102363
-0.0184555
0.0239010
-0.0040879
0.0195097
0.0122770
-0.0277877
-0.0188772
-0.0130865
-0.0304145
-0.0094079
0.0272071
-0.0047252
0.0213220
0.0015830
-0.0052085
-0.0126885
0.0016303
0.0066063
-0.0010286
-0.0254616
-0.0029519
-0.0249957
-0.0087923
0.0145368
-0.0146451
0.0277467
-0.0223043
-0.0217815
-0.0001782
-0.0087371
0.0046999
-0.0168166
-0.0064881
-0.0067692
0.0250420
0.0062534
-0.0209709
-0.0044084
0.0225241
-0.0100092
0.0219123
0.0201102
0.0041400
0.0226538
-0.0194095
-0.0032081
-0.0147546
-0.0291665
0.0010605
0.0120726
-0.0185802
-0.0485138
-0.0144562
0.0057630
0.0412338
0.0492489
0.0495557
0.0488687
-0.0212008
-0.1290731
-0.1466656
0.1536833
0.2361655
-0.0385099
-0.1217029
-0.0455870
-0.0238178
0.0509270
0.0616507
0.0251969
-0.0060747
-0.0120528
-0.0239977
-0.0055906
-0.0075188
0.0135740
0.0223993
0.0240264
0.0256430
-0.0004080
0.0031568
0.0236828
0.0245611
-0.0031981
0.0047831
