0.0542885
0.0544381
-0.0360659
-0.1251772
0.0699145
0.3777897
-0.2022715
-0.1433753
-0.0485014
-0.0126787
0.0908486
0.0395493
-0.0460314
-0.0443182
-0.0218202
-0.0582675
0.0238699
0.0062700
0.0411730
0.0424554
0.0319609
0.0464167
-0.0155975
0.0135500
-0.0346792
-0.0083128
0.0234099
-0.0282478
-0.0197831
-0.0108245
-0.0274859
0.0309129
0.0196899
-0.0270815
-0.0534939
0.0425842
-0.0141850
-0.0490941
-0.0532693
-0.0793266
-0.0759987
-0.0228212
-0.0241531
0.0214177
0.0431786
0.0129054
0.3545996
-0.0965603
-0.1906783
-0.1208694
-0.0486462
-0.0790695
0.0076124
0.0219568
-0.0526356
0.0215369
0.0149563
-0.0210427
0.0012989
0.0209287
-0.0267265
-0.0215132
-0.0437183
0.0483806
0.0021555
0.0137370
-0.0059245
0.0060445
-0.0009335
0.0591723
0.0255744
-0.0247933
-0.0543040
-0.0438018
-0.0110791
0.0292279
0.0513015
0.0882318
0.0849711
0.0308095
-0.0392778
-0.1346431
-0.1666755
0.3619247
-0.1733533
-0.1715574
-0.0101330
0.0376224
0.0133040
-0.0153644
0.0114049
0.0266051
0.0216888
0.0058334
0.0190179
-0.0123738
-0.0383021
-0.0398424
0.0194737
-0.0114954
-0.0119635
0.0225912
0.0161997
0.0349562
0.0156965
0.0055302
0.0164568
-0.0370078
0.0187147
-0.0585837
0.0209111
0.0027043
-0.0271344
-0.0277582
0.0039596
-0.0704486
0.0594202
0.0975478
0.0150295
-0.2155735
-0.1314436
0.2277867
-0.0643369
-0.0832676
0.0091768
0.0436845
0.0124421
-0.0293511
-0.0557666
-0.0581768
-0.0455432
0.0312746
-0.0362373
0.0326332
-0.0081776
0.0091433
-0.0333639
0.0202869
0.0359264
0.0032962
-0.0263149
0.0250815
-0.0076828
0.0191757
0.0069739
-0.0142348
0.0099618
-0.0245692
0.0011795
-0.0420487
-0.0509242
-0.0274756
-0.0191328
0.0078408
0.0399365
-0.0180424
-0.0005467
0.3639079
0.3764897
-0.1778177
0.0625706
0.0756717
0.0905342
-0.0451439
0.0051602
0.0495437
0.0182374
-0.0160651
0.0006259
-0.0380148
-0.0353606
0.0170698
0.0034655
0.0322462
-0.0284646
0.0116891
-0.0299672
-0.0198614
0.0393607
-0.0064184
0.0244165
-0.0389043
0.0225647
-0.0362164
-0.0165737
0.0069119
0.0335490
0.0285795
0.0235564
0.0419059
-0.0349205
-0.0187657
0.0338066
0.0887421
0.0854733
-0.2292522
-0.1845578
0.2621186
0.3118504
0.2810946
