0.0306395
0.0801943
0.0716956
0.0372775
-0.0098777
-0.0580528
-0.0125988
-0.0094633
0.0004428
0.0165432
-0.0346526
0.0072908
-0.0230496
0.0205848
-0.0106100
-0.0058171
-0.0068109
0.0005218
0.0224738
0.0370050
0.0029753
-0.0441340
-0.0094446
-0.0036207
0.0346179
0.0064831
-0.0069575
0.0093320
-0.0307769
-0.0055520
-0.0370962
-0.0598373
0.0106422
0.0588504
0.0564130
-0.1914276
-0.0172761
0.2663431
-0.1730128
-0.1758466
-0.1513134
-0.0615685
0.0065533
-0.0114598
-0.0110386
0.0328916
-0.0429657
0.0076623
0.0347263
-0.0363634
-0.0378692
-0.0064108
-0.0294084
-0.0269565
0.0335918
-0.0170124
-0.0094191
0.0061440
-0.0260474
0.0035556
0.0571781
0.0315822
-0.0021749
-0.0327391
-0.0363883
0.0438915
0.0839122
0.0606326
-0.2095962
-0.0127899
0.3290422
-0.1038463
-0.2326227
-0.1084148
-0.0626303
-0.0521863
0.0233628
0.0736501
0.0734652
-0.0144522
-0.0218336
-0.0123569
0.0032994
-0.0041008
0.0265398
-0.0040526
0.0053147
-0.0309763
0.0065843
0.0263307
-0.0262168
0.0137126
-0.0016199
-0.0316580
-0.0350383
-0.0346441
-0.0137863
-0.0360187
-0.0164860
0.0075276
0.0310850
0.0073636
0.0101684
-0.0077958
0.0010037
-0.0233346
-0.0017028
0.0062758
0.0754864
0.0825120
-0.0633864
-0.1670577
0.0859061
0.2957047
0.0243796
-0.1687933
-0.0260822
0.0277324
-0.0096020
-0.0202031
-0.0236504
0.0083208
0.0252191
0.0145120
-0.0108637
-0.0373928
0.0039422
-0.0271109
-0.0094654
0.0226465
0.0089964
0.0069177
0.0288605
0.0155124
-0.0092694
0.0301030
0.0211811
-0.0545502
-0.0227012
-0.0452981
-0.0206764
0.0291058
0.0656545
0.0191695
0.0517440
-0.1422851
-0.2229257
-0.0235425
0.3493543
-0.0602966
-0.2304516
-0.1588095
-0.0060530
0.0032077
-0.0150815
-0.0104927
-0.0861913
-0.0223888
-0.0428250
-0.0138436
-0.0001569
-0.0379235
-0.0356147
0.0401259
0.0055458
-0.0103789
-0.0132620
-0.0427119
0.0011604
0.0037714
0.0181274
0.0013185
-0.0146236
-0.0052014
-0.0087145
-0.0011780
0.0163188
-0.0362051
-0.0757434
-0.0079777
0.0739596
0.0315296
0.0552931
0.0365246
-0.0239307
-0.1260351
-0.1706102
-0.0754184
0.0796558
0.2276125
-0.2051540
-0.0512111
0.0450751
0.0716298
0.0458420
0.0204602
0.0201692
-0.0260616
0.0233461
-0.0137947
