0.0048300
0.0001830
-0.0102792
-0.0061354
0.0061291
0.0048780
0.0163209
-0.0021022
0.0125683
-0.0038889
-0.0136484
0.0140412
0.0118690
-0.0203766
-0.0060879
-0.0035050
-0.0088655
-0.0005653
0.0152913
-0.0077760
0.0104637
-0.0027441
-0.0007755
0.0065774
0.0099737
-0.0169936
0.0090924
0.0124272
-0.0130114
0.0146778
0.0168671
0.0169994
0.0034318
0.0039880
-0.0171354
-0.0095493
0.0017045
-0.0045926
-0.0183453
-0.0059341
-0.0322475
-0.0262662
-0.0165278
-0.0164525
0.0105877
0.0154900
-0.0972002
0.2517845
-0.0123634
-0.1338272
-0.1615320
-0.0909258
-0.0267084
0.0403547
-0.0191807
-0.0352970
0.0138366
0.0245908
-0.0144844
-0.0202863
-0.0209827
0.0098308
-0.0101930
0.0013431
-0.0177416
-0.0158131
-0.0237128
0.0042439
-0.0143710
0.0190900
-0.0143353
0.0189466
0.0221291
0.0011002
-0.0089936
-0.0248085
0.0204378
0.0125544
-0.0109845
0.0145849
0.0133663
0.0062123
-0.0226098
-0.0203000
-0.0107382
-0.0035995
0.0322873
-0.0005250
-0.0078756
-0.0039055
0.0159359
0.0104153
-0.0028355
-0.0198928
-0.0142646
-0.0104960
0.0226588
0.0080920
0.0023667
0.0055205
-0.0068871
0.0003921
0.0086939
-0.0127590
0.0083268
-0.0154573
0.0015652
-0.0016267
-0.0092680
-0.0190934
0.0236732
-0.0060437
-0.0156236
0.0070288
0.0186670
-0.0139779
-0.0068925
-0.0267282
0.0069843
-0.0211236
-0.0131569
-0.0051003
0.0040012
-0.0168472
0.0032325
-0.0099829
-0.0018713
0.0084700
0.0273677
-0.0107099
-0.0237968
0.0096526
-0.0160118
-0.0129475
-0.0081307
0.0287470
0.0136658
-0.0224929
0.0247485
-0.0171791
-0.0280161
0.0109923
-0.0129012
-0.0036463
0.0174100
0.0207817
-0.0127532
-0.0252963
-0.0411753
0.0266034
0.0274706
0.0474669
0.0520876
0.0150240
-0.0201695
-0.0559565
-0.0476510
-0.0778437
-0.0545524
0.0067216
-0.0100449
-0.0166318
0.0000447
-0.0050028
0.0132634
-0.0157245
0.0022164
0.0104318
0.0255283
0.0126626
-0.0241872
-0.0002721
0.0064836
-0.0183774
0.0035468
-0.0130207
-0.0145153
-0.0101675
-0.0115920
-0.0020453
-0.0148550
-0.0063118
0.0000739
-0.0110779
-0.0229643
0.0123026
-0.0231783
-0.0263988
-0.0200824
-0.0101627
0.0231630
0.0139637
0.0051650
0.0118895
0.0018434
0.0045893
0.0023948
-0.0085039
0.0177857
-0.0102228
