0.0197735
0.0539468
-0.0084558
0.0420001
0.0099906
-0.0121078
-0.0342155
0.0169597
-0.0235537
0.0032694
0.0491902
0.0023657
0.0487124
0.0384252
-0.0049871
-0.0013491
0.0329489
0.0106146
-0.0053400
0.0127501
0.0356575
0.0344887
-0.0390938
0.0489149
0.0018303
-0.0443100
0.0013930
-0.0247716
-0.0432607
-0.0050452
0.0072648
-0.0203546
-0.0076959
0.0271076
-0.0234859
-0.0027915
0.0622434
0.0425682
-0.0537617
-0.1948963
-0.3303874
-0.3668581
-0.0404743
0.2566853
0.5505668
-0.3688021
0.1332374
0.0662061
-0.0548086
0.0040716
-0.0885633
-0.0199720
0.0141619
0.0207508
-0.0006679
-0.0522847
-0.0480285
-0.0105990
0.0104929
0.0086402
-0.0247196
0.0442952
-0.0092798
-0.0407348
-0.0428330
-0.0396612
0.0216036
0.0389208
0.0568175
-0.0264096
0.0136278
0.0238240
0.0333016
0.0175973
-0.0134394
-0.0289584
0.0070701
-0.0448179
-0.0149203
-0.0056752
-0.0077865
-0.0205759
-0.0210320
-0.0548747
-0.0242387
0.0427377
-0.0118710
-0.0082391
-0.0238988
0.0503574
-0.0408558
-0.0007689
0.0535364
-0.0301949
0.0306887
0.0056481
0.0516604
0.0458446
0.0278121
0.0053749
-0.0465038
-0.0339025
-0.0186823
0.0020972
0.0316264
0.0500698
0.0338542
-0.0095970
0.0136116
0.0390528
0.0045051
-0.0028381
0.0487084
0.0175491
0.0136077
-0.0384689
-0.0179277
0.0129770
-0.0329630
0.0272958
-0.0295389
-0.0188816
-0.0277811
-0.0202019
0.0330189
-0.0239088
-0.0163375
-0.0392143
0.0281254
0.0275194
0.0056031
-0.0336255
-0.0180811
-0.0300998
0.0433939
-0.0159389
-0.0161267
0.0380451
0.0301639
0.0027377
-0.0251245
0.0428222
-0.0170619
-0.0105037
-0.0411049
0.0080846
-0.0436876
0.0298403
-0.0355756
-0.0302459
0.0516415
0.0319927
-0.0522858
-0.0454434
0.0228680
0.0493479
0.0186528
-0.0095544
0.0267603
-0.0204543
-0.0105176
0.0111333
0.0280429
0.0626168
-0.0009569
-0.0684814
-0.1023469
-0.0404583
0.1194593
0.2312207
0.1293675
0.0746330
-0.1111186
-0.0449636
-0.0364066
0.0007925
0.0309428
0.0714295
-0.0368041
-0.0134902
-0.0358498
0.0414860
0.0450666
0.0147409
-0.0240751
-0.0242483
0.0144899
-0.0245059
0.0418014
0.0169507
0.0609930
-0.0108103
0.0149510
-0.0108003
0.0348457
-0.0477522
-0.0194542
0.0398015
-0.0138934
0.0073807
