0.0544468
0.0147545
-0.0197321
0.0072919
-0.0279080
0.0353109
-0.0232258
0.0379199
0.0392567
-0.0287901
-0.0304334
0.0001564
-0.0386689
0.0029351
0.0043474
-0.0519926
-0.0334791
0.0434557
0.0341988
-0.0520035
-0.0278039
0.0508192
-0.0183108
0.0051419
-0.0336839
-0.0446324
0.0331796
-0.0409569
-0.0280916
0.0369205
-0.0516677
0.0049509
0.0207057
-0.0182123
0.0252775
0.0488325
0.0441647
-0.0187202
0.0181440
-0.0272262
-0.0374430
-0.0200453
-0.0386416
-0.0403669
-0.0352086
0.0154189
-0.0104484
-0.0509544
-0.0349945
-0.0490578
-0.0017372
-0.0391352
0.0194759
0.0421692
-0.0467794
0.0133370
-0.0296153
0.0415567
0.0198279
-0.0492045
-0.0477178
-0.0629262
-0.0144667
0.0265308
-0.0600374
-0.0967132
-0.0161533
0.3052212
-0.1980157
-0.1074928
0.0374575
0.1065500
0.0939134
0.0341697
0.0110530
-0.0575934
-0.0565296
0.0102658
-0.0115436
-0.0442433
0.0315071
-0.0127652
0.0041604
0.0055036
-0.0046124
0.0161591
0.0224451
0.0094907
-0.0316063
0.0500599
0.0106508
0.0171702
0.0196769
-0.0012536
-0.0010636
0.0240488
-0.0266958
-0.0523830
0.0155611
-0.0564791
0.0235241
0.0098406
0.0347743
-0.0435609
0.0454268
0.0207578
-0.0554101
-0.0473707
0.0140744
-0.0005936
-0.0428119
0.0459803
-0.0113320
0.0392055
0.0175754
-0.0403782
0.0213823
-0.0105978
-0.0210715
0.0310211
-0.0197631
0.0074486
-0.0506812
-0.0538904
-0.0384416
-0.0344258
-0.0219156
0.0014732
-0.0151365
0.0456655
0.0504611
-0.0493120
0.0282202
-0.0365577
0.0445992
0.0101260
0.0040118
-0.0593463
0.0321785
0.0171422
-0.0386567
-0.0491117
-0.0174914
0.0082563
-0.0054429
0.0484252
0.0147141
0.0419941
-0.0387418
-0.0276187
0.0486331
0.0268074
0.0635931
0.0405467
0.0287657
-0.0662230
0.0279530
0.0570627
0.0217250
-0.0613783
0.1545098
0.3040098
-0.0092936
0.0621748
0.0367586
0.0246064
-0.0495857
0.0288753
-0.0355322
-0.0244045
0.0007141
-0.0540891
0.0339043
0.0317966
0.0625922
0.0494002
0.0044823
-0.0294707
-0.0519876
-0.0374152
0.0151521
-0.0084657
0.0203922
0.0130894
0.0155676
0.0295050
-0.0388961
-0.0586980
0.0240862
0.0089541
0.0390440
0.0160232
0.0308712
-0.0009218
0.0098082
-0.0231397
-0.0397064
0.0207872
-0.0340347
-0.0330163
