-0.0269826
0.0070079
0.0437170
-0.0112443
0.0316366
-0.0487382
0.0451335
-0.0269156
-0.0206501
0.0497586
0.0449013
0.0178128
0.0221491
0.0095912
-0.0375347
-0.0237219
-0.0238123
-0.0063298
-0.0235344
-0.0418982
-0.0330019
0.0283835
0.0441689
0.0466406
0.0171743
-0.0408188
-0.0034914
0.0032241
0.0338050
-0.0426213
0.0484908
-0.0122873
0.0346162
0.0152284
-0.0080957
0.0465951
0.0071232
0.0171086
-0.0178057
0.0492774
-0.0311144
0.0378243
-0.0101115
-0.0104741
-0.0013891
0.0292717
0.0022617
-0.0168546
0.0162561
0.0099247
0.0055553
-0.0074318
-0.0081710
0.0243975
-0.0469001
0.0053170
-0.0237648
-0.1131853
0.0489612
0.2792272
-0.0843568
-0.1855330
-0.1559432
0.0126749
0.0446404
-0.0821469
-0.0095409
-0.0305275
-0.0034917
-0.0038594
0.0463274
-0.0399939
-0.0039536
-0.0041083
-0.0519876
-0.0203055
0.0028264
0.0030964
-0.0029542
0.0547082
-0.0245654
0.0271380
0.0246020
0.0237390
-0.0497653
0.0197416
0.0385517
0.0451740
0.0015018
0.0228293
0.0414522
0.0202721
-0.0307268
0.0422158
-0.0485898
0.0172597
0.0203368
-0.0231704
-0.0453470
0.0242294
0.0046110
-0.0290326
-0.0377899
-0.0043639
-0.0460181
-0.0004699
-0.0080407
-0.0307062
0.0194508
0.0080023
-0.0466113
0.0432173
-0.0321859
-0.0304804
0.0022238
0.0007983
0.0151507
-0.0159627
0.0321108
-0.0116454
-0.0302588
-0.0291286
0.0223993
0.0476853
0.0051148
0.0233819
0.0032042
-0.0515024
-0.0070653
0.0535843
0.0042499
0.0267595
-0.0484070
0.0353168
0.0437612
-0.0198826
0.0431157
-0.0377835
-0.0096767
-0.0187706
-0.0476850
-0.0103219
-0.0090459
-0.0208844
0.0025995
0.0279591
0.0411832
-0.0350251
-0.1543800
-0.0774366
0.1076523
0.3119244
0.1104917
-0.1946459
-0.1457415
0.0694054
0.0133794
-0.0472387
-0.0429232
-0.0159013
-0.0294640
-0.0416648
0.0435976
-0.0279123
0.0031212
0.0509388
0.0523236
0.0445957
-0.0286799
0.0370869
0.0127958
0.0332901
-0.0400061
-0.0162041
0.0550952
-0.0299804
0.0009446
-0.0241127
-0.0033416
-0.0225782
0.0494638
0.0236398
0.0344723
0.0538384
0.0125950
-0.0405802
-0.0363511
0.0256533
-0.0032489
0.0490304
0.0350261
-0.0259397
0.0029669
-0.0252811
0.0190563
-0.0265290
0.0016895
0.0143823
-0.0312368
-0.0235818
