-0.0100750
-0.0273584
0.0507339
0.0111090
0.0344652
0.0301963
-0.0454982
0.0298471
0.0298973
0.0025872
-0.0434277
-0.0150773
0.0206947
-0.0137103
-0.0335176
-0.0268288
-0.0497423
0.0412231
0.1068714
0.0072454
0.0824042
0.0217899
-0.0314800
-0.0750191
-0.1851243
0.2382590
-0.1926230
-0.0648529
-0.0732106
-0.0369091
0.0100889
0.0736361
0.0199431
-0.0458197
0.0011571
0.0447689
0.0601073
-0.0342849
0.0185614
0.0344912
0.0322938
0.0296271
0.0093041
-0.0146191
0.0076107
0.0310693
-0.0405496
-0.0126152
-0.0150021
0.0271716
-0.0005314
0.0381552
0.0246093
0.0504395
0.0338857
0.0425231
0.0521412
0.0164074
0.0471408
0.0542061
-0.0229407
-0.0576304
0.0208388
0.0115417
0.0347026
0.0134387
0.0526684
0.0363557
0.0253786
0.0297261
0.0001840
0.0347083
0.0246757
-0.0043768
-0.0281928
0.0037914
0.0126258
-0.0024290
0.0244644
-0.0393484
0.0029306
0.0342914
0.0043461
0.0046143
0.0005951
0.0420272
-0.0494731
-0.0301867
0.0454155
0.0316790
-0.0400076
0.0563273
0.0240972
0.0205391
-0.0462797
-0.0345154
0.0490532
-0.0101275
0.0231385
0.0427643
0.0238885
0.0267892
-0.0604939
-0.0255012
0.0171464
-0.0357517
-0.0292513
0.0453282
0.0532991
0.0278977
-0.0416802
-0.0198954
0.0454446
0.0727633
0.0202432
0.0276498
-0.1605907
0.3001699
0.2418932
-0.1415334
-0.0615967
0.0323022
0.0210105
0.0338006
-0.0340534
0.0084295
0.0379570
0.0656691
0.0119831
0.0000496
-0.0102681
0.0226454
-0.0263548
-0.0315708
0.0333273
-0.0515170
0.0194397
0.0294970
-0.0478385
0.0011577
-0.0071684
-0.0213172
-0.0036213
-0.0438489
0.0318791
0.0179651
0.0345931
-0.0015274
0.0459892
0.0124554
-0.0096039
-0.0435917
-0.0465189
-0.0451520
-0.0039528
0.0056340
-0.0351763
-0.0251655
0.0143611
-0.0266801
0.0040675
0.0036925
-0.0352180
-0.0244212
0.0143630
-0.0415921
-0.0080908
0.0015740
0.0526268
-0.0195716
0.0379735
-0.0390865
0.0482180
-0.0472988
-0.0256431
0.0124020
0.0339792
0.0158728
0.0069282
-0.0483281
-0.0090363
-0.0502669
0.0184260
-0.0304068
-0.0062134
-0.0392536
0.0200939
0.0421054
-0.0106341
0.0515523
-0.0405942
-0.0268152
0.0305074
-0.0600045
0.0100931
0.0402863
-0.0299141
-0.0045268
0.0201586
0.0087656
