-0.0039509
-0.0311071
-0.0425030
-0.0167695
0.0510224
0.0120813
0.0483251
0.0297707
0.0011707
0.0411282
-0.0045583
0.0499901
0.0513454
-0.0060318
-0.0442687
0.0338598
0.0045315
-0.0351414
-0.0126345
0.0362641
0.0523131
0.0208322
0.0624487
0.0169823
0.0223854
-0.0323728
-0.0147781
0.0165182
-0.0555235
0.0315566
-0.0128944
0.0131377
0.0406938
-0.0778085
-0.0936729
0.0719550
-0.1541898
-0.0586565
0.0013830
0.0310595
-0.0067240
-0.0288164
0.0035953
-0.0290928
-0.0509062
-0.0262373
0.0603003
-0.0399000
-0.0209706
-0.0434920
-0.0012997
-0.0516215
0.0323099
0.0352783
0.0446517
0.0557627
0.0575789
0.0088463
0.0295491
-0.0344800
-0.0455902
0.0022866
-0.0111692
0.0129305
-0.0406208
0.0220628
-0.0278418
-0.0126132
-0.0563311
-0.0607970
0.0155549
0.0699558
0.0513122
0.0963188
0.0356284
-0.1154979
-0.3089506
-0.3169731
-0.2243723
-0.0144438
0.3521000
0.6129848
-0.4285397
0.0371653
0.1549854
0.0626307
-0.0631663
-0.0778121
0.0016123
0.0645326
0.0729047
-0.0283142
0.0399720
0.0096226
0.0465010
-0.0102411
-0.0368031
0.0052104
-0.0487858
0.0331698
-0.0037146
-0.0367627
0.0082599
0.0157409
-0.0504085
0.0482971
0.0502945
-0.0187451
0.0029918
0.0042121
-0.0437511
0.0518536
0.0517387
-0.0517440
-0.0435516
-0.1255934
0.0847220
0.2463986
0.0576363
-0.2817117
0.1596268
0.0638450
-0.0882970
-0.0548247
-0.0648079
0.0302757
-0.0252936
-0.0206387
-0.0854706
-0.0726872
-0.0434896
-0.0573938
-0.0547918
0.0070898
0.0139523
-0.0285343
-0.0406049
-0.0346265
0.0011241
0.0397526
-0.0568308
0.0188542
0.0516655
-0.0298643
-0.0382706
-0.0461744
0.0019066
-0.0461595
0.0629095
-0.0057574
0.0181391
0.0176989
-0.0000545
-0.0137215
-0.0065595
-0.0239979
0.0587208
-0.0550657
0.0282823
-0.0046787
0.0603987
0.0781692
0.0629562
-0.0132925
-0.0302139
0.1900192
0.1518599
-0.2702326
-0.3294969
-0.3032801
0.1222768
0.2054916
0.1268761
-0.0051550
-0.0621820
-0.0650034
-0.0970640
-0.0042568
0.0297081
-0.0245628
-0.0347967
0.0427340
-0.0035663
-0.0534546
-0.0148302
0.0566653
0.0697055
0.0315608
0.0436005
0.0388704
0.0327746
-0.0533994
0.0461466
0.0810493
0.0360332
-0.0338497
-0.1233947
-0.1248107
-0.0568675
-0.0830258
