0.0769009
-0.0420060
0.0172260
0.0308654
-0.0236472
0.0895971
-0.0097694
-0.0887125
-0.1048108
-0.1077436
0.2889706
-0.0203346
-0.1669757
-0.1364848
-0.1099385
-0.0153597
0.0375550
0.0478111
-0.0106435
0.0317067
-0.0436483
-0.0366519
-0.0773414
0.0039559
-0.0565086
0.0010379
-0.0456742
-0.0539486
0.0209180
0.0352773
-0.0062871
0.0207342
0.0194431
-0.0510895
-0.0133241
0.0022495
0.0369402
-0.0300248
0.0358889
-0.0298681
0.0435774
0.0258873
0.0203826
-0.0521263
-0.0061903
-0.0011241
-0.0150944
0.0635119
-0.0532919
0.0640787
-0.0526937
-0.0103543
0.0489053
0.0241304
-0.0163305
-0.0336845
-0.0138853
-0.0067005
0.0044502
-0.0373946
0.0629328
-0.0230024
0.0400592
0.0542998
-0.0283229
-0.0352505
0.0083059
-0.0589844
0.0375533
0.0099914
-0.0469560
0.0209669
-0.0413048
0.0271090
-0.0175670
-0.0176866
0.0035774
0.0309534
0.0495549
-0.0159232
-0.0316702
0.0153918
-0.0530612
-0.0067365
0.0633474
-0.0006454
-0.0652751
0.0171654
-0.0148814
0.0728257
0.0713144
0.0390245
-0.1449262
-0.2170965
0.0593619
0.2341852
0.1902508
-0.1397175
-0.0711005
-0.1090097
-0.0334061
0.0875953
0.0039221
-0.0061447
0.0394778
-0.0670387
-0.0341355
-0.0406666
0.0030699
-0.0143140
-0.0586017
-0.0537787
-0.0577429
-0.0134107
-0.0525581
0.0334831
-0.0423173
-0.0576395
0.0040726
-0.0197105
0.0385825
-0.0181632
-0.0091576
-0.0478463
-0.0459952
0.0234652
0.0285506
-0.0157916
-0.0434669
0.0252334
0.0271447
-0.0350724
-0.0002548
0.0494472
0.0246121
-0.0473017
0.0148837
0.0039288
0.0266584
0.0521097
0.0145237
-0.0139981
-0.0432084
-0.0364500
-0.0157827
0.0658552
0.0268586
0.0047175
0.0471343
-0.0127278
0.0438664
0.0405159
0.0313223
0.0357819
-0.0155704
-0.0155904
-0.0128301
0.0139712
-0.0555522
-0.0371204
0.0608998
0.0406139
0.0339260
-0.0497679
0.0423971
-0.0145053
0.0202774
-0.0165751
-0.0235275
-0.0657542
-0.0103208
-0.0426728
0.0305270
0.0370240
0.0514856
-0.0487378
0.0190259
-0.0400320
0.0002971
0.0325905
0.0193274
0.0350109
0.1210571
-0.0004004
-0.0109004
-0.0612814
-0.1726466
-0.1622669
-0.0704042
0.2030742
-0.2389440
-0.0999310
0.0725375
-0.0073622
0.0138080
-0.0340358
-0.0362238
0.0230358
-0.0063543
-0.0482406
