0.1197689
-0.2730365
-0.1965683
-0.2495382
0.8117149
0.1286297
-0.5470188
0.2110096
0.3743355
0.3878421
-0.0938283
-0.2747421
-0.2280385
0.0401800
0.0168037
0.1244341
0.2321285
0.1060944
-0.1077106
-0.0734452
-0.2101117
-0.1158523
-0.0050153
0.0076246
0.1082891
0.1866078
-0.0800701
-0.2213230
-0.2361500
-0.2612778
-0.1966702
0.0870590
-0.2690317
-0.6836746
-0.3889570
0.0853484
-0.1142855
-0.2045629
0.0073879
0.0244898
0.0112632
0.0090174
0.0061080
0.2205706
0.0819120
-0.1706721
0.0265396
-0.0570429
0.0033970
-0.2360973
-0.2413280
-0.2279033
-0.1628533
0.6196725
-0.8393043
0.3093022
-0.2847746
-0.1188701
-0.0082742
0.0636386
0.0202036
0.0110195
-0.0856967
0.0664855
0.1027382
0.1884891
-0.0261326
0.0641022
-0.3526700
0.0960685
0.6603833
-0.0837205
-0.8395667
-0.7221780
-0.3675076
0.2448988
0.2962375
0.2897210
0.2034909
-0.1016885
0.0237203
-0.1533090
-0.1537943
-0.0567071
0.0441502
0.0213602
0.0373342
-0.1638153
0.0811404
0.0175983
0.1231816
-0.1487222
-0.3423812
-0.2105238
0.0982964
0.6979074
0.8726988
-0.5204219
-0.8536289
-0.8283145
0.1320803
0.1598334
0.1072783
-0.0880952
-0.2143222
-0.1166629
-0.0163212
0.0893131
0.1129968
-0.0554123
0.0404284
-0.0829687
-0.0005809
-0.1427714
-0.0584983
-0.1046484
-0.0088611
0.0475254
0.0402102
-0.0643120
-0.0554292
-0.1993892
0.6006742
-0.0896439
-0.8759772
0.3060625
0.2041111
-0.0211275
-0.0806067
-0.1015168
-0.1168751
-0.0154353
-0.0305052
0.0936445
-0.1295349
0.0042978
-0.0831349
0.0342206
-0.0763979
-0.0192050
-0.0572204
-0.0205093
-0.0845753
-0.0616511
-0.2467676
0.0078167
0.7181558
0.6172941
-0.8127615
-0.4649793
0.1003340
0.4974120
0.3884528
0.1521208
-0.0676932
-0.1991935
0.1195384
0.0355449
0.1766765
0.0455153
0.0040736
0.0517880
0.0959904
-0.3359336
-0.2714236
0.2051899
0.9379340
0.4043947
-0.2604638
-0.7967121
-0.6534043
-0.2520189
0.1459962
0.3094075
0.2886184
0.0606535
-0.0865961
-0.0910810
0.0874762
0.1773189
0.0606287
0.2066712
0.0649972
0.0562616
-0.1524431
-0.1443808
0.0356698
0.0215045
-0.0810387
0.0010457
-0.0134651
-0.0218008
-0.1199886
-0.2618858
-0.1970657
-0.4495491
-0.8939145
-0.3677553
0.1545782
0.4309165
