0.3449444
-0.1135934
-0.0824547
-0.0876432
0.0076135
-0.0038519
-0.0632048
-0.0317979
-0.0563029
0.0395788
-0.0182348
0.0493990
-0.0410525
0.0136228
-0.0071244
0.0070915
-0.0990360
-0.1042040
0.3113700
-0.0621329
-0.0281439
0.0698222
0.4017449
0.0885851
-0.4276062
0.1434960
-0.0125199
-0.1466612
0.0783615
0.0489159
0.0313522
-0.1342314
-0.1095231
-0.1118571
-0.0494936
-0.0229841
-0.0210011
-0.1059697
0.1098738
0.3287689
0.1848944
0.0304317
0.0276282
0.0740533
0.3103788
-0.2852867
0.2078875
-0.0554420
-0.1806192
0.0567180
-0.0758536
-0.0880576
0.0631012
0.0763781
0.0521872
0.0577523
0.1771815
-0.0558604
-0.1010500
-0.1983491
0.1965269
0.2213673
-0.0192525
0.0411516
-0.0231207
-0.0599930
-0.0492142
-0.0279981
-0.0020839
0.0615515
-0.0829834
0.0054163
-0.1457651
-0.2587239
-0.0428346
0.1174325
-0.0836959
0.1266102
0.3245650
0.3974521
0.2245379
-0.4804132
0.0218388
-0.0579260
0.0876035
0.0192268
0.0753171
-0.1383581
0.0150392
-0.0713221
0.0921573
0.0310186
-0.1755865
-0.1467785
0.0767948
0.2652473
-0.0125059
0.1784048
0.1506646
0.1720106
-0.4248762
0.2168949
0.1752720
0.0974660
0.0065631
0.0603601
0.0603808
-0.0486793
-0.1051267
0.0749223
0.0508610
0.0096541
0.0587143
0.1285792
-0.0355711
0.0095426
-0.2859790
0.1394325
0.0641591
0.1604401
-0.5857088
0.0719454
0.1664663
0.1276061
-0.0739462
-0.1136982
0.0057699
0.1099634
-0.0287453
0.0208765
0.0960100
-0.0654686
0.0059729
-0.0264767
-0.0628408
0.1677758
0.1426210
0.2154535
0.1151182
0.1332036
0.1964527
0.0835298
-0.0766962
0.0107144
0.0669140
0.1228806
-0.0546247
-0.1021066
0.1378035
-0.0232748
0.0809969
0.1133404
0.0228924
-0.0317918
-0.1525089
0.1981961
0.0188048
-0.5448565
-0.3563914
0.1172479
-0.0975228
0.0335929
-0.0723430
0.1268549
0.0103191
-0.0670076
0.0632445
-0.0330664
0.0478770
-0.0560722
-0.2091003
-0.2413031
-0.0606508
0.1731998
-0.1165624
0.1186518
-0.2688423
-0.4222674
0.1523844
0.0198033
0.0404680
0.0372089
-0.0898830
-0.1601681
0.0564018
-0.0948251
0.0646784
0.0215407
-0.0089479
-0.0548258
-0.0542563
0.1108028
0.0951054
0.0099799
-0.0111727
0.1380037
-0.0259572
0.1935598
0.3261026
0.0937473
