0.4693433
-0.1705155
-0.8423908
-0.0801667
0.4166432
0.0739979
-0.2003948
-0.0457217
-0.0667145
-0.0037518
0.0330265
0.1519666
-0.1022801
-0.1239044
0.0936953
-0.0469300
-0.1040852
0.0841043
0.1106781
-0.0701387
-0.0275518
-0.0554194
-0.0735412
0.1322599
0.0794487
0.0581167
0.0778717
0.0111031
-0.0640365
0.1370413
-0.0637066
-0.0450562
0.0733470
-0.1706111
-0.0974256
0.4728325
0.4559041
-0.8724996
0.2711488
0.2706949
0.3609315
0.1929240
0.1972547
0.1306911
-0.0538553
-0.1396025
0.0466378
-0.0258858
-0.1435816
-0.1330424
-0.1508834
0.0465194
-0.0831934
-0.0090589
-0.0509175
0.0155019
-0.1127404
0.0983652
0.0792690
0.0108690
-0.1969161
-0.1863790
-0.2508522
0.4988817
-0.4100286
0.0133718
0.2337324
0.0711444
-0.0991689
0.0374429
0.0222223
-0.0293739
0.1093612
0.0870527
-0.0766763
0.0552943
0.0359983
-0.1172142
-0.0388322
0.0367504
-0.0997267
-0.0401993
-0.0019881
-0.0659308
-0.0760329
0.0931339
-0.0046532
-0.0148975
0.1047959
0.1731629
-0.0634592
0.0808441
-0.2228880
-0.1911214
-0.0685083
0.2767725
0.3641908
-0.1629958
-0.6442571
-0.7225098
-0.1380452
0.2444036
0.0201350
-0.0473377
0.0034180
-0.0188822
-0.0252698
0.0018739
0.0355601
0.0646666
-0.0389655
0.0445941
-0.0679741
-0.1328505
-0.1190216
0.0860602
-0.0332011
0.1261678
-0.0113095
0.0290899
-0.1408012
-0.0906061
0.0712442
-0.0687804
-0.0336625
-0.1217888
0.0328695
0.3972043
0.5932357
0.3846113
-0.1220866
-0.2232646
-0.2262503
-0.0076516
-0.0701754
0.0191862
-0.1215379
0.1018171
0.0286897
-0.1258632
0.0225190
0.0737565
0.0697296
-0.0262901
0.1226730
0.0215709
0.0296385
0.0177059
-0.0687665
0.0226574
0.0218597
0.0355634
0.0346206
0.0767077
0.0818606
0.1217863
-0.0925763
-0.0038953
0.0287454
0.7752645
-0.2034121
0.3162103
0.3681427
-0.0066307
0.0434230
0.1448350
0.1340478
-0.0223407
0.0724740
0.0897042
-0.0483255
-0.0069938
-0.0062310
-0.0569245
-0.0617997
-0.0897408
-0.0996621
0.0645601
-0.0769493
-0.0525272
0.0787867
-0.1414955
-0.0075497
-0.0088843
-0.1013200
0.0803591
-0.0597079
-0.0322206
0.0450295
0.0255304
-0.2294381
-0.2517666
0.1232002
0.6352122
0.9251259
-0.6210537
0.1236257
0.4258867
0.3773456
0.3021444
