-0.0743525
0.0370278
-0.0106113
0.0127373
0.1422622
0.0500659
0.0864322
-0.0860625
-0.1747359
-0.0218281
0.0255089
0.1456787
-0.2890496
-0.3073176
-0.2872949
-0.1040680
0.1875161
0.0437576
0.0019151
-0.0489571
-0.1387008
0.0001677
0.0687230
-0.1393870
0.0823891
0.1429450
-0.0351848
-0.0438827
-0.1466341
-0.0284469
-0.0709432
0.1442707
0.1463687
0.0402031
-0.2601398
0.1490372
0.1883024
-0.1885250
0.0897063
0.0009073
0.1264270
0.1253101
0.1614621
0.0662757
0.1357714
-0.0629069
0.1160255
-0.0400548
-0.1009110
0.0115562
-0.0633592
-0.0817922
0.1094551
0.1610769
-0.2530715
0.2732328
-0.4532663
-0.0330182
0.0488375
0.1116245
-0.0661098
0.0092478
-0.0714766
0.1322072
-0.0334632
0.0067698
-0.1022874
-0.0650435
-0.0171951
0.0801514
-0.0578203
-0.2067481
-0.0512360
-0.0053462
0.2343423
0.0390350
0.1665892
-0.1494354
-0.3094412
-0.3110856
-0.3043622
0.1012327
0.1510917
0.0220228
-0.0184680
-0.1033697
0.0431412
-0.0254504
-0.0194208
-0.0285242
-0.0629009
0.1068387
0.1097473
0.0778286
-0.0320855
-0.1322594
-0.0722690
0.0562219
0.2467937
0.2766080
0.1812157
0.1111560
0.1065965
0.1993568
0.2107269
0.0295892
-0.1003841
-0.1702913
0.0202595
-0.0100858
-0.0432736
-0.0398263
-0.0844976
-0.0593224
-0.0248632
-0.0425275
0.1255126
0.0593249
-0.1779763
-0.1721901
0.2259290
0.1906435
0.0518079
0.2185595
0.2792704
-0.0749658
0.0160462
-0.1221457
-0.0588532
0.0837017
-0.0549467
0.1224547
-0.0334826
0.1314274
0.0820575
0.0704476
0.0569168
0.0829278
0.1192733
0.2406524
0.2610919
0.2923873
-0.3646563
-0.1340677
0.1018930
0.0682196
0.0362716
-0.1010682
-0.0994654
-0.0298851
-0.0209137
0.0187390
-0.0166031
-0.0534895
-0.0681665
-0.0369724
0.0444338
0.0348243
0.1449034
-0.1889501
0.2288964
0.4056838
-0.1947381
0.2407919
0.0701992
-0.0282241
-0.0590663
-0.0625800
-0.1575527
-0.0865317
-0.0093195
0.1314411
0.1048736
0.1061997
-0.0471273
-0.0590367
-0.0657290
0.1149104
0.1618429
0.0972234
0.0186627
0.0440028
-0.1279422
-0.1716294
0.1493833
0.0787635
0.3225365
0.2738756
-0.0195581
-0.2292401
0.1657903
0.1990638
-0.0891605
-0.1521772
0.0012564
-0.0349248
0.1136365
0.0564456
-0.0640060
0.0916709
