0.3085694
0.0196184
0.0370724
-0.0257651
0.0464813
0.0051936
-0.1619788
-0.0056013
0.1000277
-0.1169458
-0.0616118
-0.0124453
-0.1102509
0.0935919
0.0779858
-0.0808560
-0.3647951
-0.0883384
0.1698951
-0.0823888
-0.0662749
-0.1185167
0.0662238
-0.0244291
-0.0014059
0.0851880
-0.0314085
0.0052458
0.1175130
-0.1156281
-0.0185978
0.0648169
0.0542262
-0.1856336
-0.1292985
0.0478422
0.0113391
-0.0546303
0.0397499
0.1156144
0.0391085
-0.0393078
-0.0300088
0.0488374
0.1060533
-0.0715575
-0.0666300
0.0741723
0.0373862
0.6256158
0.0990592
-0.0985688
-0.0062886
-0.0769643
-0.1329925
0.1511248
0.1460612
-0.0712204
-0.2496140
0.2846486
-0.5877199
-0.0946384
0.2842351
-0.1736514
-0.1214030
-0.0004750
0.1154146
0.1794942
0.0814451
0.1419241
0.0735780
-0.2742384
-0.2478458
0.2684422
0.3684459
-0.3583014
-0.1278902
0.1830497
0.0277603
-0.1139825
-0.0285224
-0.0153315
0.6132659
-0.4707622
0.1488513
0.0052164
0.0642611
-0.0786684
0.1522104
0.1339628
-0.0302870
0.1031317
-0.0098299
0.0516587
-0.3071785
0.3056137
0.1658902
0.0476903
0.0214508
0.0406862
