0.0794235
0.1489061
0.0654517
-0.0807096
-0.0707607
-0.0762862
-0.0024774
0.0395961
0.0620964
0.0203063
0.0507833
-0.0036152
-0.0352665
0.0725937
0.0770485
-0.0102964
-0.0476742
-0.0655172
0.0203034
0.0716407
-0.0111392
-0.0191107
-0.0690772
0.0028576
-0.0606013
0.0709684
0.0107617
0.0101276
-0.0661299
-0.0475324
-0.0490945
-0.0003211
0.0218585
-0.0273623
0.0578891
-0.0095682
0.0253572
-0.0012798
-0.0106078
-0.0216013
0.0731336
0.0100397
-0.0321653
0.0789354
-0.0008272
-0.0046795
0.0793257
0.0113567
-0.0539886
0.0114573
-0.0567434
0.0103657
-0.0278249
-0.0019522
0.0051039
-0.0243707
0.0269219
0.0978840
0.0375829
-0.1486435
-0.2884284
-0.1900920
-0.0751304
-0.4385835
-0.1890748
0.0588722
0.1050012
0.0467580
-0.0928864
-0.0314486
0.0298928
0.0751519
0.0024931
-0.0397146
-0.0156857
-0.0335587
-0.0384543
0.0548158
-0.0440766
-0.0662993
0.0622877
0.0394390
-0.0393760
-0.0054557
-0.0400645
-0.0772353
-0.0426433
-0.0045551
-0.0744275
-0.0642299
0.0263794
-0.0265192
0.0716216
0.0692861
0.0338370
-0.0049815
-0.0342037
0.0487351
0.0396902
-0.0415372
0.0076501
0.0466289
0.0322268
-0.0533076
0.0356296
-0.0626738
0.0360993
-0.0124575
-0.0434269
0.0613065
-0.0231930
0.0487216
0.0197152
-0.0507743
-0.0608426
-0.0505873
-0.0104229
-0.0327158
-0.0555616
0.0349423
-0.0264393
-0.0402431
-0.0140424
0.0343015
0.0940889
-0.1391926
-0.1987528
-0.0682860
0.1264297
0.4239170
0.4253600
0.1607638
0.0680465
-0.0014538
0.0198780
-0.0109408
-0.0359267
0.0495925
0.0917120
-0.0274288
-0.0136290
0.0241911
-0.0382696
-0.0118565
-0.0751135
-0.0333624
0.0696069
-0.0369360
-0.0636004
-0.0020870
-0.0158035
-0.0777704
-0.0494370
-0.0615325
0.0735522
-0.0769854
0.0392539
-0.0355879
0.0487282
-0.0030935
-0.0017274
0.0026717
-0.0676709
-0.0513745
0.0778450
-0.0432757
0.0459379
-0.0647830
0.0165436
-0.0487978
0.0760459
-0.0502947
0.0000420
0.0332700
-0.0214748
0.0060836
0.0675541
-0.0163566
-0.0814247
-0.0636691
-0.0314003
0.0273622
-0.0247635
0.0089790
-0.0172294
0.0689158
0.0304697
-0.0335547
-0.0864993
-0.1188841
0.0036501
0.0874034
-0.0407910
0.0247387
-0.1377989
0.0216616
0.2503739
0.3023304
-0.1072663
-0.3528649
