0.5305604
-0.0823161
-0.0015050
-0.0448713
0.0949124
0.0788235
0.0704593
0.0582321
0.0279631
-0.0151495
-0.0646889
0.0038101
0.0447828
0.0272679
-0.0002092
-0.0702481
-0.0486374
-0.0378396
-0.0211343
0.0431333
0.0045154
-0.0400080
-0.0427638
-0.0484251
-0.0088417
-0.0250288
0.0209669
-0.0686382
0.0482267
-0.0006621
0.0274495
-0.0407972
0.0645546
0.0118226
0.0597981
-0.0445465
0.0032728
0.1331214
-0.2049601
0.3265018
0.4234051
0.4197996
0.0861810
-0.1790493
-0.3492277
-0.4021839
-0.2846612
0.0557403
-0.1187458
0.0294964
0.0170626
0.0268233
-0.0352680
-0.0779747
-0.0069485
0.0695169
0.0217155
-0.0702756
0.0499668
-0.0614312
-0.0146255
0.0384443
-0.1185808
0.0660247
0.0665775
-0.0317215
0.0708230
0.0635773
0.0449765
-0.0053472
-0.0061943
-0.0223650
-0.0992338
0.0400413
-0.0470145
0.0702238
0.0184612
-0.0074751
-0.1035510
-0.1170827
0.1016159
-0.2030093
0.0747128
0.0216168
0.0681998
-0.0198050
-0.0399539
0.0185677
0.0073326
-0.0234247
0.0491505
0.0340250
-0.0019114
0.0355600
-0.0130096
-0.0450376
0.0519465
0.0223347
-0.0506180
-0.0395294
