0.6502781
-0.0223022
0.0859129
-0.0325164
0.0295494
0.0479151
-0.0996162
0.0835263
-0.1070530
-0.0601411
0.0511867
-0.0146320
-0.0305168
0.1201736
0.3084740
-0.2052929
-0.1386459
-0.0073504
0.0396839
-0.0637310
-0.0324618
-0.0867406
-0.1172424
-0.1511829
-0.1039855
-0.0256702
-0.0158450
-0.1117304
-0.0201504
-0.0493796
-0.0107917
-0.0271666
-0.0467737
0.3649540
-0.7674347
-0.2286039
0.0682045
0.0007093
-0.0778863
-0.0956901
0.0083482
0.0305590
0.0554400
0.1196147
-0.0994359
-0.0877426
-0.0631287
-0.1008452
-0.1793503
-0.9248100
0.0381968
0.0579571
-0.0101096
0.0708609
0.0950250
0.1017605
0.1064850
0.1563323
0.0511413
-0.1688049
0.1122676
0.6020682
0.4549531
0.4374924
0.1565566
0.1324427
-0.2614416
-0.1575269
0.0563914
-0.0779947
-0.0576430
0.0837958
0.1115099
-0.0575846
0.0139544
-0.0205492
0.0600489
-0.0368134
-0.1739124
-0.2045633
0.2352287
-0.0527610
-0.1003203
-0.0240287
-0.1065512
0.0415874
-0.0838543
0.1152671
0.1134924
0.0383785
-0.0637571
0.3351230
-0.1580335
-0.0752881
0.0055966
0.1514746
0.0772717
-0.0831698
0.0460844
-0.0105124
