0.2287414
-0.0109997
-0.0235672
0.0119020
0.0489937
-0.0072060
0.0260648
0.0339923
-0.0051211
0.0018106
0.0324193
-0.0071523
-0.0127049
0.0250817
-0.0050070
-0.0160693
-0.0285264
-0.0011309
0.0011550
-0.0017225
0.0014499
-0.0373347
-0.0195396
0.0103552
-0.0137451
0.0107128
-0.0216671
0.0138298
0.0273018
0.0059587
-0.0322477
-0.0230230
0.0311797
0.0107846
-0.0168000
0.0230681
-0.0219362
0.0189175
-0.0485722
-0.1374436
-0.0731214
0.0734207
0.2822418
0.2628405
0.1215967
-0.0427370
-0.2217910
-0.0624018
0.0197887
-0.0269939
0.0221517
-0.0010789
0.0128907
-0.0291917
0.0114801
0.0224803
-0.0061061
-0.0204642
0.0249477
0.0231354
-0.0019045
0.0181620
0.0175349
-0.0037822
0.0299421
-0.0239930
0.0069115
0.0002575
-0.0176767
-0.0283604
0.0432307
0.0156109
-0.0030478
-0.0006678
-0.0125581
-0.0357089
0.0266884
0.0586195
-0.0465611
-0.1558819
0.3073686
-0.0285264
-0.0041119
-0.0004936
0.0400129
0.0152611
-0.0149446
-0.0081385
-0.0097555
0.0124151
0.0124359
-0.0260227
0.0214492
0.0093787
0.0122259
-0.0106637
-0.0223309
-0.0033939
0.0172553
-0.0041948
