0.0789823
0.0892144
0.0367317
-0.0596431
-0.0852231
-0.2063384
0.1107657
0.8228349
0.1987402
-0.6866031
0.0649141
0.1678400
0.1145969
0.1097460
0.0409717
-0.1306114
0.0080873
-0.0436711
0.0453970
0.0547167
0.0197955
0.0327174
-0.1103258
0.0488637
0.0058301
-0.0101724
0.2657442
0.0576935
-0.1057452
-0.5596254
-0.6904777
-0.7253842
0.1840405
-0.1281744
-0.0927329
-0.0786771
0.0733728
-0.1043199
-0.0056526
-0.0263294
-0.1353171
-0.0198874
0.0075314
-0.1316070
0.0300590
0.0310935
0.0245496
-0.1231594
-0.3176269
-0.1340606
0.2255904
0.7290624
-0.4075852
0.0364433
0.0031680
-0.0442375
-0.0510375
-0.0422078
-0.0602549
0.1395062
0.1115491
-0.0122166
0.1684925
-0.3204021
-0.3163101
0.8047938
0.2527852
-0.3286872
-0.0086010
0.1366040
-0.0333009
-0.0480306
0.0530510
-0.0039873
-0.0967001
-0.0140507
-0.1494268
-0.0824035
-0.0021141
-0.1291711
0.0681687
0.2565620
0.1959263
-0.4248841
0.0113790
0.1157259
-0.0048623
0.5628110
-0.5542538
-0.0321372
0.0645773
0.0120397
-0.0014822
-0.0305430
0.0952556
-0.1013096
0.0127127
0.0929143
0.0779088
0.0249453
-0.0269070
0.0336313
0.0526203
-0.0133881
0.1016526
-0.2256632
-0.4096259
-0.2892953
0.7972378
1.1347962
-0.5573481
-0.1397200
-0.1410226
0.1813010
0.1786453
0.0678449
-0.0599982
-0.0360970
-0.0951666
0.0330463
0.0050695
0.0582153
-0.0444749
-0.2162722
-0.1542769
0.6595649
-0.5895165
-0.7589083
-0.3142084
0.0821381
-0.1344769
-0.1177224
-0.2881393
-0.1694355
-0.0873988
0.0262805
0.2235460
-0.1191085
0.0590775
-0.0997304
-0.0399406
0.1079558
-0.1902846
-0.0410405
0.0127492
0.6358274
-0.3176624
-0.3480398
-0.0354827
0.1342426
0.1226097
0.1725803
0.1076586
-0.0003318
-0.1362403
-0.1337813
0.0253463
-0.0349124
-0.0375842
-0.0093214
0.1268876
0.2375730
-0.4129999
0.1343041
0.0877582
0.0073200
-0.0067095
0.0077288
-0.0043321
0.0388840
0.0454174
-0.0182035
0.0121941
0.0568144
0.0300215
-0.0218842
0.0667793
0.0038729
0.0481005
0.0776513
-0.0520319
0.0872384
-0.0761313
-0.0531262
-0.1616332
-0.0093632
0.9109050
0.7190584
0.0602585
-0.5518933
-0.0376294
0.1946627
-0.0817781
0.0534963
-0.1790071
0.1546875
0.0878476
0.0566078
0.0091971
0.1206511
