-0.0480230
-0.1139505
-0.0401604
-0.1027479
0.0883788
0.0560796
-0.0440075
0.0923240
-0.0205768
-0.0680607
-0.1114236
0.0480685
0.1601474
0.0612719
0.0468363
-0.0180505
-0.0367821
0.0526724
-0.2348666
-0.1660416
-0.0984115
-0.0323576
0.1896531
0.5669623
0.8027558
-0.4494046
0.3852786
0.1605038
0.1496842
0.0470204
-0.1395956
-0.0413117
-0.0383409
0.0440379
0.1407090
0.0592200
-0.0393698
-0.0041629
0.0346747
0.0386612
0.0174911
-0.0897154
-0.0759071
0.0735548
0.1248597
0.0225977
-0.0163060
0.0495448
0.1361430
0.1499820
-0.0529656
-0.0428273
-0.0634776
-0.0340845
0.7167601
-1.1862117
0.2058197
-0.0235939
-0.2339176
0.0650397
0.0124467
-0.0340041
-0.0349256
-0.1504276
-0.0695816
-0.0341234
-0.0731409
0.0615984
-0.0917185
-0.0802218
-0.0996290
0.0610281
-0.0993372
0.0022737
-0.0849629
0.0958152
0.0753679
-0.0412614
0.1170043
0.0734735
-0.0808515
-0.1531078
-0.1932373
0.4276807
-0.2299776
-0.7949835
0.4026926
0.2098355
0.1115361
-0.1288342
-0.0127851
-0.0182577
0.1430640
0.1356367
0.0762858
-0.0536225
-0.0183705
-0.0400098
0.0021767
-0.0624905
-0.0139008
0.1145397
0.0291055
0.0347425
-0.0918219
-0.1579534
-0.0955181
0.0248643
0.0964758
-0.0147535
0.0960651
0.0457462
-0.2590238
-0.1562151
0.0733946
0.3179091
-0.7309982
0.2922864
0.3348743
0.1891194
-0.1328592
-0.1626146
0.1138138
-0.0036149
0.1659349
-0.1236592
-0.0402311
-0.0902235
-0.0661534
0.0619647
0.0010815
0.0984144
0.1508281
0.1894517
0.0342027
-0.0398824
-0.0508501
-0.2039773
-0.0628732
0.0841659
0.4957001
0.6427370
-0.4804669
-0.8711241
0.3673926
0.1449952
-0.0260377
-0.1473952
-0.1383073
-0.0853579
-0.1119064
0.0507348
0.1638840
0.1771679
0.0756157
-0.1579911
0.1162257
0.1178538
0.1024598
0.0917916
-0.1075145
-0.0331001
0.0468281
-0.0121295
-0.0747480
-0.1198562
-0.0387856
0.2990534
0.6732496
0.6173538
-0.1534634
-0.7701583
-0.9878447
0.4249355
0.4091410
0.1780066
-0.1184102
-0.0414437
-0.2179988
-0.0619051
0.0518446
-0.0199359
0.1567351
-0.0170159
0.0775274
-0.1423122
-0.0828026
-0.0123071
-0.0852871
-0.0219697
-0.0501811
-0.0581655
-0.0683056
0.0381196
-0.0101979
-0.0461405
0.0907920
0.1731500
0.0952022
0.0012322
