0.1565387
-0.0466676
-0.0413522
0.0147060
-0.0097371
-0.0206664
-0.0108250
0.0109297
0.0107933
-0.0052634
0.0034258
-0.0372691
-0.0151361
-0.0231357
0.0361631
0.0083947
-0.0002912
-0.0008605
-0.0038520
0.0010101
-0.0039016
-0.0151313
-0.0083396
-0.0255176
0.0247860
0.0127707
0.0155631
0.0082377
0.0227008
-0.0185023
0.0132882
-0.0212288
0.0176938
0.0404849
0.0273123
0.0164448
0.0181857
-0.0105075
0.0068247
-0.0239215
-0.0084378
0.0082274
-0.0532916
-0.0374210
-0.0062134
-0.0254559
-0.0035649
0.0265124
-0.1713184
0.0092636
-0.0403596
0.0204730
0.0309394
-0.0008979
0.0010779
0.0286939
0.0021929
0.0098688
0.0309727
-0.0048674
-0.0259277
-0.0109174
0.0106001
-0.0163270
0.0009242
0.0235385
0.0148302
0.0012737
0.0277496
0.0241588
0.0031273
0.0218914
0.0209421
0.0020474
0.0006858
-0.0132888
0.0111737
0.0121372
0.0059132
0.0241066
-0.0006117
0.0025530
-0.0372899
0.2065303
0.0252693
0.0278162
-0.0539195
-0.0360873
-0.0018591
0.0113835
0.0381303
0.0050082
0.0247111
-0.0109731
0.0095715
-0.0442162
0.0082640
-0.0116740
-0.0044566
0.0264773
