0.3217568
-0.0174258
-0.0537917
0.0120554
0.0419252
-0.0166019
-0.0136798
0.0250526
0.0051366
-0.0032122
0.0117947
-0.0144485
0.0220067
0.0347101
-0.0384839
0.0153958
-0.0057619
0.0201269
0.0230434
-0.0175189
0.0280759
0.0188835
0.0121848
-0.0277687
0.0224225
-0.0244421
0.0057629
0.0290496
0.0077673
0.0026315
-0.0141879
-0.0140323
0.0139322
-0.0170333
0.0219157
-0.0313645
-0.0418474
0.0398502
-0.1310265
-0.0452999
0.0953790
0.2914219
0.2378786
0.0484746
-0.1533168
-0.2135373
-0.1557993
0.0191852
-0.0298689
-0.0261624
0.0293621
-0.0034148
-0.0150704
-0.0093205
0.0175799
0.0066542
0.0097715
0.0184638
0.0238814
0.0191175
-0.0281718
-0.0255192
-0.0232478
-0.0159947
-0.0392119
-0.0205551
-0.0175508
-0.0052536
0.0275142
0.0114138
0.0017148
0.0106513
-0.0043337
-0.0168001
-0.0258494
-0.0129673
-0.0212960
0.0392308
-0.0019625
-0.0240591
-0.0275827
-0.0126413
0.0265892
-0.0442677
-0.0098742
-0.0047571
-0.0072125
0.0048644
0.0061695
-0.0095258
0.0220119
0.0141746
0.0042183
-0.0109948
0.0122625
0.0075089
0.0264958
-0.0292469
-0.0042813
-0.0198682
