0.2888425
0.0086097
0.0020086
-0.0208957
0.0054130
0.0082925
0.0147852
-0.0130871
-0.0227050
0.0139927
-0.0247440
0.0078137
-0.0291565
0.0043987
-0.0123038
-0.0115416
0.0108532
-0.0038270
-0.0240611
-0.0255874
0.0155951
-0.0383051
0.0054099
0.0189425
0.0250613
-0.0152784
0.0227021
0.0060847
-0.0186271
-0.0028460
-0.0084336
-0.0077214
0.0103476
-0.0014847
0.0110773
-0.0144210
0.0107913
-0.0093018
0.0275321
0.0715921
0.0730697
0.0541267
-0.0051068
-0.0388550
-0.0533991
-0.1220524
-0.1611001
0.0758229
0.0388367
-0.0122687
0.0062081
-0.0232646
-0.0256035
0.0070980
-0.0127468
-0.0199255
-0.0079463
-0.0106146
-0.0128514
-0.0057814
-0.0364843
-0.0081138
0.0269027
0.0241091
-0.0097897
0.0087263
-0.0168111
-0.0405165
0.0084528
-0.0053988
-0.0128345
0.0069883
0.0153649
-0.0287046
-0.0354946
0.0065292
-0.0116358
0.0262108
0.0123779
-0.0182537
0.0346136
-0.0673869
0.0123971
-0.0586223
0.0326134
0.0401938
-0.0469599
0.0100086
0.0088419
0.0048661
0.0352269
0.0021784
-0.0164583
0.0087710
-0.0115395
0.0196475
-0.0229923
0.0285525
-0.0178429
0.0352404
