-0.0222943
-0.0643226
0.0263081
-0.0121580
0.0058483
0.0469706
0.0069423
-0.1940968
-0.2038367
0.1884187
-0.2223784
-0.0944585
-0.0244613
-0.0431419
-0.0110218
0.0722626
0.0580212
0.0145259
0.0082615
0.0019172
-0.0498458
-0.0146064
-0.0257249
0.0054698
0.0363498
-0.0113609
-0.0340548
-0.0404503
0.0238529
-0.0022224
0.0335552
0.0005753
0.0041401
-0.0189052
0.0391875
0.0090610
-0.0250020
0.0101619
0.0513240
0.0047966
0.0335504
-0.0406159
0.0462794
-0.0430173
-0.0379901
0.0304614
-0.0189099
-0.0355573
-0.0389306
-0.0132595
0.0531901
-0.0203695
-0.0181812
0.0109321
-0.0185361
0.0043702
-0.0278481
0.0315871
0.0310575
-0.0013309
-0.0098432
-0.0021285
0.0486719
0.0268523
0.0207183
0.0495709
0.0052950
0.0882950
0.0129376
-0.0994290
-0.1294463
0.4480057
0.0329269
-0.2236886
-0.2045975
-0.0918919
-0.0336202
0.0086245
0.0110116
0.0432581
0.0712455
0.0324438
-0.0425593
-0.0025350
0.0352853
-0.0145302
0.0252276
-0.0229776
0.0058323
0.0461508
0.0158343
0.0294765
0.0201959
0.0442865
0.0149191
-0.0276036
-0.0311552
0.0188106
-0.0169376
-0.0118953
0.0017871
0.0079647
-0.0035463
-0.0152457
-0.0525080
0.0263844
0.0444822
-0.0214305
0.0286622
0.0492987
-0.0123440
-0.0183735
-0.0203809
-0.0303431
-0.0290143
0.0178795
0.0244277
-0.0349915
-0.0061870
0.0034507
0.0357083
0.0609043
-0.0358916
-0.0420608
-0.0410610
-0.0055051
0.0825140
-0.0066289
-0.0072195
-0.0258963
-0.0533559
-0.2741300
-0.0579439
0.0344715
0.0386645
0.0724119
0.0284688
-0.0380299
0.0016348
-0.0159450
-0.0178993
-0.0024488
-0.0014943
0.0256315
0.0442333
0.0090919
-0.0358607
-0.0363318
0.0269860
0.0184229
0.0391962
0.0437712
-0.0018556
-0.0391590
-0.0014882
-0.0387479
0.0399804
0.0478511
-0.0317160
-0.0209355
0.0141439
-0.0362210
-0.0237369
0.0220454
-0.0285008
0.0085682
-0.0062263
0.0011479
-0.0182344
-0.0498784
-0.0320000
0.0412536
-0.0061884
-0.0126591
0.0535801
0.0459885
0.0021111
0.0122482
-0.0405765
0.0565220
0.0689362
0.0706396
0.0638423
0.0223836
-0.0051042
-0.0550987
-0.2168940
-0.0662863
0.2933662
0.4901800
-0.2509830
0.0483100
0.0872493
0.0168730
-0.0035685
-0.0488629
-0.0269560
-0.0236882
0.0000014
0.0263025
