0.1866794
-0.0010712
-0.0190039
-0.0267546
-0.0235353
0.0007118
-0.0116110
-0.0149233
0.0145844
0.0036464
0.0048073
0.0172763
-0.0052244
0.0154027
0.0129551
0.0008639
0.0006499
0.0095481
-0.0045158
0.0125715
0.0093476
0.0081465
0.0040022
-0.0021485
-0.0095189
-0.0163861
-0.0132305
0.0070532
-0.0221116
0.0071854
0.0130941
0.0162119
-0.0099247
0.0068774
0.0046111
0.0012822
0.0272169
0.0407264
-0.0910084
0.1419362
0.2095880
0.1673433
-0.0072221
-0.1001710
-0.1193891
-0.1292570
-0.0012276
-0.0062376
-0.0006489
-0.0039333
0.0038859
0.0068256
-0.0163340
-0.0277160
0.0004209
0.0046700
0.0012164
0.0122315
0.0137542
-0.0094889
0.0027914
-0.0111119
-0.0056721
0.0106045
0.0094772
-0.0277874
0.0106917
-0.0072939
-0.0066313
-0.0123766
-0.0153195
-0.0111441
0.0033920
0.0049245
0.0086250
0.0104344
0.0123976
-0.0034338
-0.0127665
-0.0249422
0.0469718
-0.0966648
-0.0011183
-0.0201750
0.0116104
0.0031138
0.0023103
-0.0090090
-0.0161651
0.0013452
-0.0029933
-0.0155233
0.0158288
-0.0105654
-0.0090174
0.0058191
-0.0012118
0.0197540
0.0091253
-0.0039365
