0.1425491
-0.0073968
-0.0350616
-0.0018972
-0.0053652
0.0227277
0.0212425
-0.0093538
-0.0029182
0.0192274
0.0044421
0.0111594
-0.0138756
-0.0021232
-0.0046842
0.0101329
-0.0067656
0.0065271
0.0138491
0.0046296
-0.0188809
-0.0144741
-0.0016732
-0.0029431
0.0187459
0.0076063
0.0122745
0.0121752
-0.0046530
-0.0066953
-0.0118386
0.0097004
-0.0031986
-0.0203431
-0.0040310
-0.0162007
0.0031096
0.0403685
-0.0778694
0.0031380
0.0917313
0.1703402
0.1456299
0.0636126
-0.0252552
-0.0739170
-0.0761093
-0.0418910
-0.0231626
0.0060171
-0.0073053
0.0195294
-0.0057599
0.0114513
-0.0069568
-0.0068194
-0.0037733
-0.0219142
-0.0003526
-0.0156736
-0.0008722
0.0225784
0.0038173
0.0003593
0.0021670
0.0115272
0.0019214
-0.0093496
-0.0204287
0.0029794
-0.0130702
-0.0088798
-0.0145193
-0.0024731
-0.0216475
0.0027288
-0.0094568
0.0058840
-0.0117241
0.0026505
-0.0194197
0.1883924
0.0372206
0.0102617
-0.0234534
-0.0170623
0.0189221
0.0086808
-0.0163375
-0.0085529
-0.0085048
0.0118736
-0.0075803
-0.0064555
-0.0101741
0.0267137
0.0022554
-0.0005632
-0.0040107
0.0053214
