0.2428912
-0.0117515
0.0068511
0.0198188
0.0212651
-0.0157637
0.0039804
-0.0055733
-0.0180972
0.0132577
-0.0276597
0.0061885
-0.0252913
-0.0151098
-0.0234454
-0.0309579
-0.0098747
-0.0112276
0.0050438
-0.0017672
-0.0110007
-0.0138319
-0.0100087
-0.0185618
0.0264101
-0.0083889
0.0283681
-0.0033632
-0.0044422
0.0245979
0.0191376
-0.0046676
0.0000791
-0.0012451
0.0066931
0.0017577
-0.0239971
0.0806269
-0.1853338
0.2559351
0.0821660
-0.0662707
-0.0994302
-0.0683762
-0.0380300
-0.0153174
0.0044012
0.0243364
0.0290271
-0.0017391
-0.0166354
0.0096758
-0.0080555
0.0029898
0.0077058
-0.0157534
0.0139026
0.0093490
-0.0059987
0.0007122
0.0215287
-0.0025419
-0.0029485
-0.0136632
0.0183984
-0.0080716
0.0085052
0.0283070
-0.0049991
0.0045198
0.0036530
-0.0041027
0.0126483
0.0180347
-0.0235005
-0.0036432
0.0408032
-0.0078844
-0.0130475
0.0316075
0.0385289
0.0402171
0.0072380
0.0179464
-0.0139747
-0.0323632
-0.0047496
0.0164811
0.0151334
-0.0260493
-0.0170524
-0.0053247
0.0114858
-0.0134598
0.0009251
-0.0200210
-0.0056724
0.0206270
0.0172969
-0.0164906
