-0.0182843
0.0055704
-0.0130937
0.0161019
0.0203264
0.0013039
0.0185315
-0.0012688
-0.0229155
0.0070842
0.0156184
-0.0248847
0.0145535
0.0097101
0.0051615
-0.0096272
-0.0062210
0.0064226
-0.0082746
0.0031351
-0.0119310
-0.0115740
-0.0142419
-0.0157987
0.0020846
0.0256316
0.0110513
-0.0191124
0.0059072
-0.0184624
-0.0050849
0.0070248
-0.0048183
-0.0061736
0.0037669
-0.0178394
0.0228982
0.0212737
-0.0289960
-0.0175948
-0.0225312
-0.0068189
-0.0066451
0.0314436
-0.0194496
0.0000517
-0.0165006
-0.0146613
0.0155035
0.0181465
0.0271633
0.0131779
0.0137324
-0.0093007
-0.0071122
0.0277573
0.0014368
-0.0127177
0.0076712
0.0766368
0.0345592
0.0205884
-0.0296646
0.3045621
0.0142556
-0.1064658
-0.0613269
0.0292288
0.0213430
-0.0012257
-0.0043831
-0.0248665
-0.0119673
-0.0342526
-0.0093102
0.0084770
-0.0100669
0.0140851
0.0179043
0.0114751
-0.0097042
0.0003424
0.0086122
0.0028266
0.0132352
-0.0066802
-0.0127005
-0.0176109
-0.0017288
-0.0226480
0.0140953
0.0031942
0.0206419
-0.0126326
0.0157243
0.0057889
0.0249175
0.0223917
-0.0197022
0.0187051
0.0134562
-0.0198955
0.0067261
0.0025995
0.0155692
0.0260170
-0.0194294
-0.0116518
-0.0100672
0.0022350
-0.0092871
-0.0002632
-0.0075192
-0.0031756
-0.0094065
0.0188807
0.0039001
-0.0150325
-0.0186240
-0.0035958
-0.0070722
-0.0013367
-0.0107813
0.0139742
-0.0190338
0.0211002
-0.0109796
0.0032456
0.0164303
0.0214024
0.0130046
-0.0262828
-0.0210125
0.0185416
-0.0184661
0.0051300
0.0173488
0.0024124
-0.0009356
0.0143611
0.0123765
0.0204568
-0.0131562
-0.0253560
0.0202568
0.0041821
-0.0065432
0.0006239
0.0044365
-0.0082500
0.0262612
0.0061040
-0.0000609
0.0037777
-0.0294305
0.0273907
0.0181322
-0.0109037
0.0128914
-0.0355728
0.0579497
0.0654779
-0.0385168
0.1547439
0.0037229
-0.1041907
-0.0418367
0.0054103
0.0071889
0.0217003
0.0208624
0.0431342
0.0286947
-0.0036108
-0.0308092
-0.0071232
-0.0011171
-0.0143122
-0.0111943
-0.0219529
0.0128637
0.0158340
-0.0109229
0.0149807
-0.0245516
0.0297410
0.0096319
-0.0205756
-0.0089763
-0.0061504
0.0139338
-0.0092401
-0.0058985
0.0156658
0.0341874
-0.0170508
0.0036569
0.0020261
-0.0161734
-0.0155656
