0.0590346
-0.0727465
-0.0649893
0.0993178
0.0701445
0.0393317
-0.0796019
-0.0347821
0.0831608
-0.0327382
-0.0389761
-0.0652336
-0.0093639
0.0297386
-0.0792170
0.0998951
-0.0725806
-0.0349512
-0.1020746
0.0532855
0.0808760
-0.0971421
-0.0757928
0.0146418
-0.0279482
0.0890589
0.0250956
-0.0254919
-0.0650568
0.0969593
-0.0777520
0.0648001
0.0795180
-0.0028591
0.1026288
0.0201486
0.0717651
0.0089445
-0.0545706
0.0746570
0.0130893
0.0602136
0.0588165
0.0511078
-0.0124287
-0.0465045
0.0797262
0.0431570
-0.1038930
0.0787172
-0.0306913
-0.0926192
0.0144291
-0.1012836
0.0477473
-0.0054721
-0.1092064
0.0185931
0.0127828
0.0979562
-0.0123726
-0.0030606
-0.0927541
-0.0056056
-0.0889504
0.0116305
0.0351365
0.0076105
-0.0926095
-0.0597180
0.0388115
-0.0824344
-0.0306378
0.0184727
-0.1002829
0.0515801
-0.0498559
0.0249500
-0.0239089
0.1760105
0.2074250
0.0719435
-0.0217096
0.0981828
0.0109851
0.0873258
0.0306209
-0.0547029
-0.0139236
0.0587462
0.1029594
-0.0503449
0.0264081
-0.0350812
-0.0956695
0.0029982
0.0615060
-0.0267292
0.0329178
0.0953787
-0.0881677
0.0515665
-0.0572474
0.0948926
0.0831798
0.0334295
-0.0613827
0.0349969
0.0919119
0.0670241
-0.0554843
0.0116811
0.0949925
0.0788235
-0.0907673
0.0921885
-0.0645706
0.0384167
0.0617650
0.0926534
0.0952609
-0.0143060
0.0368742
-0.0186887
0.0700423
-0.0562769
0.0616102
0.0147854
0.0824649
-0.0678485
0.0355871
0.0439087
-0.0025770
0.0245813
-0.0073749
0.0674916
-0.0366448
0.0648935
0.0584114
0.0129370
0.0619570
0.0925359
0.0531670
0.0961160
0.1012691
0.0382468
-0.0906038
-0.0214806
0.1017819
0.0242029
0.0901757
0.0727203
-0.0528280
-0.0844376
-0.0424016
-0.0256730
-0.0091502
0.1005976
0.0731072
0.0556304
-0.0509845
-0.0573239
-0.0160343
-0.0774655
0.0264632
-0.1074869
-0.0992276
0.0182729
-0.0650209
0.0121104
0.1002552
0.0807364
-0.0177499
-0.1703545
-0.0081511
0.0048066
0.0901849
-0.0203412
-0.0540371
0.0426481
0.0075712
0.0561479
0.0672337
-0.0011190
0.0282702
0.0449182
0.0607737
0.0111339
0.0341603
0.0707463
-0.0567390
0.0217113
0.1112012
0.0232414
-0.0295708
-0.0305709
-0.0812858
0.0939308
-0.0806569
-0.0458272
