-0.0810872
0.0743112
0.0863101
-0.0388541
-0.0462431
0.0901056
0.0883701
0.0579900
0.0159879
0.0617947
-0.0513266
-0.0450455
0.0641044
-0.0359031
-0.0522866
0.0217980
-0.0826579
0.0288099
-0.0147530
-0.0209042
-0.0849719
0.0767932
-0.0771886
0.0678369
-0.0950339
-0.0419987
-0.0802508
0.0714421
0.0206670
-0.0438508
-0.0699386
-0.0199027
-0.0405532
0.0150062
0.0882750
-0.0703870
-0.0040931
-0.0940406
-0.0426834
-0.0142197
0.0861784
-0.0623240
0.0183307
0.0440674
0.0630023
-0.0648423
0.0938032
0.0367159
0.0679888
-0.0434535
-0.0628998
0.0444356
0.0673918
-0.0057796
0.0457370
-0.0531553
0.0522898
0.0460537
0.0886386
0.0834731
-0.0712318
0.0424231
0.0463148
-0.0029055
-0.0556302
-0.0847992
-0.0279452
0.0270214
0.0255113
0.0075509
0.0596072
0.0430190
0.0056011
-0.0996979
-0.1049015
0.0157073
-0.0576192
0.0013510
-0.0761788
-0.0695305
-0.0804819
-0.0346581
-0.0858988
0.0339478
-0.1264505
-0.2707727
0.1918252
-0.0140113
-0.0319408
0.0217365
-0.0625508
-0.1008976
-0.0866076
-0.0018345
-0.0637563
0.0001834
0.0614322
0.0057247
0.0368668
-0.0335837
0.0513239
-0.0077289
-0.0298555
0.0122061
-0.1068119
-0.0931495
-0.0541855
0.0227258
0.0769497
-0.0071947
-0.0809477
0.0583983
0.0515479
0.0090159
0.0113671
0.0764320
-0.0360918
0.0696325
-0.0033591
-0.0552495
-0.0620978
0.0543283
-0.1036377
-0.0465868
-0.0169967
0.0647581
0.0243353
0.1050703
-0.0834735
-0.0047733
0.0877202
0.0009001
0.0888462
-0.0618470
0.0802828
-0.0543588
-0.0969381
-0.0116759
0.0251522
-0.0143640
-0.0008289
0.0407565
0.0467472
0.0490646
-0.0615160
0.0309331
-0.0920405
0.0724765
0.0618654
0.1038684
0.0472675
-0.0452319
0.1033660
-0.0888395
0.0066566
-0.0517180
-0.0275358
0.0441486
0.0763049
0.0821832
0.0762930
-0.0190402
0.1032816
0.0187004
-0.0884388
0.0644340
-0.0784516
0.0368620
0.0536101
-0.0990858
-0.0061799
-0.0767241
0.0345528
-0.0650729
-0.0199255
-0.0785621
-0.0778142
-0.0324824
-0.1182190
0.1336335
0.1675015
-0.0543445
-0.3122005
0.1162719
-0.0099342
-0.0890206
-0.0563345
-0.0109466
-0.0759988
-0.0126711
-0.0588416
-0.0607641
0.0617038
0.0753444
0.0823757
-0.0799393
-0.0668746
0.0248272
0.0971478
0.0840548
