0.0593420
-0.0997835
0.0565529
-0.0945331
-0.0394663
0.1000634
0.0083191
-0.0651026
-0.0264218
-0.0487893
-0.0001887
0.1024753
-0.0759642
0.0375314
0.0152204
-0.0918811
0.0453209
0.0296304
-0.1072788
-0.0407111
-0.0267395
0.0287077
0.0407573
-0.0729565
0.0927948
0.1073954
0.0478207
-0.0857152
0.1010493
0.0843517
-0.0470768
-0.0579169
0.0197744
0.0267241
-0.0229310
0.0802540
0.0594990
-0.0730238
0.0048870
-0.0299647
-0.0971719
0.0746900
0.0633780
-0.0497531
-0.0536531
0.0928820
-0.0872668
0.0377458
0.0807968
-0.0739432
0.0691912
0.0083778
0.0920049
0.0221725
0.0703510
0.0922086
0.0767772
-0.0395426
-0.0216383
0.0983241
-0.0527673
-0.0948925
-0.0612065
-0.0691316
0.0231682
-0.0029489
0.0168314
0.0054949
0.0688933
0.0434079
0.0255117
0.0785470
-0.0341356
0.0355539
-0.0284601
-0.0305440
-0.0913341
0.0423587
-0.0542961
0.0695645
-0.0420501
0.0445298
0.0750927
0.0561534
-0.0439016
0.0023372
-0.0611138
0.1113992
-0.1437620
-0.0781368
0.2780213
-0.1862922
0.0268942
-0.0161136
0.0492545
-0.0224815
0.0580882
-0.0016297
-0.0991214
-0.0831515
-0.0742392
-0.0110765
-0.0680607
-0.1040204
-0.0194501
0.0175952
-0.0152134
-0.0334150
-0.0637149
0.0531413
-0.0542904
0.0453515
0.0663605
-0.0800855
-0.0200442
-0.0554815
0.0261926
0.0284634
0.0695057
-0.0272006
0.0876828
-0.0205956
-0.0343537
0.0843573
0.0683829
-0.0982018
0.1083847
0.0233482
0.0173589
0.0698711
-0.0810378
-0.0374060
0.0774171
0.0455168
-0.0854200
-0.0632197
-0.0698142
0.0655176
0.0703112
-0.0305869
-0.0797618
-0.0427393
-0.0200461
-0.0624267
-0.0679003
0.0214950
-0.0373101
0.0154813
0.0708508
-0.0922166
0.0788471
-0.0706942
0.0954871
0.0823397
-0.0345734
0.0117914
-0.0480825
0.0848734
-0.1039247
0.0199070
0.0671734
0.0961356
0.0874624
-0.0167209
-0.1000733
-0.0182445
-0.0005253
-0.0881188
0.0076441
0.0613532
-0.0309559
-0.0657367
0.0250485
0.0659213
-0.0755934
-0.0726504
-0.0844484
0.0932645
-0.0460152
0.0476971
-0.0786066
0.0533781
-0.0236242
-0.0059776
0.0097051
-0.0922069
-0.0917667
-0.0973728
-0.0275320
0.0304956
-0.0932249
-0.2270296
-0.0601574
-0.0563585
0.1004311
0.0826353
-0.1173739
0.0396140
0.0360539
0.0093653
