0.0086861
0.0049531
0.0123116
-0.0072173
0.0278089
-0.0175759
-0.0232426
-0.0031441
-0.0130611
-0.0245465
-0.0183707
-0.0097320
0.0256035
0.0006179
0.0072166
-0.0242042
0.0264117
0.0169133
0.0323952
-0.0016579
-0.0160011
0.0004183
-0.0005925
-0.0103361
0.0140905
-0.0049543
0.0158759
0.0209881
0.0246722
-0.0144274
0.0164670
0.0219026
-0.0301549
-0.0188102
0.0329232
0.0234089
-0.0661778
-0.1848051
0.2642280
0.2446744
0.1446413
-0.0550276
-0.1125971
-0.1271791
-0.0506636
0.0349739
-0.0100350
0.0136011
0.0063920
0.0130027
0.0286609
0.0094058
0.0175073
0.0133098
0.0171794
-0.0199398
-0.0238982
-0.0053843
-0.0179614
-0.0087945
-0.0154931
-0.0150549
-0.0089904
0.0261375
-0.0145084
0.0097052
-0.0173873
-0.0249855
0.0239996
-0.0018953
0.0265191
-0.0249499
0.0088002
-0.0072193
-0.0040423
-0.0005002
-0.0111504
0.0152308
0.0097220
0.0091938
0.0045375
-0.0260082
-0.0210401
-0.0141049
0.0231237
0.0300329
-0.0305274
-0.0193809
0.0264193
-0.0088043
-0.0146876
0.0032054
0.0215594
0.0084841
0.0041155
-0.0230107
0.0011143
-0.0067738
-0.0170978
0.0138637
-0.0256438
-0.0187388
-0.0131689
0.0200076
-0.0140738
0.0252061
0.0108712
-0.0162793
0.0121758
0.0103405
-0.0012951
0.0249942
0.0068526
0.0120568
0.0247979
-0.0067248
0.0179237
0.0119048
0.0195114
0.0219278
0.0185683
0.0215888
-0.0231295
0.0059691
-0.0250267
0.0140858
-0.0055704
0.0124324
0.0204006
-0.0139778
0.0088413
0.0788406
0.0330834
0.0083127
-0.0183894
-0.0580490
-0.1157909
-0.0643278
-0.1381069
-0.0995055
-0.0591232
-0.0487109
0.0235312
0.0181765
0.0168595
0.0078632
-0.0286503
-0.0240709
0.0107604
-0.0081456
0.0122665
0.0211435
0.0144125
0.0176404
-0.0207304
0.0090411
0.0147085
0.0244400
0.0093339
-0.0260715
-0.0078578
-0.0186758
0.0179992
0.0205670
0.0280689
-0.0287884
0.0096980
-0.0201533
0.0246156
0.0168914
-0.0060366
-0.0174548
-0.0129556
-0.0227715
0.0070674
0.0097853
0.0108542
-0.0102663
-0.0148555
0.0234002
0.0157739
0.0170519
0.0213596
0.0122684
0.0292871
-0.0083751
-0.0212571
-0.0192250
0.0090825
-0.0099849
-0.0303696
0.0219222
0.0285372
-0.0139386
0.0095387
0.0035128
-0.0019650
0.0244142
-0.0203845
-0.0243601
