-0.0304145
0.0553835
0.0817099
-0.0014680
-0.0275936
-0.0001077
0.0884477
0.1052486
0.1058852
-0.0574789
0.0819609
0.0185942
0.0011508
0.0438070
0.0991684
0.0351523
-0.0563032
-0.0735883
-0.0269391
0.0575131
-0.0640524
-0.0386120
-0.0258544
-0.0853887
0.0123837
-0.0266627
0.0260253
-0.0579713
0.0025332
0.0202951
0.0696416
-0.0959848
0.0906035
-0.0738211
0.0661711
-0.0966704
0.0217617
0.0030414
-0.0080476
-0.0109436
0.0047285
-0.1039213
0.0376748
0.0398865
-0.0117676
-0.0849746
-0.0394678
0.0852625
0.0509908
-0.0720437
0.0714518
-0.0867682
-0.0748987
0.0303982
-0.0855611
0.0270910
-0.0513474
-0.0925720
-0.0110195
0.0660468
0.0454349
0.0481081
0.0114824
0.0204724
-0.0706629
0.0594876
-0.0896248
0.0068086
0.0072601
-0.0128999
-0.0969649
-0.0853147
0.0724659
0.1085987
-0.0741512
-0.0920463
-0.0446055
-0.0814300
-0.0421977
0.0224864
-0.0251526
-0.0628683
-0.0040776
0.1072593
-0.1427325
-0.0044895
0.0801177
0.3605778
-0.1950415
0.2106708
0.1117973
-0.0460236
0.0632398
0.0547489
0.0663381
-0.0585695
0.0043644
0.0195939
0.0678154
-0.0405463
-0.0084359
-0.0640552
-0.0562677
-0.0557598
-0.0863068
0.1034170
-0.0474592
-0.0886799
-0.0829793
0.0841343
-0.0143640
-0.0154639
-0.0034654
0.0928668
0.0710931
-0.0895429
0.0239887
-0.0050085
-0.0117080
0.0239568
0.1039438
0.0975623
0.0416096
-0.0214249
0.0690146
0.0212107
0.0114593
0.0769695
-0.0210740
0.0738585
0.0204469
-0.0567229
-0.0055121
-0.0973876
0.0911529
0.0112018
-0.0085186
-0.0208114
-0.0138050
-0.0837683
-0.0037348
-0.0348390
0.0672809
-0.0226782
-0.0025463
-0.0096028
0.0931376
0.0992900
-0.0892482
-0.0507865
-0.0460650
0.0486223
-0.0973469
0.0766317
0.0236223
-0.0454217
0.0550360
-0.0922910
-0.0014289
0.0903801
0.0693960
-0.0848151
0.0133482
0.0476452
0.0768062
-0.0492766
-0.0885419
0.0134425
-0.0784448
0.0853509
0.0495086
-0.0153512
-0.0665427
0.0446957
0.0559243
-0.0553803
-0.0034262
-0.0652627
-0.0704279
0.1533545
-0.1480098
-0.2077142
0.0059273
0.1946889
0.0860688
-0.0016873
0.0146400
0.0334085
-0.0296648
-0.0112268
0.0191320
-0.0803896
-0.0143632
-0.0617285
0.0893014
0.0497002
0.0610013
0.0559539
-0.1009010
-0.0955905
