0.0500886
-0.0009689
-0.0543281
-0.0452246
-0.0301051
0.0453778
-0.0407365
0.0158359
-0.0070055
0.0312239
0.0385394
0.0569615
-0.0547382
0.0139360
0.0606592
0.0473951
-0.0625746
-0.0317727
-0.0962498
0.0826367
-0.0169811
-0.0151657
-0.0944407
-0.0166839
-0.0621224
-0.0710135
0.0385919
0.0677889
0.0743351
-0.0424767
0.0042785
0.0139206
0.0192260
0.0171080
0.0827316
-0.0415960
-0.0674403
-0.0480223
-0.0405307
0.0064788
0.0435257
-0.0506566
-0.0680734
-0.0855641
-0.0779428
-0.0528085
-0.0294155
0.0228253
0.0756294
-0.0494931
0.1012907
0.0138502
-0.0041067
0.0657157
-0.0140894
0.0791658
-0.0374810
0.0438367
0.0295832
0.0035417
-0.0882912
-0.0875494
0.0652943
0.0419358
0.0596698
-0.0465572
0.0528976
0.0322449
0.0743560
0.0268733
-0.0520136
-0.0601777
0.0465764
0.1304877
0.1894212
-0.1172662
-0.0094300
0.0927342
0.0786162
0.1108547
-0.0663217
0.1286900
0.0896911
-0.0543027
-0.0821829
0.0484515
-0.0130620
0.0945931
-0.0021774
-0.0267379
0.0290390
-0.0030433
-0.0053059
0.0135426
-0.0926902
0.0805081
-0.0629284
0.0831582
-0.0923852
-0.0725100
-0.0973322
-0.0456587
-0.0932722
-0.0640507
0.0222705
0.0405735
-0.0289994
0.0635495
0.1001881
0.0764809
0.0400897
-0.0310348
0.0643174
0.0684103
0.0006695
-0.0912426
-0.0204362
-0.0527043
0.0555967
-0.0674335
0.0548637
-0.0384258
0.0549962
-0.0012992
0.0155880
-0.0883384
0.0121203
-0.0190673
0.0946972
-0.0232033
0.1033767
-0.0596814
-0.0159924
-0.0762668
0.0827765
0.0894023
0.1144391
0.0922327
-0.0695730
0.0351289
-0.0887450
-0.0729891
0.0962587
0.0815967
-0.0239244
0.0268499
0.0422742
-0.0682041
0.0099423
0.1063435
0.1093450
-0.0314879
0.1061723
-0.0361649
-0.0528635
-0.0654649
0.0204409
0.0380362
-0.0826816
0.0468304
-0.0448943
0.0058208
0.1092670
-0.0918137
-0.1065222
-0.0603742
0.1885349
0.1597203
-0.2278098
-0.3667880
-0.1002153
0.1531224
0.1890758
0.1065251
0.0199660
-0.0098937
-0.0421260
-0.0870483
0.1013641
0.0325407
0.0459269
-0.1013550
0.0698171
-0.0049576
-0.0460418
-0.0882105
-0.0572812
-0.0738846
-0.0890032
0.0771706
-0.0703465
0.0727660
0.1006328
0.0959664
-0.0441500
-0.0796085
-0.0380922
-0.0703526
0.0811880
0.0130397
