0.2207145
-0.0131696
0.0061596
0.0119924
0.0004806
-0.0198883
-0.0123511
0.0104426
-0.0079787
0.0296742
0.0058076
-0.0276290
0.0004420
0.0286085
-0.0267470
-0.0286600
0.0138649
-0.0221415
0.0270055
0.0326490
0.0305864
0.0125376
-0.0029849
-0.0207796
-0.0238278
0.0163761
-0.0335016
0.0253241
0.0141479
0.0096831
0.0174241
0.0069268
-0.0276990
0.0167232
0.0027514
0.0028812
-0.0021473
0.0105347
-0.0457040
-0.1587528
-0.1660884
-0.0758369
0.3205990
0.3001210
0.1599797
-0.0250444
-0.1304542
-0.0895158
0.0084134
0.0092941
0.0077024
-0.0077216
-0.0098049
0.0235300
-0.0286706
-0.0243642
-0.0016051
0.0035844
0.0370999
0.0207559
-0.0316378
0.0037297
-0.0032361
0.0185717
-0.0064003
0.0179718
-0.0303771
0.0339089
-0.0217542
0.0193313
0.0204612
0.0128139
0.0240993
-0.0240942
-0.0068592
0.0020973
-0.0007469
-0.0330626
0.0209284
0.0007995
-0.0153726
-0.0926789
0.0617106
0.0545310
0.0077319
0.0238739
0.0178693
-0.0150724
-0.0211659
0.0175192
-0.0060741
-0.0324241
0.0317594
-0.0232440
-0.0336254
0.0145419
0.0146627
-0.0048454
-0.0342081
0.0290310
