0.2683833
-0.0498068
-0.0380758
-0.0145163
0.0431794
-0.0017629
-0.0421528
0.0044439
0.0010764
-0.0158338
0.0206311
0.0242124
0.0196829
-0.0229110
-0.0221406
0.0075225
-0.0154692
-0.0010695
0.0055540
-0.0067351
0.0014660
-0.0122402
-0.0171501
-0.0232237
0.0224180
0.0249944
-0.0156818
-0.0113181
0.0192082
0.0089554
0.0061050
0.0012867
-0.0138063
0.0018445
-0.0056970
-0.0094042
-0.0200884
0.0843298
-0.1898246
0.3274796
0.3101217
0.0824620
-0.1863619
-0.1769838
-0.1085635
-0.0646975
0.0181550
0.0244879
0.0169671
0.0022609
-0.0129461
-0.0021711
-0.0010539
0.0214652
0.0009798
-0.0208643
0.0284785
-0.0220433
0.0136481
0.0056767
-0.0107688
0.0178862
0.0002786
-0.0161527
0.0252533
0.0064497
0.0170304
0.0029530
-0.0051422
-0.0015306
0.0232035
0.0223515
0.0046684
0.0332597
0.0010728
-0.0331728
0.0144344
0.0165816
-0.0341160
-0.0065747
0.0295975
-0.0949196
-0.0080854
0.0125344
0.0052896
0.0025134
0.0322870
0.0097521
0.0254455
-0.0133760
0.0051662
0.0160608
-0.0077341
-0.0234132
-0.0048575
0.0189918
0.0268302
-0.0028677
-0.0199827
-0.0116996
