-0.0371374
-0.0523619
-0.0656792
0.0683276
0.0451755
0.0193509
0.0083234
-0.0408755
-0.0330078
0.0422824
0.0484361
-0.0251054
-0.0255381
-0.0281680
-0.0266759
-0.0177422
0.0475388
0.0042540
0.0592383
0.0465650
-0.0164954
-0.0335782
0.0006267
-0.0334388
0.0361978
-0.0231140
-0.0057148
-0.0060392
-0.0426475
-0.0505794
0.0531680
-0.0675310
-0.0048707
0.0345272
-0.0181318
0.0291637
-0.0275124
-0.0606717
-0.0580192
0.0172670
0.0097701
-0.0187360
-0.0652208
-0.0278931
0.0386428
0.0265054
0.0598298
0.0537355
0.0485221
-0.0558234
-0.0169748
0.0575112
0.0609461
-0.0179848
0.0568984
0.0591555
0.0561854
-0.0184604
0.0823516
-0.0056453
-0.0535248
-0.0229579
-0.0609135
0.1024652
0.0381240
-0.0268475
-0.0705026
-0.2185695
0.3180371
-0.1149812
-0.2036388
-0.0102100
-0.0304971
0.0171552
0.0881298
0.0728735
0.0452246
-0.0160507
-0.0645107
-0.0764064
-0.0857681
0.0256608
-0.0556514
0.0104561
-0.0006517
0.0231151
-0.0121284
-0.0490310
0.0233419
-0.0622727
0.0511416
0.0277990
-0.0020862
-0.0048160
0.0425272
-0.0354197
-0.0091119
0.0058738
0.0479334
0.0686397
0.0956510
-0.0520263
-0.1052101
0.0085262
-0.0147893
-0.0497408
0.0555134
0.1343146
0.0667867
0.0509701
-0.3557919
-0.5471795
0.8332037
0.4186686
-0.3886978
-0.2696031
0.0276121
0.1345456
0.0759420
-0.0460156
-0.0904101
0.0058389
0.0378252
0.0450258
-0.0256437
0.0260557
-0.0265629
0.0289903
0.0442375
0.0492375
0.0222726
0.0016997
-0.0282714
-0.0692888
0.0033504
-0.0105528
-0.0609113
-0.0694939
0.0618047
-0.0231282
-0.0209119
-0.0363680
-0.0362571
-0.0045051
0.0105351
0.0591785
0.0393109
-0.0471473
0.0519176
-0.0516008
0.0466058
-0.0019925
-0.0001632
0.0300648
-0.0081764
0.0374566
0.0631173
-0.0059230
-0.0333007
0.0556564
0.0315542
0.0373903
0.0124254
-0.0125780
0.0264613
0.0026959
0.0453084
0.0482419
-0.0229209
-0.0186881
0.0144050
-0.0107644
-0.0195568
-0.0082762
-0.0037975
-0.0259296
0.0181789
-0.0467042
0.0189334
0.0659715
-0.0321337
0.0476773
0.0576820
0.0605763
0.0656364
-0.0116223
-0.0152519
-0.0723658
-0.0003794
-0.0093439
-0.0304505
0.0117164
0.0010308
0.0437595
0.0629995
-0.0317655
-0.0269343
0.0282075
0.0364260
-0.0128720
