0.2780310
-0.0225540
-0.0936841
-0.0090115
0.0169238
0.0186339
0.0484052
0.0332750
-0.0241039
0.0699556
0.0442513
0.0196365
-0.0437312
0.0141286
0.0684908
0.0360430
0.0219218
-0.0457110
0.0267460
-0.0020250
-0.0486505
0.0021292
-0.0401146
-0.0756461
0.0077880
0.0114047
0.0303181
-0.0223106
0.0544973
0.0461922
-0.0197742
0.0356734
0.0629505
0.0107669
-0.0690087
-0.0726185
0.0463356
0.0373649
-0.1937482
0.0780881
0.3800731
0.4066410
0.1276255
-0.0510820
-0.1720665
-0.1928901
-0.0441765
-0.0519857
0.0284531
-0.0217616
-0.0138498
0.0348482
0.0508452
0.0747108
-0.0205977
-0.0015044
0.0285285
0.0357323
-0.0463946
-0.0332687
0.0403465
0.0100004
-0.0193301
0.0396758
0.0495698
0.0467994
0.0081421
0.0279549
0.0042850
0.0446450
-0.0329090
-0.0596231
0.0052196
0.0297709
-0.0274209
-0.0224122
0.0622281
0.0586117
-0.0461141
-0.0884533
0.0042355
0.0576924
0.0526360
-0.0023982
0.0107993
0.0045043
-0.0418663
0.0402324
-0.0436281
-0.0309707
-0.0575749
-0.0744358
-0.0033646
-0.0297920
0.0375145
0.0270240
0.0347519
-0.0418191
-0.0737924
0.0297663
