0.3805842
-0.0018889
-0.0109755
-0.0038879
0.0326684
-0.0272610
0.0030967
-0.0136584
-0.0036266
-0.0229996
0.0175428
0.0232748
0.0257104
-0.0099174
0.0213791
-0.0209988
-0.0402037
-0.0091016
0.0272997
-0.0048364
0.0004572
-0.0360785
0.0108383
-0.0014336
-0.0086085
-0.0007789
0.0102046
-0.0164558
0.0089040
-0.0210733
-0.0286534
0.0014100
-0.0153286
-0.0216204
-0.0095831
0.0206882
-0.0295782
-0.0147700
0.0612826
-0.1567407
-0.2014452
-0.1574337
0.2629640
0.3659577
0.2235235
0.0027441
-0.1964852
-0.0391517
-0.0076069
-0.0081762
0.0007345
-0.0131615
0.0090131
-0.0038953
-0.0149477
-0.0018940
-0.0172025
0.0114514
0.0166454
-0.0093811
0.0175930
-0.0021590
-0.0190637
-0.0270574
-0.0005839
-0.0080301
-0.0067590
-0.0341362
-0.0082689
0.0338244
0.0059947
0.0086483
-0.0145483
-0.0165023
0.0262976
-0.0057245
-0.0095580
0.0127456
-0.0055613
-0.0028975
0.0286490
-0.1517275
0.0608009
0.0138672
0.0388043
0.0421015
-0.0378101
0.0246382
-0.0142465
0.0117950
0.0002228
-0.0265655
-0.0158233
-0.0218506
-0.0176281
0.0189401
-0.0041960
-0.0346240
-0.0138695
0.0076322
