-0.0508067
-0.0024948
0.0171513
0.0360619
0.0359903
0.0485171
0.0462971
-0.0658267
0.0329979
0.0505157
0.0115527
-0.0065445
-0.0531195
0.0009848
-0.1026485
-0.0348054
0.0521392
0.1721474
-0.0683418
-0.0626898
-0.0406048
-0.0125578
-0.0431324
-0.0243596
-0.0113485
0.0047274
0.0155414
-0.0150624
-0.0693312
-0.0690586
-0.0954441
-0.0497241
0.0827907
0.0582495
0.0435599
0.0155270
0.0301402
0.0065000
0.0566190
0.0053092
0.0838741
0.0778226
-0.0086413
-0.0304458
-0.0719117
0.2029549
-0.1152638
-0.0199375
-0.0253161
0.0411237
-0.0284063
-0.0241038
-0.0589723
0.0379930
-0.0121707
-0.0099704
0.0381433
-0.0059114
0.0650068
-0.0254321
-0.0382306
0.0254345
0.0243286
0.0012130
-0.0513071
0.0358057
0.0547833
-0.0044966
-0.0108195
-0.0082907
0.0807377
0.0638750
-0.0253881
-0.0422230
-0.0545500
0.0332027
0.0778438
0.0903453
0.0527112
-0.0392468
0.0403907
-0.0319957
-0.0240401
0.0421402
0.0971008
0.0540757
0.0098560
-0.1944776
0.2388606
-0.0246308
-0.0935104
0.0185154
-0.0848785
-0.0213857
0.0202137
0.0585236
-0.0318365
0.0242312
0.0202201
0.0282507
-0.0611009
-0.0590908
-0.0694089
0.0882151
0.0963564
-0.0012750
-0.0571995
-0.0335905
-0.0471025
0.0672650
-0.0218897
0.0799184
-0.0103240
-0.0063038
0.0054850
-0.0373166
-0.0343941
0.0035586
0.0149671
-0.0148101
-0.0273147
0.0221962
-0.0561163
-0.0444408
-0.0066202
0.0678917
-0.0706218
-0.0974608
-0.1539023
0.0403790
0.2566183
0.0448935
0.0108199
0.0771275
0.0248996
0.0218887
0.0078626
0.0393218
0.0565607
0.0162603
0.0594352
-0.0023808
0.0438263
-0.0832917
-0.0353956
-0.0277315
-0.0469553
0.0698319
0.0548727
-0.0669195
-0.0491387
-0.0232408
0.0753991
0.0734719
-0.0226644
0.0323559
-0.0053205
-0.0336003
0.0098822
0.0294480
0.0310233
-0.0600301
0.0179543
-0.0088413
0.0187407
0.0615363
0.0102154
-0.0325994
0.0274639
0.0065830
0.0359116
0.0558293
-0.0118966
0.0084387
-0.0093028
-0.0261127
0.0387738
-0.0060781
0.0452329
-0.0373474
-0.0005534
-0.0106148
0.0222542
-0.0517241
0.0036016
-0.0346642
0.0146108
-0.0020346
0.0132753
0.0399743
0.0437107
-0.0529103
-0.0180728
0.0977279
0.0631491
0.0256125
-0.0679940
-0.0021683
-0.0015547
0.0410525
