0.0405381
-0.0582081
-0.0138361
-0.0365321
0.0140556
-0.0242042
0.0423333
0.0253710
-0.0225208
-0.0494381
-0.0417429
-0.0126671
0.0199258
0.0347653
0.0107775
-0.0265112
-0.0025043
-0.0332836
-0.0277058
-0.0023846
0.0387032
0.0836818
0.0778475
0.0800585
-0.0421149
-0.0502836
0.1718522
0.0291024
-0.0408625
-0.0482089
-0.1195749
-0.0443457
0.0623265
-0.0264345
0.0557823
-0.0691776
-0.0468266
0.0387125
0.0686945
-0.0483877
0.0019918
0.0108303
0.0183825
-0.0086332
0.0280700
-0.0342099
-0.0148217
0.0024119
-0.0640852
-0.0254197
0.0646070
0.0163255
0.0406914
0.0435794
-0.0140985
0.1179406
0.0355199
0.0144902
-0.0390221
0.0038650
-0.0050711
0.0073359
-0.0237680
0.0190852
0.0158212
0.0283993
0.0501679
-0.0384795
0.0164223
-0.0298285
-0.0086323
0.0042919
-0.0422340
-0.0029616
-0.0200808
-0.0358610
-0.0134591
0.0753877
0.0919216
-0.0259188
-0.0080724
-0.1240907
-0.0526477
0.1557233
-0.0678219
-0.0224604
-0.0362644
0.0107586
0.0107981
-0.0120209
-0.0418797
0.0309101
0.0338680
0.0557686
0.0493598
-0.0127702
-0.0225956
0.0407536
-0.0396952
0.0160464
0.0536169
-0.0153978
-0.0109354
-0.0200231
0.0408828
0.0243101
-0.0153298
0.0180428
0.0440029
0.0027593
-0.0559702
-0.0421795
-0.0472743
0.2233413
0.0782375
-0.0801525
0.0093961
0.0424538
0.0578310
0.0546840
0.0182372
0.0333633
-0.0171471
0.0530362
0.0648536
-0.0116870
-0.0138350
-0.0215336
-0.0262775
0.0028791
0.0121705
-0.0224120
-0.0318147
0.0301314
0.0129361
-0.0187554
0.0754692
0.1672527
0.1576458
0.1198301
-0.0159334
-0.1248300
-0.0023858
-0.0072402
-0.0125331
-0.0251004
-0.0515944
0.0145442
0.0058175
0.0193172
0.0419394
0.0199675
0.0317852
-0.0253563
-0.0044668
-0.0665524
-0.0474380
0.0194916
-0.0307595
-0.0334909
-0.0461111
0.0555237
0.0297413
-0.1524407
-0.0747696
0.1724017
-0.0216903
-0.1273506
-0.0302065
-0.0514048
-0.0628470
-0.0405237
-0.0274153
0.0533990
0.0045558
-0.0387586
0.0151050
0.0424417
0.0300602
0.0236977
0.0668544
-0.0066479
0.0698482
0.0030325
0.0046689
0.0494813
-0.0327025
0.0180577
-0.0076499
0.0290818
0.0653454
0.0234750
0.0042561
-0.0653065
-0.0152004
0.0242314
0.0608938
-0.1131945
-0.0969594
-0.1633704
