0.3915446
0.0128975
0.0227864
-0.0492663
0.0617833
0.0080789
-0.0262876
-0.0205050
-0.0326704
0.0326865
0.0836114
0.0722975
-0.1749494
0.0763763
0.0474014
-0.0514542
-0.0382483
-0.0175816
-0.0084047
-0.0076635
-0.0588642
0.0141295
0.0403369
0.0243063
0.0375109
-0.0196614
0.1131144
0.1013516
0.0018199
-0.2798118
0.2853154
0.3448505
-0.1387861
-0.0167362
-0.0079202
-0.0007926
-0.0214666
0.0242413
0.0313187
0.0504336
0.0061552
-0.0444602
0.0086446
-0.0158782
-0.0346471
-0.1151755
0.0051250
-0.0260253
0.2701648
0.0533121
-0.0477047
-0.0148101
-0.0685645
0.0119060
-0.0176840
0.1275411
0.1034695
-0.3484424
-0.1988231
0.3346376
-0.0740027
-0.0220044
-0.0147774
0.0186012
-0.0317118
0.0238474
-0.0926964
-0.0296979
0.0645873
0.0547233
-0.0142585
-0.0228293
-0.0685225
0.0360382
0.1208057
0.1602690
-0.0132600
-0.2723331
0.3285152
0.0164629
-0.1381498
-0.0094207
-0.0232960
0.0446893
-0.1041566
-0.0253715
0.0971795
-0.0481622
-0.2992532
-0.2804767
0.0982976
0.0175149
0.0336844
-0.0160030
0.0498779
0.0327511
0.0162558
-0.0547447
-0.0312323
0.0489909
