0.0283603
0.0011697
-0.0110728
0.0351474
0.0005172
0.0322542
0.0578401
0.0661943
0.0032741
0.0011121
-0.0001835
0.0110313
-0.0327647
-0.0623662
-0.0224143
-0.0349379
-0.0265680
0.0280736
0.0321292
-0.0277216
-0.0108302
0.0203041
-0.0413467
-0.0046913
0.0599698
0.0164128
-0.1951035
-0.0624938
0.1855603
0.2227924
0.1692768
0.1256460
-0.0671350
0.0030926
0.0470529
-0.0596070
0.0181222
-0.0015465
-0.0514520
0.0019799
0.0076864
-0.0076775
0.0187435
0.0391254
-0.0507529
-0.0166617
0.0140216
-0.0496898
0.0203782
-0.0828055
-0.0729952
-0.0104035
0.0621261
0.0029630
-0.0296078
-0.0486246
-0.1045594
-0.0533622
0.0466102
0.0697785
0.0606035
0.0399512
0.0275815
-0.0177156
0.0078341
-0.0477622
0.0120116
-0.0120829
-0.0219984
-0.0130796
0.0113097
0.0056385
0.0008003
0.0234224
-0.0463124
-0.0631994
-0.0420910
-0.0201081
-0.0143351
0.0173096
0.0645424
0.0890113
0.0164390
-0.1614136
0.2023535
0.0728153
-0.1108285
-0.0244394
0.0508080
0.0417853
0.0475101
-0.0166293
0.0240806
-0.0225560
0.0446432
-0.0490917
0.0119386
0.0280064
-0.0239100
0.0055143
-0.0705534
-0.0498324
-0.0380506
0.0330543
0.0704501
0.0322661
-0.0851004
-0.0133798
0.0263993
-0.0528594
0.0100027
0.0740050
-0.0406284
-0.1586447
-0.0855120
0.1236678
-0.0307358
0.0165267
-0.0442366
0.0283671
0.0405381
-0.0138361
0.0020154
0.0466237
0.0253246
0.0423333
-0.0430192
-0.0494381
-0.0560145
-0.0302117
0.0542549
0.0379785
-0.0788762
-0.0447231
-0.0023846
0.0387032
0.0836818
-0.1551241
-0.1903496
-0.0502836
0.1443396
0.1256799
0.0291024
-0.0482089
-0.0818638
-0.0194841
-0.0187566
-0.0264345
0.0271872
0.0511803
-0.0138559
-0.0691776
-0.0468266
0.0285275
0.0387125
0.0019918
0.0424747
0.0191258
-0.0214172
-0.0016306
-0.0073046
-0.0030680
-0.0640852
0.0435794
-0.0604930
-0.1474698
-0.0140985
0.1937202
0.1745551
0.1179406
-0.0536259
-0.0954542
-0.0885665
-0.0298583
0.0674974
0.0144902
-0.0390221
-0.0290475
-0.0574060
-0.0237680
-0.0118484
0.0281138
0.0611058
0.0133946
0.0190852
-0.0019373
0.0495722
0.0283993
0.0501679
-0.0251586
0.0110969
0.0534513
-0.0567702
0.0256593
0.0042919
-0.0358610
0.0011103
0.0753877
0.0919216
-0.0259188
