0.3875797
0.0044097
0.0035132
-0.0285565
0.0308560
-0.0086316
0.0290857
0.0229699
0.0356771
-0.0173653
-0.0074895
-0.0260051
0.0039592
-0.0349770
0.0157645
-0.0342368
0.0155810
-0.0125425
-0.0243093
-0.0300257
0.0355296
0.0198738
0.0143535
0.0311380
0.0035039
-0.0106074
-0.0343780
0.0330353
0.0011482
0.0196654
0.0224024
-0.0137760
-0.0239357
0.0385226
-0.0147857
0.0360938
0.0056437
0.0168832
0.0723825
-0.0183974
-0.0796920
-0.0752521
-0.2132942
-0.1747956
-0.0515786
0.1765264
0.3420799
-0.0045432
0.0151208
0.0377218
0.0078816
0.0153832
0.0223540
0.0127355
0.0025863
-0.0322533
-0.0165538
-0.0022731
0.0333232
0.0229043
-0.0196141
-0.0418351
-0.0123936
-0.0045585
-0.0057938
-0.0161367
-0.0044824
-0.0278646
-0.0513817
0.0172278
-0.0011582
0.0295818
-0.0191179
-0.0241603
0.0117538
0.0023821
0.0023050
-0.0076370
0.0197364
-0.0393259
0.0011163
-0.0984915
0.0384659
0.0027639
-0.0099389
-0.0146567
-0.0134807
-0.0199918
0.0016992
0.0058648
-0.0114518
-0.0260604
-0.0146185
0.0141861
-0.0184035
-0.0157152
0.0407745
-0.0131985
0.0117585
-0.0384567
