0.3082897
-0.0583979
0.0037547
0.0255538
0.0080753
-0.0300964
-0.0261325
0.0091777
-0.0119417
-0.0034309
0.0061070
0.0163138
0.0022682
0.0305285
-0.0061542
0.0332868
-0.0293449
0.0163340
0.0069482
-0.0202655
0.0115048
0.0197968
-0.0002105
-0.0052109
0.0198741
-0.0003936
-0.0029289
0.0016689
0.0264611
0.0195060
0.0029700
0.0142651
0.0061051
0.0166636
-0.0229979
-0.0254721
0.0160757
-0.0063818
0.0118394
0.0594639
-0.0216720
0.0302892
-0.0138090
-0.0000509
-0.0168921
-0.0137696
0.0003737
-0.0197477
0.1506503
0.0441826
-0.0200426
-0.0414918
0.0259869
-0.0270913
-0.0087528
0.0178799
-0.0243402
0.0192122
0.0282946
-0.0078724
0.0269537
-0.0330882
-0.0098249
-0.0045058
-0.0140191
-0.0244076
-0.0200397
-0.0040897
-0.0130324
-0.0061587
-0.0274045
-0.0093573
0.0027494
0.0072528
0.0107796
-0.0013591
0.0133731
0.0254045
-0.0098725
0.0014323
0.0177369
-0.0526061
-0.1631889
0.3174063
0.0298389
0.0622121
-0.0369259
0.0064246
0.0143727
-0.0144738
0.0091601
0.0017901
0.0134008
0.0045559
0.0083739
0.0087316
-0.0118837
0.0069702
-0.0118242
0.0269633
