0.2096466
-0.0201034
-0.0320429
-0.0084082
-0.0033931
0.0159679
0.0234567
0.0364376
0.0129674
-0.0069491
-0.0282746
-0.0249665
0.0157243
-0.0105010
0.0011939
0.0047272
-0.0203450
-0.0081878
0.0059420
0.0245523
-0.0182896
-0.0178569
-0.0161793
-0.0263215
0.0105505
-0.0262798
0.0075338
0.0250774
-0.0259103
-0.0034221
-0.0250308
-0.0134385
0.0234388
0.0294446
-0.0092444
0.0100786
0.0207153
0.0033408
-0.0289957
-0.0156453
0.0238014
0.1342531
0.2101935
0.1428488
0.0017817
-0.1793179
-0.2448940
-0.0468899
-0.0182662
0.0113235
-0.0068832
0.0138439
0.0134358
0.0144512
0.0227149
-0.0046187
0.0055238
-0.0003317
-0.0103979
0.0150316
-0.0220763
0.0228390
-0.0074526
0.0053749
-0.0059774
-0.0044005
-0.0129726
0.0244676
-0.0258325
0.0000369
0.0064628
0.0105372
-0.0067293
-0.0028764
0.0047836
-0.0188380
-0.0183636
-0.0014802
0.0030095
0.0130864
0.0255971
0.1834552
0.0244475
-0.0641166
-0.0050148
0.0056689
-0.0227991
-0.0052282
0.0119318
0.0035679
-0.0180490
-0.0097323
-0.0066352
0.0322323
-0.0029845
-0.0094845
-0.0085071
-0.0130521
-0.0038315
-0.0007817
