0.0249455
-0.0048822
-0.0128031
0.0228339
-0.0103957
0.0188655
-0.0234365
0.0093709
-0.0066711
0.0331847
-0.0146580
-0.0095163
-0.0383378
0.0070503
-0.0365758
-0.0430897
-0.0141395
0.0758218
0.1640216
-0.2645468
-0.2824577
-0.1632906
0.1570374
0.1556461
0.0284128
-0.0503833
0.0041594
0.0103200
0.0143899
0.0131731
0.0301664
-0.0051674
-0.0258527
0.0235389
-0.0009256
-0.0089930
0.0105806
-0.0240190
-0.0291739
-0.0036546
-0.0131443
-0.0240293
0.0285390
0.0176784
0.0085852
-0.0023375
-0.0293265
-0.0055342
-0.0258522
-0.0041149
-0.0270408
-0.0160155
0.0216395
-0.0105668
0.0168108
0.0001720
-0.0248154
0.0069705
0.0068714
0.0087371
-0.0303267
-0.0133145
0.0057694
0.0208697
0.0307777
-0.0233846
-0.0138632
-0.0134738
0.0126556
0.0260532
-0.0379976
-0.0068429
0.0010612
-0.0104351
-0.0419317
-0.0279049
0.2220379
0.2079290
0.0925758
-0.1616839
-0.3063509
-0.0988576
0.1379658
-0.0190963
-0.0184460
-0.0227349
-0.0139771
0.0215677
-0.0015884
-0.0269659
-0.0010714
-0.0057113
-0.0281220
0.0270285
0.0096105
0.0271738
-0.0023194
0.0194483
-0.0210651
-0.0299497
-0.0036999
0.0359197
0.0080649
-0.0284479
-0.0029622
-0.0242020
0.0135125
-0.0111129
0.0257760
-0.0186416
-0.0180997
-0.0304580
-0.0198430
-0.0093666
0.0213040
-0.0026860
0.0248855
-0.0125819
-0.0165840
0.0081146
0.0241574
0.0079116
0.0176921
0.0032477
-0.0035567
0.0296642
0.0182851
0.0091841
-0.0346608
0.0041446
0.0223176
0.0149180
-0.0335363
0.0124610
0.0015964
-0.0396190
-0.0555238
-0.2957698
-0.2310768
-0.0216935
0.1367847
0.1117535
0.0094965
-0.0347185
-0.0345188
-0.0322432
-0.0205694
0.0254240
0.0106732
0.0264990
-0.0162997
0.0075641
0.0162311
0.0231328
-0.0061245
0.0183117
0.0046071
-0.0230961
0.0220708
0.0050748
0.0235428
0.0124307
0.0243466
-0.0137158
-0.0211517
-0.0154000
-0.0154909
-0.0285943
-0.0209515
-0.0296094
0.0101478
0.0156632
0.0092843
-0.0253449
-0.0023864
0.0080770
0.0265219
-0.0202347
0.0197691
-0.0227061
0.0020358
0.0244860
-0.0095072
-0.0265806
0.0083076
0.0185710
0.0101391
0.0076256
0.0213208
-0.0038959
-0.0131783
-0.0290910
-0.0212458
0.0094034
0.0009908
-0.0140866
-0.0225158
-0.0324046
-0.0351810
-0.0422891
