0.2041302
-0.0278375
-0.0035803
0.0053015
0.0192012
0.0446757
0.0124556
0.0127502
-0.0009036
-0.0176567
-0.0229794
-0.0059497
0.0101736
0.0054861
-0.0172922
0.0088331
-0.0186112
-0.0051590
-0.0257869
0.0121205
-0.0048521
0.0100486
0.0250554
-0.0154082
0.0256799
0.0120327
0.0166451
-0.0145136
0.0304336
0.0036547
0.0217570
-0.0221097
0.0094816
-0.0156698
0.0172568
0.0248070
0.0445773
-0.0050415
-0.0434173
0.0026330
0.1132621
0.2182141
0.2094286
0.0583118
-0.1417384
-0.2710044
-0.2212032
0.0712648
0.0011684
0.0288549
0.0139342
-0.0105198
-0.0112337
0.0226594
-0.0155933
0.0001599
-0.0142294
-0.0043264
-0.0113780
-0.0202015
0.0046597
-0.0325380
0.0046324
-0.0003787
0.0147066
-0.0045444
-0.0080044
-0.0154231
-0.0183604
-0.0207837
0.0001741
0.0057397
-0.0090407
0.0146857
0.0110036
0.0324445
-0.0090932
-0.0068614
-0.0077877
0.0408961
0.0093808
-0.0374544
0.0171104
-0.0112501
0.0127168
0.0032837
-0.0037072
-0.0390757
0.0044021
-0.0157868
-0.0068297
0.0089399
-0.0014828
-0.0211080
0.0251881
-0.0038373
0.0095982
0.0237764
0.0242145
-0.0246246
