0.9529608
-0.1268451
-0.0307343
0.0241293
-0.0083688
-0.0012847
-0.0542651
0.1153838
0.0671430
0.0643186
-0.0275994
0.0199775
-0.0465660
0.8286413
0.1970171
-0.0834187
-0.1297877
-0.0927688
-0.0016230
-0.0019070
-0.0204387
-0.0886292
0.0028589
0.0194447
0.0563621
-0.0733402
0.0256372
0.0470268
0.1563042
-0.2407243
-0.3963223
0.0503779
0.1748291
-0.0658803
0.0973353
0.0094602
0.0019057
-0.0560605
-0.0246601
-0.0078795
-0.0163143
-0.0051778
0.0371545
-0.0874414
-0.0578780
-0.0893919
-0.1064556
-0.0104441
0.6080544
0.1233473
-0.0597799
-0.0218858
-0.0260252
-0.0005177
-0.1248409
0.1015275
0.1038233
-0.1206932
-0.3339613
0.4662387
-0.4864869
-0.0644629
-0.0098843
-0.0006190
-0.0369774
-0.0886947
-0.0373830
0.0810344
0.0434902
-0.0483293
-0.0515224
0.0171725
0.0129629
-0.0290851
-0.0115457
0.0319144
0.1029093
-0.0534152
-0.5179689
0.6562479
-0.4575734
0.0120738
-0.0224105
0.0026581
-0.1172552
-0.0405168
0.0692972
0.1488289
0.0448603
-0.0818147
-0.3638759
-0.0836716
0.0977917
-0.0241584
0.0904730
-0.0025668
-0.0221270
-0.0306035
0.0273510
-0.0396619
