0.3620097
-0.0143085
-0.0433032
-0.0215193
-0.0291822
0.0505269
0.0185929
-0.0044775
-0.0289685
0.0230525
0.0109244
0.0178939
0.0235914
-0.0367198
0.0267042
0.0151590
-0.0060453
0.0173401
-0.0131995
0.0037422
0.0326306
-0.0172328
-0.0633678
0.0093120
0.0309693
-0.0057487
-0.0187793
0.0235447
-0.0044574
0.0503994
0.0232487
0.0196797
0.0167137
0.0458057
0.0239526
-0.0121393
0.0126780
0.1032846
-0.2228161
0.2296085
0.4301269
0.5127265
0.0638588
-0.1077860
-0.2233681
-0.3043892
-0.0949379
-0.0593751
-0.0579849
0.0017330
0.0134429
-0.0164243
0.0368705
-0.0362363
0.0099101
-0.0099245
0.0361821
0.0060034
-0.0387166
0.0207392
0.0276895
-0.0417126
-0.0101732
-0.0098444
0.0012449
-0.0398807
0.0045802
0.0098274
-0.0058480
0.0392646
0.0040299
0.0416030
0.0044324
-0.0294028
-0.0141903
-0.0108600
-0.0017077
0.0229537
0.0114515
-0.0450874
-0.0528283
0.4775645
0.0830456
0.0420905
0.0200151
-0.0233450
0.0466624
0.0025392
-0.0093294
-0.0033388
0.0139971
-0.0412071
-0.0051567
-0.0346522
0.0255057
0.0117207
-0.0102825
0.0095757
-0.0254136
-0.0536073
