0.3920725
0.0344801
-0.0338309
-0.0321721
0.0317131
0.0062100
-0.0316794
-0.0094706
-0.0231766
-0.0193734
-0.0102119
-0.0261469
0.0378620
-0.0165094
0.0291034
-0.0225511
0.0049400
0.0032290
0.0154481
-0.0129509
0.0116129
-0.0378880
0.0017302
0.0228451
-0.0279445
-0.0041534
-0.0149216
0.0140291
-0.0045987
0.0238414
0.0487104
0.0178767
0.0057638
-0.0228352
0.0043617
-0.0640953
0.0425958
-0.0163390
-0.1017605
0.3822517
0.1898106
0.0015165
-0.2486993
-0.1899514
-0.1372282
-0.0975435
-0.0381708
0.0910341
-0.0039655
0.0228803
0.0097774
0.0038365
0.0064316
0.0146118
-0.0293714
0.0113161
0.0168533
0.0347563
-0.0140175
-0.0167020
0.0351294
-0.0087017
0.0143340
0.0296302
0.0210647
0.0190597
-0.0324566
-0.0321340
0.0235824
0.0063693
-0.0083365
-0.0013453
-0.0344336
-0.0265584
-0.0216789
0.0078740
0.0106844
-0.0166743
-0.0056210
-0.0299150
0.0971597
-0.2935274
0.0185849
0.0062763
-0.0115617
-0.0073496
-0.0186104
0.0337529
-0.0252629
-0.0150913
-0.0042121
0.0244972
0.0127998
-0.0069966
0.0374925
-0.0436445
-0.0174318
-0.0060217
0.0269895
-0.0283401
