0.8891158
-0.0203949
-0.1233322
0.0614470
0.1076292
-0.0197272
-0.0776759
0.0718028
-0.0135261
-0.0258932
0.0140990
-0.0032373
-0.0610236
0.9501681
0.1697247
-0.0683961
0.0164356
-0.0260865
0.0680133
0.0048947
-0.0477133
-0.0386018
0.0439199
-0.0498755
0.0130720
-0.0146763
0.0567982
0.0744714
0.0767481
-0.1787836
-0.5652927
-0.2015317
0.4947335
-0.0702127
0.1547543
-0.1084234
0.0770673
0.0479348
0.0030930
0.0308917
-0.0515261
0.0008886
0.0001329
-0.0417023
-0.1235999
-0.0918285
-0.1178302
-0.0250633
0.6329978
0.1315160
-0.1047362
-0.0203569
-0.0715318
-0.0432652
0.0006858
0.1215202
0.1824003
-0.0000464
-0.1840609
-0.0454079
-0.4075893
-0.2875822
-0.0953754
0.0507919
0.0249140
-0.0159697
-0.1425041
0.0667830
0.0650974
-0.0119409
0.0029454
0.0204706
-0.1015915
-0.0879123
-0.0027740
0.1279736
0.0326862
0.0147217
-0.3983171
0.8994792
-0.5380027
-0.0145592
0.0300567
0.0808407
0.0431897
-0.0289543
0.0346215
0.1610094
-0.1114764
-0.1088856
-0.3310382
-0.1492487
0.1821280
-0.1018427
-0.0048332
-0.0333720
0.0268408
0.0167796
-0.0115241
0.1232564
