0.8770794
-0.0489702
-0.0652048
0.0557853
0.0578267
-0.0117850
0.0450267
0.0761975
0.0958412
-0.0446285
-0.0387359
-0.0089130
-0.1164195
0.9534333
0.1585444
-0.0561073
-0.0952824
-0.0233689
-0.0316523
0.0513687
-0.0391075
0.0098413
-0.0684234
0.0361991
0.1163336
-0.1146110
0.0032314
0.0352522
0.1604809
-0.2156613
-0.5205413
-0.2314797
0.5738014
-0.1080731
0.0923942
-0.1027896
0.0392950
0.0306452
-0.0293080
0.0449518
0.0060289
0.0598044
-0.0305236
0.0504711
-0.0218411
-0.1208287
-0.1329736
-0.0971822
0.4586193
0.1619380
-0.0971868
0.0362091
-0.0012615
-0.0307242
-0.0127696
0.0658903
0.1438889
-0.0828341
-0.3615235
0.1732199
-0.4710387
-0.2860613
-0.0855051
0.1055728
0.0133070
-0.1317209
-0.0210616
-0.0601592
-0.0190209
-0.0035404
0.0026431
-0.0031103
-0.0446440
-0.0958419
0.0611805
0.0536758
0.1341723
0.0480174
-0.4626636
0.8602907
-0.4780058
-0.0281109
-0.0393478
0.0318463
-0.0776722
-0.0990486
0.1439350
0.1596094
-0.0520605
-0.0539467
-0.4219272
-0.1458694
0.1796960
-0.1007617
-0.0131492
0.0054349
0.0193746
-0.0446394
-0.0244052
0.0414636
