0.0106139
-0.0855821
-0.0100627
0.0526403
-0.0311060
-0.0028139
-0.0971310
-0.1519543
-0.0573191
0.1478980
-0.0663139
-0.0524669
-0.0133417
0.0218828
0.0456458
-0.0467788
0.0157238
0.0016915
0.0145781
-0.0672553
-0.0588345
-0.0162910
0.0465892
0.0277231
0.0598158
-0.1357748
0.0961922
0.0446212
0.0187293
0.0195659
-0.0350921
-0.0593274
-0.0119027
-0.0116268
0.0431725
-0.0111595
-0.0329040
-0.0491777
0.0603370
0.0909564
0.1104489
0.0259246
-0.1483354
-0.1024661
0.0259843
-0.0327460
0.0305172
0.0022821
-0.0655772
-0.0483590
-0.0698302
-0.0161314
0.0862888
0.0741878
-0.1733159
0.4057192
-0.0720924
-0.0221292
0.0894301
0.0071073
-0.0364031
-0.0294007
-0.0337635
0.0778499
0.0431439
-0.0102282
-0.0661172
-0.0991422
0.0875672
0.1251133
-0.0980674
-0.0899594
-0.0585429
-0.0058095
0.0132679
0.0325899
0.0435041
0.0511440
0.0343174
0.0284670
-0.0046860
-0.0605629
-0.0540213
0.0438823
0.1292732
0.0821500
-0.1502335
-0.0323990
0.1102589
-0.0849594
-0.1119854
0.0035484
0.0798976
0.0648492
0.0484498
-0.0497362
-0.0824823
-0.0294448
-0.0119533
0.0091809
0.1003941
-0.0583635
-0.0358990
-0.0317533
-0.0532664
0.0231724
0.0851289
0.0765729
0.0464831
-0.0421217
-0.1014980
-0.0172913
0.0662343
0.0625406
0.0014986
0.0039475
-0.0364245
0.1136922
0.1049585
-0.1178631
-0.1502842
0.1082906
-0.0403784
-0.0355211
-0.0411087
-0.0227206
0.0191368
0.0193275
0.0380440
0.0193158
-0.0253347
-0.0149879
0.0284305
0.0521649
0.0111412
-0.0227115
-0.0561424
-0.0004766
-0.0132164
0.0048354
-0.0031731
-0.0286527
-0.0190475
0.0104668
-0.0035889
0.0126914
-0.0439138
-0.0973338
0.0071030
0.1122055
0.0490228
-0.0422246
-0.0549958
-0.0949300
-0.0263345
0.0683880
-0.0174328
-0.0962382
-0.0737847
0.0281852
-0.0719028
-0.0925851
-0.1523010
-0.0296372
-0.0534069
-0.0207495
0.0172568
0.0334783
0.0541277
0.0344803
-0.0060546
0.0216188
-0.0182850
-0.0495599
0.0175647
0.0142404
0.0054464
-0.1015354
-0.0351928
0.0522039
-0.0169582
-0.0247596
0.0042226
-0.0168363
-0.0568495
-0.0106408
0.0288147
0.0074366
0.0495808
0.0155298
-0.0436483
-0.0208900
0.0435447
-0.0006503
-0.0350695
0.1163358
0.1066356
-0.1230001
-0.1016361
-0.0336878
