0.0021176
0.0302188
0.0110313
-0.0160450
0.0428254
0.0167368
0.0021398
0.0022684
-0.0430399
0.0038494
0.0400609
0.0120299
0.0008399
0.0143603
-0.0022580
0.0209729
-0.0196365
0.0338950
-0.0056796
0.0199770
0.0163472
-0.0265145
-0.0174131
0.0198186
-0.0337871
0.0357765
-0.0242606
-0.0270760
0.0141926
-0.0305576
0.0067155
0.0144657
-0.0086804
0.0246685
0.0325043
-0.0219256
-0.0400878
-0.0338261
0.0095859
0.0189332
0.0327645
-0.0201757
0.0351918
0.0163578
-0.0056564
-0.0045847
0.0159639
0.0301525
0.0291092
0.0157242
0.0181691
-0.0117348
0.0218211
0.0095806
-0.0194640
0.0241466
0.0197256
-0.0284593
0.0037203
0.0174702
-0.0382884
0.0259713
0.0065248
0.0217753
-0.0096323
-0.0069220
0.0047797
-0.0051823
0.0436448
0.0298970
0.0430800
0.0126193
-0.0045817
0.0217313
-0.0327941
0.0011363
-0.0181386
-0.0340399
-0.0208813
-0.0064401
-0.0245706
-0.0011059
0.0291333
0.0307308
0.0488250
-0.0175527
-0.0426148
-0.0623600
-0.0559852
0.1772588
-0.2725754
0.0789796
-0.0045312
0.0121975
-0.0203665
-0.0620679
-0.0636662
-0.0491609
-0.0479803
0.0052640
0.0114696
-0.0391297
0.0360648
-0.0347752
-0.0411249
0.0223337
-0.0239597
0.0288688
0.0413375
-0.0201838
0.0400114
-0.0278128
-0.0056747
0.0297981
0.0316007
0.0391811
-0.0296107
0.0021884
-0.0017511
-0.0084457
0.0355832
0.0194227
-0.0110437
-0.0320335
-0.0056866
0.0232465
0.0368966
0.0292015
0.0328623
-0.0289222
-0.0362788
-0.0360553
-0.0304375
-0.0260915
0.0306546
0.0385343
0.0065769
-0.0071342
0.0371728
-0.0119329
-0.0187103
-0.0116501
-0.0032174
0.0392994
0.0324187
-0.0018173
-0.0120520
0.0181648
0.0158536
0.0390899
0.0305626
0.0231639
0.0064047
0.0281216
0.0403349
-0.0193098
-0.0040050
0.0128520
-0.0057472
-0.0316302
0.0225369
0.0273332
-0.0264312
-0.0294029
-0.0360984
0.0244115
-0.0241521
0.0149475
0.0185357
0.0422343
0.0094276
-0.0046206
-0.0459787
0.0300885
-0.0461448
-0.0210106
0.0380451
-0.0178160
0.0241485
-0.0178105
-0.0024502
-0.0328046
-0.0222882
0.2250528
0.3256199
-0.3578264
-0.0546673
0.1475391
0.1306308
0.1048817
0.0315344
-0.0220295
-0.0164924
-0.0267436
-0.0373242
-0.0381083
0.0272122
-0.0204073
-0.0252482
-0.0203201
