0.0456449
-0.1266574
0.0428793
0.1589203
0.0535045
-0.0067653
-0.1590179
-0.1589463
-0.1187837
-0.1224679
0.0403571
-0.0962229
-0.2224649
-0.1241412
-0.2137809
-0.0696550
0.4210272
0.1917448
-0.2677870
0.0275585
0.1090033
0.0185487
0.1372601
-0.1245198
0.0698802
-0.1149418
-0.1806993
-0.0853564
0.0341071
0.0062895
0.0210615
-0.1372536
-0.0994870
-0.0528878
-0.0169619
0.0952909
-0.0553652
-0.0981978
0.1506350
0.0079245
0.0817874
0.1094616
0.0334541
0.0162314
-0.0380868
-0.0026762
-0.1949285
-0.0656806
0.1921064
0.3514156
-0.0291403
-0.0765827
0.0507004
0.0324509
-0.0598624
0.0735609
-0.0107310
-0.0393209
0.0685853
0.0648429
-0.0968509
0.0893144
0.0916113
0.0336694
0.1245037
-0.0179199
0.1008914
0.1273093
0.1039752
0.1463745
0.0873088
0.1529356
0.0752378
-0.2054975
-0.1111605
0.0598395
0.2453064
0.1128418
0.0703446
-0.2446643
-0.2340063
0.0265848
0.0408307
-0.0994611
0.1482071
-0.1243133
0.0607986
-0.0079145
-0.1290990
0.0151081
-0.0750296
0.0111310
-0.0141279
0.1435694
-0.1059685
-0.0777355
0.0222617
-0.1115920
-0.1259058
-0.1265144
-0.0242704
0.1185995
-0.0625537
-0.0362860
-0.1073291
0.1677489
0.1428986
-0.1021574
-0.3334962
-0.2941367
0.1403748
-0.0851072
0.0329045
-0.1236969
-0.0586417
-0.0477240
-0.1332148
0.0340931
0.0764820
-0.0328845
-0.0542535
-0.0241756
-0.0407136
-0.1450976
0.1305319
0.1089960
0.1444460
-0.0030710
-0.0060740
0.0291137
-0.0290354
0.0523098
0.1254975
-0.1049390
-0.1329113
-0.0482539
-0.0705988
-0.2063844
-0.0352801
-0.0689253
0.0079009
-0.0309871
-0.0141783
-0.0743091
-0.0513448
0.1088506
0.0947577
0.1311669
-0.0995951
0.0101244
-0.1245253
-0.0620035
0.1027769
0.0335358
-0.0185615
0.0542886
0.1675023
0.1395840
0.1272883
0.0170844
-0.0734903
0.1078208
-0.0150452
-0.1039990
0.0398229
0.3167639
-0.2081932
-0.0256688
0.0349969
-0.0207328
-0.1952942
-0.0732216
0.0083524
-0.1046165
-0.0367108
-0.0631997
0.1056383
0.0711918
-0.0323257
0.1537345
-0.0230899
-0.0991503
-0.1188902
-0.0778354
-0.1173334
0.1342473
-0.1480521
0.0285946
-0.1552171
0.0041652
-0.0516863
-0.0735635
-0.0999984
0.1206018
0.0276658
-0.0609258
0.0429539
0.0251363
0.1471435
0.0036473
