-0.0962382
-0.0198254
0.0248345
0.0918323
-0.0719028
-0.1161394
0.0058458
0.1316588
0.1760292
0.0469440
-0.0768845
-0.0401289
0.0176641
0.0334783
0.0541277
0.0127665
0.0216188
-0.0182850
-0.0495599
0.0175647
0.0142404
0.0363824
0.0359960
0.0054464
-0.1015354
0.0522039
-0.0024368
0.0042925
-0.0168363
-0.0568495
-0.0204513
0.0088946
0.0495808
-0.0006108
-0.0035041
0.0554825
0.0435447
-0.1077691
-0.0192367
0.0505358
0.1163358
0.1066356
-0.0817348
-0.1230001
-0.1016361
0.0286205
0.0277995
-0.0175224
0.0243684
0.0137507
-0.0148092
0.0233768
0.0297155
-0.1484591
0.0147296
-0.1275135
-0.0281858
0.0388982
-0.0144313
-0.0117009
0.0012723
-0.0042459
0.0128436
-0.0237013
-0.0722486
0.0170296
-0.0117994
0.0875899
-0.0851251
0.0262748
0.0972356
0.0137845
-0.0758835
-0.0856151
-0.0235979
0.0038888
0.0310718
0.0124878
-0.0023158
-0.0089172
0.0015317
-0.0004169
0.0156155
-0.0455552
0.0214157
0.0263875
0.0347582
-0.0287389
-0.0284180
0.0460065
0.0058691
0.0116348
-0.0172644
-0.0245695
-0.0009775
0.0291420
0.0424820
0.0059654
0.0221848
0.0086818
-0.1215388
0.0962337
0.0546253
-0.0477669
-0.0472736
-0.0476953
0.0090169
0.0388393
0.0141998
0.0437193
-0.0214902
-0.0487184
-0.0464550
0.0960876
0.1075867
0.0044560
-0.0434323
0.0039063
0.0502499
-0.0400059
-0.0201324
0.0114596
0.0395779
0.0190090
-0.0204071
-0.0944477
0.2464038
0.2168513
0.0700230
-0.1781850
-0.2068173
-0.0202652
-0.0230916
-0.0381851
-0.0370850
-0.0418472
-0.0460698
0.0562700
0.0636608
0.0087806
0.0021774
-0.0271758
-0.1503308
0.0323592
0.1672436
-0.1366601
-0.0619085
0.0063311
0.0199267
0.0232785
0.0367924
0.0145914
-0.0164669
-0.0585132
-0.0217349
0.0242001
-0.0749466
0.0191153
0.0355470
-0.0411420
0.0707136
-0.0240727
-0.0636667
0.0469487
0.0593036
-0.0074826
0.0047858
-0.0442273
-0.0293262
-0.0518806
-0.0368115
-0.0164543
0.0466697
0.0704241
-0.0148943
0.0131693
-0.1184103
0.0050319
0.0773098
-0.0305888
0.0208356
0.0020216
0.0200692
0.0123791
-0.0180950
-0.0181732
-0.0631959
-0.0479530
0.0109934
0.0470876
0.0179059
-0.0732337
0.0496085
0.0310146
0.0531853
0.0405432
-0.0040887
-0.0560291
-0.0214614
-0.0170443
