-0.0428084
-0.0247048
0.0329420
-0.0317154
0.0230906
0.0331886
-0.0471633
-0.0591387
-0.0356609
-0.0973830
0.1369336
0.0679527
-0.2152676
-0.1728959
-0.0584806
0.0268120
0.0817725
0.0721012
0.0219372
-0.0575885
-0.0134922
-0.0623950
-0.0783895
-0.0001115
0.0080125
-0.0316204
-0.0085477
-0.0449988
-0.0440736
0.0267603
0.0216076
-0.0422278
-0.0045855
0.0013971
0.0241994
-0.0231240
0.0237909
-0.0306232
0.0138713
-0.0260525
0.0217535
0.0008594
0.0497669
-0.0065949
-0.0080299
-0.0647277
0.0322884
-0.1516688
-0.0506697
0.0034890
0.0258386
0.0702223
0.0588456
0.0178841
-0.0090114
-0.0015236
0.0105377
-0.0521071
-0.0389624
0.0442125
-0.0156791
0.0376889
0.0357119
-0.0001505
-0.0481671
-0.0058394
0.0421329
0.0401252
-0.0155028
-0.0328041
-0.0160919
0.0299760
0.1526260
0.1642010
0.1928432
-0.1090245
-0.1415163
-0.0755616
-0.0126308
0.0189261
0.0393433
0.0536670
0.0206628
-0.0138050
-0.0164355
-0.0232786
0.0462726
0.0289894
-0.0483596
0.0437961
-0.0466248
-0.0368969
0.0238683
-0.0408602
-0.0310580
-0.0257217
-0.0203088
-0.0121279
-0.0532567
0.0159840
0.0433584
0.0695250
0.0241606
-0.0053700
-0.0086375
-0.0575420
-0.0819428
0.0133070
0.0985168
0.1489746
-0.0759918
-0.2007230
-0.0182420
0.0758295
0.0387431
0.0483112
-0.0803118
0.0166432
-0.0141149
0.0535699
0.0514362
-0.0106384
-0.0537570
0.0473737
0.0299168
-0.0458657
0.0240700
0.0097276
0.0180949
-0.0498687
0.0386341
-0.0074061
-0.0646731
-0.0790763
-0.1009524
-0.1042049
-0.0181099
-0.0240213
-0.2288797
-0.2156227
-0.0214945
-0.0573670
0.0534363
0.0646977
0.0322595
-0.0324144
-0.0260248
-0.0468828
-0.0284729
0.0271909
0.0383963
-0.0073626
-0.0456090
-0.0344046
-0.0485503
0.0050480
0.0224492
0.0244165
0.0176909
-0.0093974
0.0032558
-0.0485594
0.0658692
-0.0286634
-0.0246114
0.0344931
0.1717221
0.1446679
0.0705274
-0.0565146
-0.2056699
-0.1149079
-0.0569993
0.0310362
0.0799458
0.0538029
-0.0628146
-0.0530007
-0.0113778
0.0488200
0.0418662
0.0681349
-0.0161184
-0.0203832
0.0159964
0.0361594
0.0157460
-0.0362339
-0.0147351
0.0030856
-0.0227892
-0.0062527
0.0508212
0.0036401
-0.0518965
0.0267154
-0.0352965
-0.0127130
0.0722864
0.0630059
