0.0074319
0.0357194
-0.0289266
0.0303603
-0.0225858
0.0317990
0.0300478
-0.0029875
-0.0010673
0.0121985
-0.0288254
-0.0376427
0.0045282
-0.0362570
-0.0259595
0.0227045
0.0029722
0.0492017
0.0218676
-0.0071139
-0.0284975
-0.0596906
-0.0757755
-0.0962731
-0.0679235
0.2173317
-0.2797722
-0.1543439
-0.0225320
0.0574453
0.1401225
0.0982896
0.0000626
-0.0451822
-0.0239901
0.0130913
0.0206174
-0.0011193
-0.0371548
0.0076549
0.0098925
-0.0042218
-0.0081483
0.0190805
-0.0139226
0.0327204
-0.0369628
0.0238974
-0.0225533
0.0122424
0.0251353
0.0150078
-0.0133909
0.0346209
0.0056719
-0.0171428
0.0179735
-0.0025990
0.0296017
0.0079946
0.0343858
-0.0247874
-0.0144016
-0.0279389
-0.0361146
-0.0155897
0.0387813
0.0493239
-0.0403488
-0.0853556
-0.0385450
0.0015624
0.1643585
0.2429604
0.1868990
-0.1852648
-0.0890136
-0.0068483
0.0454000
0.0923355
0.0762304
0.0578975
0.0080683
-0.0244552
0.0333870
0.0014493
-0.0029186
0.0208443
0.0174839
-0.0361822
0.0361478
-0.0150719
0.0349257
0.0106315
-0.0309673
-0.0183335
0.0128584
0.0156893
-0.0274293
0.0191106
-0.0167267
0.0212777
-0.0226748
0.0012318
-0.0062965
-0.0161297
0.0016638
0.0253731
0.0277124
0.0141029
0.0184857
-0.0269079
-0.0271765
-0.0235562
-0.0206933
0.0195821
-0.0301229
0.0224218
0.0323132
0.0017561
0.0311820
0.0117323
0.0346738
0.0282777
-0.0088892
-0.0346639
0.0090381
0.0316660
-0.0023623
0.0001854
0.0268454
0.0602265
0.1075559
0.2019381
0.0991000
-0.0011680
-0.1453834
0.0778703
0.0857850
0.0565488
-0.0412094
0.0017250
-0.0005753
0.0197211
0.0042152
-0.0148544
0.0418734
0.0181380
-0.0337149
0.0205394
-0.0315526
-0.0074078
-0.0312233
-0.0200559
-0.0112943
-0.0230880
0.0137412
-0.0236664
-0.0209142
-0.0210836
0.0170040
-0.0358849
0.0306467
0.0152630
0.0134748
0.0194613
-0.0257257
-0.0262105
0.0096023
-0.0331991
-0.0017157
0.0314650
0.0356656
-0.0080660
-0.0118229
-0.0035729
-0.0540243
-0.0424600
0.1187435
0.0790909
-0.3002616
-0.2791910
-0.0511182
0.1373477
0.1323210
0.0300662
-0.0331152
-0.0290657
-0.0308906
-0.0737375
-0.0044909
0.0478721
0.0215956
0.0304528
-0.0066358
-0.0106081
-0.0390958
-0.0219914
-0.0222085
0.0239580
