0.0324100
0.0128731
0.0314787
-0.0312758
-0.0904174
-0.0114904
0.1130077
0.1439546
0.0679127
-0.2280669
0.0501713
0.1096013
0.0735245
-0.0107474
-0.0465130
-0.0059362
-0.0077117
-0.0078927
0.0077590
0.0359609
-0.0015567
0.0462696
-0.0265764
0.0394400
0.0407024
-0.0018517
-0.0503565
-0.0348443
-0.0141348
-0.0054347
-0.0287643
0.0350667
-0.0484876
-0.0290872
-0.0394971
0.0431664
0.0221498
0.0072330
-0.0178615
-0.0084621
-0.0243103
-0.1029683
-0.0416295
-0.0726826
-0.0220374
0.0995224
0.0271929
0.0814826
0.0376418
-0.0289186
-0.0212270
-0.0834017
-0.0554124
0.0122636
-0.0190314
-0.0460199
0.0395092
0.0183490
0.0243810
-0.0418230
-0.0502684
-0.0512511
-0.0147672
-0.0358103
-0.0267154
0.0259975
-0.0012669
-0.0206541
-0.0104635
0.1429168
0.1242320
-0.1768843
-0.0816286
-0.0127934
0.0400416
0.0717415
0.0663689
0.0719659
0.0499421
-0.0201266
-0.0592439
-0.0908196
0.0387685
0.0693733
-0.0407653
-0.0180236
-0.0373860
0.0088198
-0.0424311
-0.0095144
0.0183954
-0.0259637
0.0319367
-0.0034060
0.0118694
-0.0389306
0.0330768
-0.0284141
0.0281549
0.0163953
0.0162727
-0.1053992
-0.0173353
-0.0592968
0.0227833
0.1556096
0.0818497
-0.1816111
-0.1564505
-0.1103243
0.0840660
0.0535792
0.0100442
-0.0887323
-0.0774346
-0.0467993
-0.0323210
0.0207001
0.0288463
-0.0224034
-0.0364341
-0.0475386
-0.0171956
-0.0345021
0.0412886
0.0473510
0.0030794
0.0213840
-0.0237902
-0.0396559
-0.0127924
-0.0664775
-0.0589682
0.1239829
0.1737167
0.1660094
0.0844203
0.0286411
0.0679094
0.0769570
0.0937490
0.0080752
-0.0206156
-0.0459400
-0.0083607
-0.0233860
-0.0063912
0.0535824
0.0413421
-0.0587346
-0.0178761
-0.0384833
0.0021353
0.0482543
0.0444756
-0.0388429
-0.0347676
0.0170755
0.0270036
-0.0269090
0.0684512
0.0092807
0.0264388
0.1680085
0.1931194
-0.1701539
-0.2127724
-0.0209998
-0.0339435
0.0644957
0.0553891
0.0648454
0.0569765
0.0104745
0.0057225
-0.0058308
0.0137982
-0.0181732
-0.0213816
0.0132209
-0.0191368
-0.0105676
0.0317711
-0.0040357
-0.0082530
-0.0244138
0.0086518
-0.0109546
-0.0283362
-0.0479594
0.0378297
0.0191672
-0.0470849
-0.0354036
0.0241611
0.0186028
0.0680697
0.0183280
-0.0001882
-0.0079468
