0.0162727
-0.0088552
-0.1053992
-0.0592968
0.1556096
0.0818497
-0.1564505
-0.0206728
0.0200503
0.0840660
0.0100442
-0.0887323
-0.0774346
0.0085661
-0.0467993
0.0098863
-0.0197969
-0.0323210
0.0566377
0.0288463
0.0133882
-0.0323649
-0.0224034
0.0138610
0.0029500
-0.0015299
-0.0171956
0.0001211
0.0412886
0.0294249
-0.0172874
-0.0494512
-0.0614805
-0.0237902
-0.0090209
0.0525556
-0.0211411
-0.0892766
-0.0664775
-0.0589682
0.0097505
0.1239829
0.1660094
0.0844203
0.0135474
-0.0443355
0.0250903
-0.0459400
-0.0636124
-0.0083607
-0.0469792
-0.0423579
-0.0063912
-0.0139746
-0.0560057
0.0008915
-0.0102590
0.0425782
0.0402232
0.0022276
-0.0005826
-0.0349575
-0.0269090
0.0056442
0.0264388
-0.0563847
-0.1071391
0.0443385
0.0473110
-0.2127724
-0.0209998
0.0286058
0.0648454
0.0569765
0.0134667
0.0104745
-0.0058308
-0.0849187
0.0165767
0.0271788
0.0137982
-0.0181732
0.0227363
-0.0191368
-0.0443598
-0.0040357
-0.0244138
-0.0109546
0.0113538
-0.0288877
0.0191672
-0.0133944
0.0052382
0.0357985
0.0403163
0.0186028
0.0680697
0.0183280
-0.0001882
-0.0079468
-0.0947084
0.0110661
0.0339959
0.1877602
0.2116944
-0.1942681
-0.0764857
-0.0023643
0.0174698
0.0767083
-0.0110816
0.0066947
-0.0380615
0.0211387
-0.0449296
0.0595962
0.0387102
-0.0502916
0.0396845
-0.0071862
-0.0315248
-0.0281788
-0.0244071
0.0178471
0.0150572
0.0159153
0.0530749
0.0363957
0.0110919
0.0179000
-0.0282719
0.1872422
0.1370506
-0.1997599
-0.2259953
-0.2140981
-0.1190298
0.0767896
0.0417750
-0.0537404
-0.0453841
-0.0421162
0.0288457
-0.0105008
0.0567876
0.0269551
-0.0282140
-0.0390033
-0.0468677
-0.0259909
-0.0065939
0.0448768
-0.0027223
-0.0434762
-0.0126903
-0.0379932
-0.0340829
-0.0226074
0.0333092
-0.0086156
0.0323023
-0.0632514
-0.0241193
-0.1064285
-0.1884311
-0.0108387
0.0277697
0.0783976
0.0619207
0.0656984
-0.0028043
-0.0277679
0.0114990
-0.0333054
-0.0321520
0.0050001
-0.0276887
0.0596183
-0.0174753
0.0003632
-0.0395977
-0.0445526
-0.0018699
0.0343588
0.0185472
0.0045204
-0.0129852
0.0126956
0.0506617
0.0397237
-0.0566653
-0.0439660
-0.0412828
0.0098647
0.0202601
0.0042572
-0.0167429
-0.0276522
-0.0942992
-0.0156013
