0.0426949
-0.0323741
0.0146797
-0.0393362
-0.0174059
-0.0165637
0.0321827
-0.0143799
0.0062729
-0.0695545
-0.0301562
0.1030864
0.2202541
0.1849929
-0.0460191
-0.2672391
-0.1350456
0.0403921
0.1163183
0.0482220
0.0101536
-0.0162900
-0.0189426
-0.0704392
-0.0501849
-0.0152124
0.0145323
0.0163673
0.0224998
-0.0354614
-0.0450857
-0.0351760
-0.0193139
0.0230568
0.0039077
-0.0368939
-0.0342361
0.0090611
-0.0164286
0.0054057
-0.0204512
0.0037944
0.0186491
-0.0351315
-0.0215965
-0.0301527
-0.0037261
-0.0114302
0.0293848
-0.0155572
-0.0259572
-0.0084238
-0.0356844
-0.0199033
-0.0278063
0.0260350
-0.0255993
0.0023422
-0.0214930
-0.0074450
0.0225948
-0.0092521
0.0259011
-0.0004579
0.0270109
0.0291547
-0.0289043
0.0071870
0.0366910
-0.0129314
0.0272294
0.0202651
0.0014757
-0.0556404
-0.0168112
-0.0512144
0.0847565
0.0703810
0.0991215
0.0853229
0.0138425
-0.1178747
-0.0298562
0.0308075
0.0311960
0.0158968
-0.0383422
0.0140750
-0.0167793
-0.0312829
0.0300080
0.0214621
-0.0123960
-0.0027570
0.0219528
0.0337046
-0.0254221
0.0125578
0.0091447
-0.0187733
0.0293836
0.0098642
-0.0211753
0.0097750
-0.0099661
-0.0078189
-0.0203394
-0.0320337
-0.0106548
0.0362005
0.0370587
0.0012325
-0.0271826
-0.0353019
0.0009459
0.0204176
0.0263734
-0.0323502
0.0082318
0.0075123
0.0087264
-0.0291127
-0.0131097
-0.0035481
-0.0155251
0.0279726
-0.0285846
0.0390626
0.0376215
-0.0188216
0.0360048
0.0942015
0.0603735
-0.0421323
-0.0777134
-0.0787694
-0.0551892
0.0411871
0.0257605
-0.0409457
-0.0209091
-0.0224720
-0.0081643
0.0238237
0.0086328
0.0323190
-0.0239317
0.0094130
-0.0146261
-0.0193741
0.0136046
0.0327308
-0.0062185
-0.0150715
0.0172399
-0.0251841
-0.0292939
0.0239543
-0.0304344
0.0077117
-0.0003686
0.0140507
-0.0091542
0.0480976
0.0167815
0.0217594
0.0343410
-0.0469657
-0.0343009
-0.0368938
-0.0427906
-0.0430584
0.0438671
0.1968218
0.0832051
-0.0362186
-0.0541170
0.0511407
0.0733967
0.0454716
-0.0446319
-0.0387181
-0.0289394
-0.0444991
-0.0074287
0.0134494
0.0572670
0.0273828
0.0220718
0.0103685
0.0160025
0.0254410
0.0046306
-0.0265821
-0.0305440
-0.0034928
0.0321674
-0.0026180
0.0252784
-0.0272677
