0.0088587
0.0216157
-0.0159007
0.0044945
0.0156910
-0.0260824
-0.0162220
0.0330167
0.0308484
0.0338774
0.0227999
-0.0076993
-0.0084306
-0.0007539
-0.0015149
0.0026208
0.0309383
-0.0306727
-0.0136647
0.0063750
-0.0123833
0.0074677
0.0048011
-0.0161675
0.0266817
0.0494348
0.0099115
-0.0048750
-0.0676485
-0.0470613
-0.0154424
-0.0381990
0.0266162
-0.0147481
-0.0159579
0.0788401
0.0734129
-0.0400555
-0.0416381
-0.0269426
-0.0531752
-0.0047216
0.0012132
0.0375326
0.0313656
-0.0164579
-0.0135303
0.0360291
-0.0237180
0.0275749
-0.0325375
-0.0242997
-0.0328156
0.0083795
0.0056725
0.0061468
-0.0127073
0.0021688
-0.0246488
0.0192983
-0.0132539
0.0247044
0.0252065
-0.0204231
-0.0166654
0.0168185
0.0218658
0.0057465
-0.0130793
0.0104797
0.0008909
0.0215853
0.0311286
-0.0267993
-0.0348475
0.0021186
-0.0048078
0.0152895
-0.0317478
-0.0154594
0.0262855
0.0258137
-0.0234743
-0.0122817
-0.0141060
-0.0040895
-0.0107605
-0.0099236
0.0130749
0.0238113
-0.0308802
-0.0162207
-0.0337278
0.0011343
0.0086110
0.0331407
-0.0101901
-0.0131572
0.0282090
-0.0274052
0.0210873
-0.0080238
0.0435366
0.0075187
0.0251861
0.0111858
-0.0295257
-0.0609372
-0.0730184
-0.0631876
0.1404149
0.1655226
-0.1404855
-0.1573204
-0.0224237
0.0374856
0.0266939
-0.0063388
-0.0410479
-0.0265990
-0.0165316
0.0156434
-0.0112009
0.0105021
0.0128883
-0.0275372
-0.0346084
-0.0211890
-0.0232507
-0.0073488
0.0117254
0.0296771
0.0114191
-0.0015060
-0.0344615
0.0206664
0.0122296
-0.0049514
0.0470305
0.0246074
0.0252437
-0.0011858
0.0140957
-0.0153362
0.0122586
-0.0012245
0.0212068
0.0171481
-0.0308944
-0.0804040
-0.1075147
-0.0165374
0.0663247
0.2677057
0.2779168
-0.2036509
0.1058599
0.0278384
-0.0064760
-0.0056986
0.0339725
0.0490199
0.0431662
-0.0363976
0.0008855
0.0320271
0.0292787
-0.0346491
0.0096536
-0.0198932
-0.0187167
-0.0302458
-0.0132680
-0.0020105
0.0033243
-0.0105019
0.0012186
0.0285364
-0.0178379
0.0210177
-0.0088296
0.0114300
0.0257326
-0.0072248
0.0201367
-0.0052933
0.0057747
0.0295746
-0.0165320
0.0066299
-0.0069325
0.0099205
0.0009218
0.0074001
-0.0139661
0.0281791
0.0002099
0.0141972
0.0121871
-0.0619022
