-0.0301140
0.0330459
-0.0408571
0.0154115
-0.0367075
-0.0534845
0.0381668
0.0088207
0.0426163
0.0255598
0.0005928
0.0534278
0.0394031
0.0354062
-0.0037678
0.0193606
-0.0381241
-0.0483591
0.0437932
0.0066840
0.0270535
0.0556227
0.0149310
0.0058203
0.0475391
-0.0298745
0.0473431
0.1789062
0.1430851
0.0315058
-0.0492523
-0.2052690
0.0556901
0.0475075
0.0607388
-0.0760776
-0.0424544
-0.0234324
0.0163007
-0.0042831
0.0435668
0.0422985
-0.0435606
-0.0246525
0.0197168
0.0214325
0.0386847
0.0412983
-0.0083143
-0.0012331
0.0053406
-0.0136817
-0.0124034
0.0571079
-0.0527262
-0.0726415
0.1588463
-0.0912845
-0.0746056
0.1027962
0.0889012
0.1196373
0.0751863
-0.0400927
-0.0070098
0.0702349
-0.0091436
0.0159177
-0.0619403
-0.0246360
0.0252204
-0.0047960
-0.0336840
-0.0299918
0.0042004
-0.0003340
-0.0590836
-0.0543676
0.0353919
0.0002303
0.0348311
-0.0146479
0.0536422
0.0669810
-0.0111295
-0.0736363
-0.0126622
0.0320159
0.1120326
-0.1146578
-0.0204162
0.0853898
-0.0047367
-0.0439857
-0.0363578
-0.0145983
-0.0205336
-0.0307745
0.0535886
0.0215123
0.0338106
-0.0389139
0.0130725
0.0252093
0.0289923
-0.0120616
-0.0155669
0.0335412
0.0507332
0.0439376
-0.0349400
-0.0386237
-0.0053455
-0.0599971
-0.0510173
-0.0361972
-0.0178984
-0.0572448
-0.0415162
-0.0180207
0.0359301
-0.0165658
0.0303635
0.0397381
0.0629019
0.0253248
-0.0512830
-0.0669616
-0.0178310
0.0557040
0.0100831
0.0013203
-0.0225900
-0.0475790
0.0081082
-0.0183751
-0.0100087
-0.0494791
0.0088443
-0.0368162
-0.0056436
-0.0477566
-0.0120901
-0.0342042
0.0081797
-0.0348552
0.0257055
-0.0420080
-0.1069176
-0.0098083
0.0898090
0.1864267
0.1019610
-0.2086380
-0.1513103
0.0972149
-0.0389318
-0.0834918
-0.0424860
0.0441718
0.0196504
-0.0065097
0.0346459
0.0120784
0.0104082
-0.0394544
-0.0331238
0.0247329
0.0158022
0.0250237
0.0240528
0.0089383
-0.0305111
-0.0506123
-0.0136031
0.0245500
-0.0266112
0.0355129
-0.0201199
-0.0488565
-0.0531492
-0.0063829
0.1212598
0.1678652
0.0224930
-0.1761056
-0.0708611
-0.0402596
0.0794642
0.0531421
0.0315286
0.0016619
0.0121113
-0.0037707
0.0409537
0.0462618
0.0351706
0.0414929
-0.0484915
-0.0520382
