0.2314430
0.0174196
-0.0225801
0.0229434
-0.0059788
0.0363539
0.0207413
-0.0209347
0.0294669
-0.0516643
0.0461666
0.0129725
-0.0347818
0.1845859
0.0737115
-0.0398559
-0.0151071
-0.0192258
-0.0045848
0.0386843
0.0235277
0.0207493
0.0042386
0.0436604
0.0120710
-0.0300418
0.0593861
0.0489510
0.0085815
-0.0839735
0.0145047
0.0589041
-0.0347977
0.0530632
0.1054140
0.0334723
0.0465281
-0.0172855
0.0412695
-0.0410801
-0.0411020
-0.0275096
-0.0421222
-0.0519174
-0.0196039
0.0289166
-0.0145455
-0.0253853
0.1205836
0.0761422
-0.0343265
-0.0041443
0.0142661
0.0347197
0.0222371
0.0678918
0.0068876
-0.0513865
-0.1060796
0.0818114
-0.1575815
-0.0521423
0.0249649
-0.0803196
-0.0326717
-0.0345577
0.0062323
0.0738725
0.0043353
0.0084846
0.0573397
-0.0075347
-0.0035462
0.0184875
0.0082645
-0.0158999
-0.0302244
-0.0716661
-0.0566163
0.1547194
-0.1896953
-0.0350645
0.0283826
-0.0041289
0.0136578
0.0041322
-0.0040349
-0.0290592
-0.0125866
-0.0318464
-0.0254218
-0.0020096
0.0774559
-0.0087976
0.0182759
-0.0407251
0.0212524
-0.0465873
0.0064991
-0.0487292
