0.0400684
-0.0502684
-0.0512511
-0.0426493
0.0211519
-0.0358103
0.0036303
0.0259975
-0.0012669
-0.0343032
-0.0104635
0.0531297
0.2210363
0.1242320
0.0566090
-0.1768843
-0.0816286
-0.0127934
0.0717415
0.0502703
0.0663689
0.0719659
-0.0201266
-0.0592439
-0.0908196
0.0231802
-0.0092433
-0.0407653
-0.0180236
-0.0428475
-0.0021151
0.0105339
-0.0301018
-0.0277653
0.0316009
-0.0040706
-0.0530277
0.0319367
0.0118694
0.0197554
-0.0389306
0.0330768
0.0126943
-0.0284141
0.0281549
0.0287825
0.0707808
0.0818497
-0.1816111
-0.1470315
-0.1564505
-0.1103243
0.0411424
0.1005095
-0.0021667
-0.0118358
0.0207001
0.0133882
0.0138610
-0.0488052
-0.0029933
-0.0475386
-0.0015299
0.0294249
-0.0494512
-0.0488046
-0.0614805
-0.0237902
0.0666845
0.0605357
0.0525410
-0.0659141
-0.0104425
-0.0957130
-0.0664775
0.0097505
0.1660094
0.0844203
0.0135474
-0.0997732
-0.1237829
-0.0794963
0.0286411
0.0937490
-0.0206156
-0.0482058
-0.0083607
-0.0233860
0.0447841
-0.0293165
-0.0178761
0.0248585
0.0444756
0.0382954
-0.0249310
-0.0388429
-0.0102590
0.0537979
-0.0041164
-0.0347676
0.0170755
-0.0349575
-0.0269090
0.0194421
-0.0033498
0.0684512
0.0056442
0.0264388
-0.0373820
-0.0460540
0.0231161
0.0443385
0.0473110
-0.2000378
-0.0966767
-0.0339435
0.0569765
-0.0861192
0.0057225
0.0271788
0.0173602
0.0037889
0.0042802
0.0317711
-0.0040357
0.0443257
-0.0479594
0.0113538
0.0158422
-0.0413067
0.0378297
0.0403163
0.0260408
0.0680697
0.0246050
0.0276255
0.0183280
-0.0787068
0.0110661
0.0339959
0.1877602
0.2116944
-0.1942681
-0.0764857
0.0294617
0.0367839
0.0788807
0.0066947
-0.0348253
0.0045524
0.0211387
-0.0449296
0.0595962
-0.0188957
0.0036147
-0.0435873
-0.0071862
-0.0315248
0.0402991
0.0435848
-0.0407403
0.0150572
-0.0546913
0.0534328
0.0179000
0.0107915
-0.0826366
-0.0529658
-0.0835062
-0.0576879
0.0727159
0.1105131
0.2327148
-0.0014925
-0.2259953
-0.2140981
-0.0010398
0.0795135
0.0105326
-0.0537404
-0.0453841
-0.0421162
-0.0683139
-0.0059072
-0.0105008
0.0567876
-0.0086608
0.0269551
0.0403817
-0.0282140
-0.0238783
-0.0065939
-0.0027223
0.0183649
-0.0434762
-0.0379932
0.0238701
-0.0521024
-0.0240707
-0.0340829
