0.0027662
0.0074234
0.0055803
-0.0236336
0.0218449
0.0432118
-0.0281194
-0.0353998
0.0138492
-0.0293669
0.0256357
0.0231030
0.0121107
0.0030815
-0.0031050
-0.0135157
-0.0588134
-0.0549522
0.0180320
0.1321015
0.1373493
0.0935151
-0.0487425
-0.0386125
-0.1272038
0.1793645
-0.0291807
-0.0497585
-0.1012396
-0.0801676
-0.0376504
-0.0448379
0.0449461
0.0458486
0.0246675
-0.0298724
0.0059674
-0.0171149
0.0182912
-0.0165128
0.0113865
0.0033120
0.0015504
-0.0141062
0.0039918
-0.0238944
-0.0341203
-0.0131869
-0.0274599
-0.0135841
0.0125561
-0.0236914
0.0085034
0.0280306
0.0249618
-0.0270554
0.0009024
0.0053192
-0.0164295
0.0119124
0.0192111
-0.0138289
0.0230279
-0.0096873
0.0131448
0.0295180
-0.0080198
0.0270353
0.0012212
0.0360018
-0.0184987
0.0033374
0.0366203
-0.0110302
0.0092143
0.0362013
0.0292917
0.0207268
-0.0255515
-0.0158455
-0.0067856
0.0347637
0.0165690
-0.0218227
-0.0045335
-0.0145967
-0.0220919
-0.0092472
-0.0084680
0.0279119
0.0250463
-0.0082471
-0.0026478
0.0139156
-0.0135454
0.0161710
-0.0037300
-0.0144902
-0.0137531
0.0375466
-0.0278924
0.0016269
0.0117974
-0.0090186
-0.0354451
0.0162595
-0.0033933
-0.0038942
0.0283068
0.0177925
-0.0350400
0.0113214
0.0245196
0.0063927
0.0125017
0.0562578
-0.0006517
-0.0749038
-0.0196806
0.1219791
0.0708736
-0.0562535
0.0803242
0.0788609
0.0405843
-0.0070675
-0.0141122
-0.0243892
0.0099585
0.0518248
0.0300542
0.0119608
0.0217211
-0.0002255
-0.0187772
-0.0212651
-0.0290599
-0.0360220
0.0318808
0.0096146
0.0328508
-0.0333323
-0.0168917
-0.0101977
-0.0021634
-0.0193666
-0.0266098
0.0316239
0.0072740
-0.0009878
0.0357295
-0.0175129
0.0166111
0.0218582
0.0295823
-0.0043688
-0.0278527
-0.0033315
-0.0283963
0.0311879
0.0299336
-0.0189715
-0.0098696
0.0438337
0.0405683
-0.0111779
-0.0368672
-0.0909128
-0.0928591
-0.0597612
0.0188681
0.0885185
0.2479859
0.0223636
-0.3273018
-0.3231783
0.1157516
0.1293601
0.0735309
-0.0444747
-0.0344590
-0.0572443
-0.0278523
0.0314618
0.0268623
0.0427895
-0.0017928
-0.0002896
0.0282853
0.0260851
0.0261594
0.0248357
0.0087186
-0.0281971
-0.0250398
-0.0382297
0.0026517
0.0330420
0.0215504
0.0183642
