-0.2369163
-0.0211773
0.1103490
0.0702457
-0.0470327
-0.0914460
0.0672293
-0.0775457
-0.0634881
0.0762135
-0.0501634
0.0519350
0.0346664
0.0391625
0.0592633
-0.0405150
0.0830052
-0.0731433
-0.1240288
0.0105687
-0.1724392
-0.1192656
0.0683941
0.2540659
0.2967158
-0.5930379
0.4718217
0.1666787
0.0561521
-0.0478700
-0.0261883
-0.0304800
0.0346344
0.0868270
0.1315916
-0.0872515
-0.0649745
-0.0035750
0.0712867
0.0095726
0.0374320
-0.0885625
-0.1158596
0.0064406
-0.1284330
-0.0207091
-0.1424995
-0.1364446
0.0377169
0.2805812
0.4362712
0.4733962
-0.1408037
-0.8940829
0.3392918
-0.1718053
-0.0028857
0.0641853
-0.0726757
0.0547586
-0.0008643
-0.1085220
-0.0636414
0.0259820
-0.0001754
0.0836660
0.0856447
0.1000164
-0.0526573
-0.1406630
-0.1192909
-0.0548176
0.1964510
0.3326996
0.4053622
0.2002852
-0.9821879
-0.5746192
-0.1117613
0.2404329
0.3586177
0.2982452
0.0505039
-0.1286233
0.0155344
0.1085848
-0.0548574
0.1057283
0.0713577
-0.0950465
-0.0368157
-0.0805303
0.0746287
-0.0306875
0.1638443
0.0668761
0.0857822
-0.1050797
-0.1513644
-0.1686760
-0.1747172
0.6037381
0.5992035
-0.1730823
-0.9360983
-0.2214070
0.5044855
0.5020253
0.2180456
0.1097149
-0.2058107
-0.1419985
0.0970730
-0.0086459
0.0530537
0.0295334
0.0724712
-0.0755344
0.0323175
-0.0654157
-0.0142800
-0.0479044
-0.0910709
-0.1777582
-0.1072459
0.2653680
0.1644690
-0.4185334
-0.7887755
-0.5470604
0.1315826
0.0451359
-0.0666846
0.0224210
0.0094375
0.1482811
0.1591526
-0.1154005
-0.0211156
-0.0660900
0.0827200
0.0724481
0.0613117
0.0958110
-0.1255106
0.0122517
0.0567294
-0.0272911
0.0371712
0.0021605
0.0817616
-0.0543409
-0.1758455
-0.1815366
-0.1926772
0.4293695
-1.0693201
0.2073259
0.6252547
0.1181317
-0.1751908
-0.0158436
0.0101591
0.0323617
-0.0476979
0.0248562
-0.0241859
0.0917235
0.0414329
0.0882054
-0.0441743
-0.0295295
0.0004419
-0.0029806
0.1086901
0.0006669
-0.0431180
0.0003723
-0.0840906
-0.0613599
-0.1492943
0.0905620
0.1921565
0.5176424
0.4481897
-0.8802100
-0.5376198
-0.1634401
0.3118557
0.4433545
0.0583057
-0.0765306
-0.0959704
0.0189425
0.0907922
-0.0284434
-0.0661071
-0.0022021
-0.0707613
0.0027114
