-0.0143604
-0.0138575
-0.0154289
-0.0227389
-0.0095719
0.0141280
0.0067933
-0.0451644
-0.0212711
-0.0146681
-0.0079976
0.0024911
-0.0623037
-0.0806843
-0.0709335
-0.0960069
-0.0181393
0.0647123
0.3017842
-0.0965660
-0.2817817
-0.3427769
-0.1003846
-0.0644697
0.0299646
-0.0062011
-0.1184856
-0.0545637
-0.0297075
0.0105627
-0.0004196
0.0013100
-0.0079951
-0.0488843
-0.0092314
0.0365104
0.0290111
-0.0065602
0.0091390
0.0232125
0.0236229
-0.0377754
-0.0239903
-0.0204602
-0.0015414
0.0163490
-0.0339096
-0.0170578
-0.0002277
0.0122329
0.0174855
0.0300481
0.0309130
-0.0252144
-0.0051637
0.0214776
-0.0237066
0.0123519
-0.0414252
0.0171917
0.0002291
0.0214529
0.0570951
-0.0008786
-0.0840668
0.0002204
0.0071319
0.2658457
-0.2898897
-0.0903926
-0.0440467
0.1709306
0.0352878
-0.0278738
-0.0392811
-0.1089791
-0.0370818
-0.0208247
0.0157964
0.0144579
0.0071817
0.0651756
0.0002794
-0.0293673
-0.0319190
0.0341050
0.0529405
0.0244753
0.0181267
0.0294103
-0.0328299
-0.0299185
0.0088252
0.0317570
0.0085304
-0.0100016
-0.0332285
-0.0318594
0.0134659
-0.0092450
-0.0211967
-0.0209929
-0.0182507
0.0286155
0.0378016
0.0250958
-0.0085143
-0.0132841
-0.0412673
-0.0111231
0.0412973
0.0244409
0.0214298
-0.0375429
-0.0385313
-0.0081177
0.0493959
0.0158242
0.0303767
-0.0875330
-0.1024239
0.1209161
-0.2033168
-0.2425197
-0.1059613
0.1634425
0.0246785
-0.0592192
-0.0516702
-0.0593435
-0.0387903
-0.0405046
-0.0506597
0.0022202
-0.0469841
-0.0294699
0.0155298
-0.0130541
-0.0297572
-0.0311034
0.0151934
-0.0012713
-0.0165283
-0.0211577
0.0248020
0.0173670
0.0107654
0.0030299
-0.0131977
-0.0053164
-0.0239156
-0.0124118
-0.0139419
0.0259836
-0.0041855
-0.0329148
0.0172418
-0.0390701
0.0015427
-0.0112189
0.0409629
0.0311400
-0.0193979
0.0461474
-0.0064351
-0.0010176
-0.0239236
-0.0305383
-0.0950047
-0.0455214
0.0092358
-0.0336335
0.0296595
0.1490032
-0.0676610
-0.1473859
-0.1098540
0.0076184
0.1809455
0.0413068
-0.0675466
-0.0257666
-0.0474267
0.0108165
-0.0111269
0.0358404
0.0583990
0.0409799
-0.0021084
0.0374619
-0.0056899
-0.0117173
-0.0132527
-0.0136787
-0.0079276
-0.0163189
0.0264817
-0.0207522
-0.0018660
0.0232431
