-0.0216692
0.0322909
0.0010252
-0.0237388
-0.0117043
-0.0302772
-0.0111759
0.0057466
-0.0252885
0.0390434
0.0000283
-0.0245680
-0.0360532
-0.0278956
-0.0050576
0.0015084
-0.0160718
-0.0306563
0.0416059
-0.0234918
-0.0133091
0.0192218
0.0067721
0.0210375
0.0233659
0.0001231
0.0198541
0.0478545
-0.0022037
-0.0207333
-0.0363920
0.0070532
-0.0634025
0.0359047
0.0781283
-0.2542123
-0.0039429
0.0436275
0.1090523
-0.0108008
-0.0191101
-0.0171345
-0.0911999
-0.0889600
-0.0838171
0.0707629
-0.0100073
-0.0405067
-0.0231787
-0.0292785
-0.0062793
-0.0000915
-0.0155535
-0.0406392
0.0321506
-0.0314007
-0.0218626
0.0217035
0.0296135
-0.0012589
-0.0263354
-0.0184537
0.0227622
-0.0180692
0.0135703
0.0031235
-0.0077233
0.0112342
0.0402550
-0.0254589
-0.0310331
-0.0342584
0.0223124
-0.0029365
-0.0130046
0.0623940
0.0130351
0.0309899
0.0287060
-0.0521599
-0.0250619
-0.1178254
-0.0576351
0.2236072
-0.2565258
-0.3188817
-0.0108269
0.1496349
0.0096076
-0.1061859
-0.0008943
0.0144624
0.0426090
-0.0082764
-0.0318387
-0.0032849
-0.0195174
0.0048363
0.0007993
0.0012990
-0.0046018
-0.0058636
-0.0267896
0.0255537
-0.0055307
-0.0216752
-0.0023505
0.0048160
-0.0158445
0.0234348
0.0003687
-0.0203112
0.0083846
-0.0284026
-0.0298840
0.0161004
-0.0003428
0.0304188
-0.0131486
0.0257888
-0.0143604
-0.0154289
0.0169508
0.0322638
-0.0360431
0.0067933
0.0357147
-0.0146681
0.0491695
0.0355407
0.0529059
0.1575101
0.2318215
0.1444701
-0.0965660
-0.2817817
-0.3427769
0.1418223
0.0852737
-0.0062011
-0.0369719
-0.0884582
-0.0545637
0.0105627
0.0493220
0.0016569
0.0297927
-0.0488843
-0.0051947
-0.0210715
-0.0211918
0.0365104
0.0290111
0.0018089
-0.0065602
0.0236229
-0.0259609
0.0154294
0.0362783
0.0359619
0.0189311
0.0144730
-0.0002277
-0.0252144
0.0035174
0.0129757
-0.0051637
-0.0177493
-0.0368468
0.0214776
-0.0254486
0.0110170
0.0017101
0.0502791
0.0094282
0.0123519
-0.0414252
0.0152147
-0.0146664
0.0570951
-0.0010963
0.0245506
0.0234320
-0.0214363
-0.0008786
-0.0673558
-0.0693646
0.0002204
0.0071319
0.1091206
-0.1539056
-0.1223123
0.0903908
0.2071318
0.1709306
-0.1089791
-0.0949490
-0.0208247
0.0157964
0.0144579
