-0.0608917
0.0354570
-0.0155095
0.0486003
0.0409414
0.1407600
0.1084376
0.0305019
-0.0643851
-0.1672067
-0.0785245
0.1912485
0.5650365
0.7263652
0.3521849
-1.0320433
-0.7164722
-0.2267035
0.5587884
0.2086582
0.1192022
-0.0590964
-0.2153478
-0.3016858
-0.1013198
0.1115148
-0.0424534
0.0016783
-0.0076081
-0.0841551
-0.0328035
0.0087606
0.0669775
-0.0581063
0.0639458
-0.0179371
0.1238993
-0.0779588
-0.1567361
-0.1696682
-0.0598399
-0.0633973
0.1714590
0.2440744
0.4002874
-0.9020500
0.3488869
-0.1223216
-0.2722580
-0.0764503
-0.0046959
-0.0643208
0.0420869
-0.0146397
0.0901658
-0.0171513
-0.0701491
0.1093701
0.0106392
-0.0145921
-0.1154960
-0.1917017
-0.2100520
0.6373413
-0.4519998
0.0733541
0.4134063
0.3167930
-0.1420064
-0.1931694
-0.0902784
0.0193813
0.0832270
0.0641361
0.1504970
0.0927376
0.0415851
-0.1181965
-0.0384696
-0.1158995
-0.0054409
-0.0159464
-0.0139675
-0.0026302
-0.0627275
-0.0601639
-0.1147005
-0.0647442
0.0269921
0.3018979
0.1936856
-0.6390168
0.2562989
0.3862523
0.1159051
-0.0476641
-0.1938658
-0.0332870
-0.0154429
-0.0929267
0.0992522
0.0388543
-0.0822770
-0.0832597
-0.1042104
-0.0632589
0.0198669
-0.0180484
-0.0982847
-0.0357330
-0.0309601
-0.0518668
0.0266599
0.0223126
0.0871683
-0.1134424
-0.1671817
0.0396112
0.2728376
0.0581919
-1.0026798
0.3324772
-0.0034114
-0.2006530
-0.2386380
0.0618711
0.0300347
-0.0190767
0.0825393
0.0921134
-0.0272459
0.0071261
0.1036614
0.0205082
0.0311898
-0.0135918
0.0806502
-0.1256804
-0.1133927
-0.2299806
0.0081082
0.1280029
0.7550504
-0.2834218
-0.7646046
0.5174869
0.4675129
0.1505391
-0.2122511
-0.1710264
-0.1893664
-0.0881080
0.1199538
-0.0005258
0.0647164
-0.0974226
-0.0693598
-0.0324862
0.0546776
0.1095978
0.0987111
0.1517273
-0.1744974
0.3971426
0.6598211
-0.3173709
-1.0787425
-0.1717096
0.2537656
0.4762268
0.3684391
0.3632681
0.1828102
-0.2108390
-0.1919709
-0.0852031
0.0257097
0.0402096
0.0845324
0.0047572
0.0509442
0.0514902
-0.0528537
0.0862137
0.0183384
-0.0207752
-0.0656294
0.0022199
-0.0791744
0.0412290
0.1582791
-0.0223418
-0.1051110
-0.0977127
-0.0526571
0.1853237
0.4072766
-0.1382137
-0.5213117
-0.8701294
