0.0066409
0.0283232
-0.0035399
0.0215099
0.0228094
-0.0079070
-0.0264448
0.0336827
0.0275286
-0.0325204
-0.0200494
-0.0161631
0.0224326
-0.0034747
-0.0271396
-0.0126220
0.0191599
-0.0142982
-0.0374006
0.0352892
-0.0273736
-0.0342270
0.0183357
0.0021250
-0.0293280
0.0002967
-0.0148795
-0.0155612
0.0192909
-0.0179824
-0.0140308
-0.0444469
-0.0311241
-0.0257445
0.0266947
-0.0304300
-0.0015355
0.0091019
0.0394530
-0.0034782
0.0115116
0.0614662
0.0308784
-0.0413883
-0.0573970
-0.0675871
-0.1766977
-0.0456837
-0.0023813
0.0775741
0.1960778
0.2047911
-0.0055827
-0.1009799
0.0031069
0.0577514
0.0028173
-0.0318200
-0.0030444
-0.0147989
-0.0251033
0.0337436
-0.0130660
0.0386070
0.0174790
0.0330958
-0.0205554
-0.0271122
-0.0113753
-0.0094721
0.0051492
0.0172728
0.0302012
0.0279151
0.0001953
0.0296511
-0.0409154
-0.0200213
-0.0122078
0.0124255
0.0216876
0.0392569
-0.0042876
0.0049854
-0.0121841
-0.0535263
-0.0221666
0.0493776
0.0043752
-0.0670010
-0.0690228
-0.0293101
0.2737028
0.2904126
-0.1550235
-0.3174099
-0.2115359
0.0373398
0.0583796
0.1520830
0.1281807
-0.1222122
-0.0897598
-0.0085093
-0.0398990
0.0714177
0.0058828
0.0153667
-0.0311160
0.0184214
-0.0320915
-0.0338084
-0.0091426
0.0415161
-0.0113541
0.0079375
0.0191207
-0.0308604
-0.0097659
0.0206214
0.0158201
-0.0371410
0.0132954
0.0063850
-0.0232681
0.0027247
-0.0190516
-0.0255999
-0.0408101
0.0093628
0.0093091
-0.0220737
-0.0174245
0.0015723
-0.0059628
-0.0390420
-0.0026694
0.0697204
-0.0081675
0.0360531
-0.0052569
-0.0906209
-0.0968079
-0.0172464
0.1825699
0.0584387
-0.3669879
-0.1608901
-0.0174658
0.1701462
0.1715711
0.0722209
-0.0269277
-0.1127567
-0.0734553
0.0026929
-0.0220316
-0.0470022
-0.0478875
-0.0417824
0.0426964
-0.0026402
-0.0045968
-0.0298418
-0.0098105
0.0141141
0.0359483
-0.0207959
0.0239444
0.0022981
0.0083487
-0.0066939
-0.0121786
0.0041526
-0.0153154
-0.0009214
-0.0046157
0.0398456
-0.0207441
0.0096393
0.0271374
0.0130640
-0.0162541
-0.0149601
0.0077567
0.0359456
-0.0008431
0.0041935
0.0314540
-0.0300959
-0.0138141
0.0111729
0.0496567
0.0635606
0.0362023
-0.0551417
-0.0794379
0.0152272
0.0732970
0.2221446
