-1.0026798
0.4667170
0.3324772
0.2392816
-0.1361218
-0.1904411
0.0618711
-0.0403185
0.0307994
-0.0190767
-0.0068294
-0.0593527
-0.0909347
0.0430884
0.0216842
-0.0638349
0.0187999
0.0398160
0.0266790
0.0311898
-0.0135918
0.0806502
-0.0308770
-0.0580144
-0.1219130
-0.2299806
0.3925089
0.7550504
0.4207043
-0.2834218
-0.8996269
-1.0641514
0.5724180
0.1505391
0.0789087
-0.0881080
0.1199538
0.0647164
0.1218602
0.0767285
-0.0974226
-0.0091541
-0.0216947
0.0456458
-0.0389178
-0.0175272
0.0172204
0.1002096
-0.1744974
-0.2135434
-0.2253008
-0.1644068
-0.1105544
0.3971426
-1.0787425
0.4762268
-0.2464121
-0.0852031
0.0257097
0.0677136
0.0312651
0.0108267
0.0047572
0.0183384
0.0090689
0.0022199
-0.0791744
-0.0747891
-0.0006434
0.0038549
-0.0259978
-0.0526571
-0.0889308
0.0654375
0.1355985
0.1853237
0.1868382
-0.1382137
-0.5213117
-0.8701294
-0.5954866
0.2237537
0.3224938
-0.1448252
-0.1592983
-0.1397454
0.1274940
0.1088952
-0.0489805
-0.1110452
0.1169843
-0.0561548
-0.1313203
-0.0853279
-0.0129710
-0.0835305
0.1311738
-0.0007780
0.0698424
0.1302265
-0.0316200
-0.1705911
-0.1762087
0.0415042
0.1447318
0.7428131
0.1684986
-1.2121431
-0.4799222
0.0913834
0.2236258
0.2016371
-0.2331385
-0.1787973
-0.0192987
0.0415757
0.0289347
-0.0691581
0.0177371
0.0828912
0.0871559
-0.0017692
-0.0095554
-0.0990969
0.0318494
-0.0594472
-0.1683716
-0.2555251
-0.2046225
-0.0253493
-0.1020495
0.5559129
0.6393836
0.3857153
0.2193431
-0.0032886
-0.2228836
0.1293881
0.0523413
0.0998765
0.0880387
0.0559207
0.0126292
-0.1532486
-0.1111363
0.0661600
0.1705073
0.2394683
0.0475384
-0.0946133
-0.0777599
-0.3533786
-0.2311573
-0.1199847
0.1112272
0.3949429
-0.0157747
0.9404259
0.8081250
-0.1229680
-0.1087691
-0.0271675
0.0958386
-0.1258376
-0.1243808
-0.0191871
0.0117084
-0.0392297
0.0849367
0.0367803
-0.0836086
0.0389825
-0.0164813
-0.0219019
0.0996900
0.1379517
-0.0311572
-0.0560348
-0.1022452
-0.0204598
0.1663895
0.2248647
0.6115746
0.2939293
-0.5234665
-0.6723961
0.6155241
0.6187857
0.5964722
0.3568007
-0.1314924
-0.0813491
0.1011675
0.1720299
0.2025929
-0.1465304
-0.0068184
-0.1318796
-0.0240516
-0.0709218
