-0.0976687
0.0868418
0.0970188
0.0838604
-0.1180275
0.0965996
0.0704429
0.0782015
0.0396278
-0.0195207
0.2813836
0.1636705
-0.0403025
0.0220547
-0.1675451
-0.2320088
-0.2294390
0.2081377
0.1800265
-0.1815795
-0.2561935
-0.1887890
-0.0806313
-0.0087480
-0.0989913
0.1215805
0.0219049
-0.1020883
0.0174063
-0.0221392
-0.0836759
0.1042513
0.0102070
0.0827845
0.0220455
-0.0443569
-0.0536831
-0.2415699
0.2597132
0.3308064
-0.1478074
0.0393368
-0.0093199
-0.0382959
-0.1520836
0.1133789
-0.0001128
0.1407026
-0.0419787
-0.0508286
-0.0756245
-0.0661609
0.0582657
-0.0544617
-0.0465171
-0.2490883
-0.1930774
0.0063894
-0.1321924
0.1680181
0.0298452
0.0518908
0.0921326
0.0996477
0.0110780
-0.0295690
-0.0659957
-0.2103962
0.0226835
0.1317819
0.1432712
0.1857747
0.0252993
-0.4301350
-0.4443156
0.2196187
-0.1674430
-0.3794808
-0.5530300
-0.3466313
0.4258683
1.3825235
-1.1939845
-0.0176529
0.1481597
0.0197947
-0.1391464
0.1046422
0.1123968
-0.0130728
-0.1448909
0.1647758
-0.0907369
0.0248032
-0.0525326
-0.5005664
-0.5729325
0.2846324
0.0841130
-0.0317365
0.8326958
-0.9926852
-0.4335337
0.1266253
0.0630047
0.3557359
0.2022465
0.0326156
-0.1322954
-0.1430956
-0.0614539
0.0271058
-0.2031860
-0.1331229
0.1013641
0.2446280
0.0268352
-0.8071008
-0.3583467
0.4000556
1.1635513
-0.7584006
0.0673592
0.3714878
0.0582259
0.0478585
0.0421067
0.0542983
-0.0646805
-0.0818273
-0.2034820
-0.0913870
-0.2323678
-0.3171920
-0.0400309
0.2718895
0.4186647
-1.2791979
-0.8770396
-0.0135772
-0.0556084
0.0700064
0.3737707
0.1074172
-0.1305054
0.0164850
-0.0257998
-0.0418394
-0.1169029
-0.1759317
0.0163225
0.0395131
0.3354898
0.0664536
-0.0140703
-0.6656089
-0.2397492
0.8665696
1.2866017
-0.1194723
0.2162717
0.2697574
0.0953771
-0.0900493
-0.0428372
-0.2188697
-0.0648897
0.0602437
0.1345807
0.1343246
0.3688929
0.1723488
-0.0118129
-0.1727461
-0.6562959
-0.6326961
0.8691217
1.0807110
-0.8030832
-0.2519443
0.0064688
-0.1006472
0.3377924
0.1672648
0.0416950
-0.1522617
0.0369096
-0.1466781
-0.0267058
-0.0828428
-0.0305132
-0.1906354
0.0022988
0.0447070
0.2003834
-0.1427693
-0.2611344
-0.5277797
-0.3046572
0.3884953
