-0.0365905
-0.0131200
-0.1255675
-0.0322743
-0.1175524
0.0501954
-0.0252259
0.0461943
0.2393665
0.1414651
-0.0107238
-0.4355509
-0.2123392
0.3492325
0.5874606
0.3075156
-0.0614795
-0.0674068
-0.2912242
-0.0459484
0.0641981
0.0025735
-0.0581265
0.1516569
0.0320553
0.0008584
-0.0587673
0.1117492
0.0728747
0.1753196
0.1572679
0.1334163
-0.1716286
-0.0100600
-0.0151529
-0.0540455
-0.3536493
-0.0929791
0.4680952
0.3209656
-0.0431433
-0.1623446
-0.1233195
-0.2423509
0.0240572
-0.0939961
-0.0279897
0.0700095
0.0197936
-0.0651625
0.0798694
0.0009409
-0.1039712
0.0612117
0.2494782
-0.1781474
0.2600944
-0.2189509
-0.2043171
-0.1218356
0.0114117
0.0389863
-0.0426385
0.0233381
0.0423606
-0.0575363
-0.1277329
0.0600945
0.1350419
0.1534114
-0.0275640
-0.3757847
-0.2644807
-0.0138519
0.3032846
0.4049310
-0.1053704
-0.1386477
-0.1739344
-0.0663600
-0.0145996
-0.1012910
0.0868418
0.0838604
-0.1180275
0.0359682
0.0083466
0.0782015
-0.0195207
0.2813836
0.1636705
0.0220547
-0.4791887
-0.2294390
0.4561046
0.1800265
-0.0032936
-0.1887890
-0.0965434
-0.0806313
-0.0451779
0.0592889
0.1215805
0.1498535
-0.1060964
-0.1020883
-0.0221392
0.1042513
-0.0482435
-0.1813395
0.0150755
0.0827845
0.1045403
-0.1610166
-0.0443569
-0.0536831
0.3001829
0.0393368
-0.1000156
-0.1931476
-0.0447187
-0.0323330
-0.0001128
-0.0581973
0.0772247
-0.0756245
0.0582657
0.0710174
0.1138870
0.0383935
0.1997660
0.5641688
0.1008196
-0.1930774
-0.0321405
0.0063894
-0.2069149
0.0298452
0.0518908
0.0921326
0.0813879
-0.0286445
-0.0165439
0.0996477
0.0350587
-0.0295690
-0.0194222
-0.2103962
-0.2356886
0.0097007
0.1810661
0.2350017
-0.0089030
0.1857747
0.2181310
0.2196187
-0.3466313
1.1758125
1.3825235
-0.1729164
0.1481597
0.0197947
-0.0901826
-0.0475164
-0.0251658
-0.0584453
0.0362172
0.1647758
0.2036264
0.2938969
-0.0907369
0.0248032
0.1762697
-0.5005664
-0.3584742
0.1909106
0.2540007
1.1605800
-0.4068073
-0.4335337
0.1266253
0.0630047
0.3006517
0.2071736
0.2022465
0.0694871
-0.1430956
-0.0227823
0.0480734
-0.1225803
-0.1067653
-0.1331229
0.2446280
0.2235550
0.1213856
-0.6084735
-0.8071008
0.2803619
0.3296507
0.4000556
