-0.0115797
0.1038521
0.0786764
-0.0906530
-0.2716612
0.1999766
-0.0069173
-0.3115832
-0.2273645
-0.0486934
0.1202593
0.0321873
0.0016225
-0.0346556
-0.0016031
-0.0813664
-0.0710121
-0.0408642
0.0353942
0.0070917
0.0168264
0.0096695
0.0320430
-0.0072821
0.0313670
-0.0343128
0.0312777
-0.0246100
-0.0318634
0.0195007
-0.0099539
-0.0388111
0.0229252
-0.0302949
0.0146970
-0.0183188
-0.0016758
-0.0205713
0.0051441
0.0051305
0.0303810
-0.0094714
-0.0075210
0.0232939
-0.0043820
0.0423872
-0.0094682
0.0158254
-0.0357565
-0.0279014
-0.0324636
-0.0167646
-0.0039727
-0.0256860
0.0067146
0.0539284
-0.0145009
0.0098800
0.0626218
0.0567783
0.0029185
-0.0593774
-0.0693314
0.2764809
-0.2579188
-0.0850563
-0.0222391
0.0620559
0.0393150
-0.0058366
-0.0335530
0.0007320
-0.0082748
0.0274700
0.0562566
0.0147167
0.0215916
-0.0280663
0.0030615
0.0276133
0.0270887
-0.0197628
0.0329527
-0.0297948
-0.0319861
-0.0329629
0.0076409
0.0189472
0.0388768
-0.0357915
0.0163819
-0.0427351
-0.0150911
0.0183985
0.0529972
0.0217749
0.0491748
-0.0072408
0.0065570
-0.0003965
-0.0304853
0.0750550
0.0302080
0.0503844
0.0738625
-0.1174855
-0.2804250
-0.2283316
0.3943506
0.5320874
-0.2777010
-0.2531330
0.0120160
0.1127917
0.0969151
0.0826977
-0.0455635
-0.0134950
0.0180594
0.0021695
0.0256903
-0.0026706
0.0134945
-0.0063333
-0.0128444
0.0415113
0.0219032
-0.0113107
-0.0307874
-0.0034460
-0.0346383
-0.0254946
-0.0032015
-0.0212031
-0.0284052
-0.0257888
-0.0016457
0.0056546
-0.0130551
0.0354600
-0.0071521
-0.0440380
0.0114200
-0.0206179
-0.0158399
0.0276557
-0.0391471
-0.0195785
-0.0132623
-0.0179965
-0.0153845
0.0110190
0.0389127
-0.0240156
-0.0119812
-0.0301315
-0.0357333
-0.0016461
-0.0354401
-0.0028802
-0.0313775
-0.0714594
0.0137962
-0.0090033
-0.0596153
-0.2307859
-0.1154178
0.3512683
0.4054651
0.3585720
-0.1542058
-0.2727721
-0.2296818
0.0100896
0.0514650
0.1068571
0.0723090
0.0235074
0.0056992
-0.0561237
-0.0346811
-0.0184582
0.0518158
0.0164419
0.0031885
-0.0058318
0.0211506
0.0259612
-0.0474711
-0.0100855
-0.0195228
0.0252942
-0.0011904
0.0141153
-0.0176666
0.0203973
0.0435707
0.0392736
-0.0389018
-0.0110341
