0.4821355
0.0010410
-0.1660247
-0.1542228
0.0807946
-0.0430562
-0.0361964
-0.0107650
-0.0277498
-0.0710852
-0.0854213
-0.1662111
0.6206461
-0.1208188
-0.0765101
-0.0414349
-0.0002748
0.1521146
0.0556269
-0.1192902
0.1342974
-0.1383205
-0.2025321
-0.1303396
0.0970808
-0.0880233
0.5042661
0.5030714
-0.1575555
-0.0506726
-0.0715868
-0.0445349
-0.0380404
-0.0047506
-0.0603788
-0.0346742
-0.1464872
-0.0392760
0.0052714
-0.2477071
-0.3674139
-0.4422974
0.1745676
0.4695390
0.5654802
0.4456054
-0.2221393
-0.2680806
-0.0472851
0.0547409
-0.0790256
0.0763859
-0.3220307
-0.5016581
-0.2597942
-0.0153640
0.0709809
-0.0977690
-0.1823369
0.0418774
0.0657458
0.1089598
0.0522635
-0.1521475
0.1011985
0.0705105
0.0436732
0.0584487
-0.1274564
-0.4372439
-0.0577298
0.1020401
0.1212661
0.0698949
-0.2173868
0.0415199
-0.1456612
-0.0192770
0.0568693
0.0395133
-0.1340750
-0.0408114
0.1130206
0.2249915
-0.1259257
-0.1999798
0.1503107
-0.0720413
-0.0962375
0.0087558
-0.1464739
0.1290635
-0.0076234
0.4604147
-0.3426884
0.0228820
0.2367208
0.0983558
0.0296419
-0.0440342
