0.5156329
-0.0133759
-0.0730913
-0.0878834
0.0110874
0.0138441
0.0015459
-0.0171248
0.0001215
-0.0161288
-0.0366824
0.0137947
-0.0062519
-0.0283183
-0.0093046
0.0010306
0.0150490
-0.0365981
-0.0121038
-0.0391326
-0.0254492
-0.0345826
0.0021680
0.0078713
-0.0240842
0.0112461
-0.0223417
0.0461602
-0.0249035
0.0092976
-0.0404314
-0.0336854
0.0017722
-0.0021387
0.0410923
0.0124373
0.1040055
-0.0569403
0.0964199
0.2939193
0.0425481
-0.1520142
-0.3129544
-0.2013361
-0.1539421
-0.1121650
-0.0235995
0.0959293
0.0325528
0.0267245
-0.0165104
0.0440494
0.0187147
-0.0032477
-0.0134657
0.0188835
-0.0151694
-0.0098100
0.0061731
0.0164629
-0.0393322
0.0487847
-0.0304282
-0.0354414
0.0398746
0.0001309
-0.0294129
0.0433006
-0.0259502
0.0136585
-0.0382594
-0.0192876
0.0242447
0.0374157
-0.0128091
0.0307774
0.0261938
-0.0456826
-0.0364566
-0.0549192
0.0789547
-0.0120675
0.1006649
-0.0372220
-0.0110194
0.0164060
-0.0026721
0.0123602
-0.0049775
-0.0626745
0.0289174
0.0380331
0.0006462
0.0261444
-0.0293189
-0.0003990
0.0032672
0.0237786
0.0251389
0.0314916
