-0.0610014
-0.2258033
-0.0863401
0.5100453
-0.4145681
-0.2158015
0.2092840
0.1764677
0.0233859
0.0242033
-0.1774938
0.0669573
0.1053605
0.0956521
0.1762951
0.1530670
0.0764381
0.1204167
-0.0416413
-0.0809605
-0.2297955
-0.2125855
-0.0574996
-0.0429525
0.3393616
-0.1468060
-0.6453527
0.4024305
1.0203816
0.7044297
0.3970351
-0.2354444
-0.0825867
0.1262587
0.2398327
0.0407470
-0.1277179
-0.0988467
0.0077311
0.0789159
-0.0647735
0.1577073
-0.0771857
0.1185210
-0.0763911
-0.1507212
0.1165563
-0.1915216
-0.1022210
0.0672202
0.0380080
-0.1974643
-0.0403186
0.1854487
0.0394630
0.0848034
-0.0281840
-0.1460689
-0.0283253
0.0165364
-0.0757059
0.1225879
0.0172750
0.0845815
-0.1131861
-0.0464787
0.0230220
0.1744842
-0.0658113
0.1282319
-0.0499742
0.0934525
0.1195357
-0.0681076
0.1148749
0.0436997
-0.0485231
-0.0570991
0.0762731
-0.0857558
-0.0752294
0.1168942
-0.1161406
-0.0280941
-0.0590407
-0.1008569
-0.1513915
-0.0243388
-0.0398955
-0.1975712
-0.1474002
-0.0334140
-0.0929216
-0.4312264
-0.1444620
-0.0737809
-0.1231010
-0.0122442
0.2219130
-0.0560053
0.0586160
0.0087281
-0.0299646
-0.1463125
-0.0060749
0.0249183
0.1684995
0.1444300
0.0651898
-0.0970158
-0.1708499
-0.0598607
-0.0513326
0.0592137
0.2159049
0.1527965
-0.2349297
0.0578789
0.5781353
-0.4263411
-0.4142150
0.0094135
0.0375537
0.0662704
0.1188257
-0.1324281
0.0905955
0.1573967
0.0740646
0.0680253
0.1785903
0.1996106
-0.0455069
0.1177454
0.1674798
-0.0257329
0.0464182
0.0205432
0.4581261
0.4886439
0.0266595
-0.1411074
0.0153925
-0.1996081
0.0793691
0.1661958
-0.0580778
-0.1533203
0.0927614
-0.0722267
-0.1198445
0.1150718
-0.0607654
-0.0146005
-0.0844346
-0.1710736
0.1708433
0.0515458
0.1531682
-0.0030739
0.5112653
0.4516621
-0.3064895
-0.0048422
0.0347755
-0.0672129
0.0792789
0.0252607
-0.1195913
0.0768234
-0.1580447
-0.0367121
0.1712072
0.0510006
0.0835587
0.1714530
-0.1540896
-0.0309002
0.0360351
-0.0106314
0.0546943
0.2070616
0.1400123
-0.2340409
-0.0787351
-0.6770612
0.5736708
0.9639431
0.6887172
0.3613755
-0.2736185
0.0544808
0.0948428
0.0554128
0.1107258
-0.1591405
0.0349702
-0.0242555
-0.0499435
0.0160786
