-0.0440690
0.2890933
0.0593045
-0.3436585
-0.0187680
0.0392323
-0.0326303
0.1211440
-0.0746994
0.1095189
0.0965787
0.0371357
-0.0255510
-0.0049518
-0.1573653
0.1069747
0.0948591
0.1191120
-0.0568477
-0.1280282
0.0589695
-0.0133049
0.0349130
0.0101046
0.0494056
0.1503906
-0.2150628
-0.0200566
0.1068577
-0.1343245
0.1304170
0.1312582
-0.0170930
-0.0584726
-0.0199801
0.0094375
-0.0415849
-0.1787530
0.0392427
0.1615272
-0.0202837
0.0066871
0.0434014
0.2337323
0.0070607
-0.2476598
1.1737582
-0.6859839
-0.0588746
-0.0015862
-0.1046949
0.1985096
0.2322490
0.0405974
0.0040558
-0.1391848
0.0411105
0.2108449
-0.0701221
-0.2035611
-0.3179472
-0.5671134
-0.5494661
-0.7498243
0.0896482
0.1516245
0.1078037
0.0972375
-0.2130800
-0.0663550
0.0739884
-0.0127871
-0.1382109
0.0178055
0.0417510
0.1072908
0.1128179
0.0965523
0.1556221
0.2040088
0.1824903
-0.0629216
-0.4737297
0.4269300
-0.1644055
-0.9802464
-0.0992503
0.2646105
0.1183235
-0.1355667
-0.1486944
-0.1145090
-0.0453708
-0.0764495
-0.0597380
-0.0338329
0.1565876
0.2897934
0.1836378
0.1061895
0.1492064
-0.6847404
-0.6969388
0.8007607
1.6859501
-0.7194544
-0.7977085
-0.2453222
-0.0955929
0.1694103
0.0170726
0.0327053
0.0339685
0.0339141
0.0576843
0.1336400
-0.1277265
-0.0975048
0.1527468
0.1800770
-0.0031673
-0.6302623
1.5313344
0.8538806
-0.7383160
-0.3122441
0.3236312
0.0649737
0.2356213
-0.0956484
-0.0157954
0.0527293
0.0797525
-0.0603196
0.1417989
0.1280160
0.0860214
-0.3968986
-0.4354953
-0.7419507
0.1772634
0.9789096
-0.1660200
-0.8086916
-0.3863783
0.3240498
0.1808157
0.1340516
-0.0684241
0.0492996
-0.0570042
-0.0625593
-0.0454579
-0.0878083
-0.1285241
0.0894965
0.2376569
0.0292664
-0.1290284
-0.6868110
-0.5012178
-0.8253235
-0.0551739
0.1518082
-0.1194465
-0.1195189
-0.0154739
-0.0262753
0.0753656
-0.0597437
0.0372666
-0.1343816
0.0140401
0.0614954
0.1247159
0.2295424
0.0499120
-0.1443437
-0.2854834
-0.7508437
0.5200993
1.3087967
0.4909192
-0.8417595
-0.7023302
-0.2288681
0.1115967
0.2852963
0.2165277
0.2584807
0.0601175
-0.1786351
-0.1080062
0.0457202
-0.0779403
-0.1293327
0.1382182
0.0639662
0.2838537
0.0957936
