-0.0304795
-0.0537124
-0.1635085
0.0657667
0.1802377
0.0884474
-0.0020072
-0.0732029
0.0650651
-0.0061917
0.0784032
0.1060564
0.1861825
-0.1007819
-0.0608693
-0.1486107
-0.3665403
-0.2364428
0.7726326
0.3811417
-0.3002740
-0.5594107
-0.1416760
-0.1022633
0.0478351
-0.0093748
0.0308807
-0.1658879
-0.1580656
0.0658951
-0.0409318
-0.1780066
-0.0720977
0.1683016
0.1430245
0.0322948
-0.0129101
0.0124178
0.2076932
0.0869460
0.0169152
0.0359049
-0.0962416
0.0494528
0.0124968
-0.2926539
-0.0866755
0.0371529
0.1032718
0.2024145
0.1182635
0.1426285
-0.0054313
-0.1747952
-0.0847645
0.1671871
0.0980717
0.1152646
0.1950746
0.0658124
-0.0083398
0.0019185
-0.1142539
0.5140954
-0.3223809
-0.0608862
-0.0214830
-0.0581056
0.0790955
0.0212072
0.0669157
0.0724605
-0.1005046
0.0233582
0.1441874
-0.0143125
0.0781255
-0.0136710
-0.0792298
-0.1893435
0.0646071
0.0865930
0.0728422
0.1685509
-0.2129642
-0.2224332
-0.3186366
0.7952771
-0.4230233
-0.0577399
0.0536483
0.2365877
0.0721393
-0.0726138
-0.1209272
-0.0820533
-0.0130587
0.1018832
0.1490169
0.1925032
0.1631160
-0.1773717
-0.1731538
0.0121217
-0.2072802
0.1397570
0.1440394
0.0992935
-0.0007060
0.1675003
-0.4840145
-0.4899582
0.9503155
-0.0918914
-0.3498003
-0.2631512
-0.0027685
0.0055442
0.0806095
0.0824624
-0.0695374
0.1006569
0.1544470
-0.1353871
0.0424418
-0.0234003
-0.1025910
-0.0879703
0.0625241
0.0737196
0.0598163
-0.1497759
0.0279127
-0.0746380
0.0056657
-0.0519537
-0.1154224
0.0099350
0.0178080
-0.0141989
-0.0564277
0.1003753
-0.0527247
-0.0517240
0.0368558
-0.0724616
-0.0283697
0.0039053
0.0174398
0.0749470
0.0037624
0.0515698
0.2250067
0.0476736
-0.1864096
0.2796153
-0.1508672
-0.1288100
0.0794618
0.1333461
0.0024965
-0.0930861
0.1507263
-0.1122580
-0.1292737
-0.0180885
-0.1180648
0.0753400
0.1400506
0.1833268
0.1068924
0.0010329
-0.1239618
0.0219174
-0.1547360
-0.4593049
0.7511426
-0.1286213
-0.3010473
-0.0713887
-0.1291618
0.1118877
-0.0421298
0.1788726
0.1839133
-0.1166615
0.0276746
-0.0504007
-0.1807491
-0.0088188
0.1666479
-0.0168480
-0.0367505
-0.1063416
0.0030402
0.0195317
0.0779132
0.1803190
0.1508551
0.1351079
