0.3332292
0.0044465
-0.0506272
0.0154160
0.0040671
0.0553203
0.0220505
-0.0092307
-0.0295039
-0.0028689
-0.0293438
-0.0310704
0.0219922
-0.0419400
0.0404577
-0.0435574
-0.0433930
-0.0226191
-0.0150531
0.0091307
-0.0371041
-0.0368214
-0.0251520
0.0038890
0.0197814
0.0332679
0.0138409
0.0078226
-0.0251330
-0.0329073
0.0041136
-0.0222719
0.0144390
-0.0054602
-0.0352784
0.0208367
-0.0354135
0.0446857
-0.0424892
-0.1886912
-0.2041281
-0.0824627
0.2383917
0.3819274
0.3867184
0.2623014
-0.1407623
-0.2602476
-0.0236319
0.0127167
-0.0065347
-0.0249346
-0.0194720
-0.0003369
-0.0027214
-0.0488016
0.0365419
0.0169677
0.0017613
0.0123942
-0.0130738
-0.0320194
-0.0303042
0.0281161
-0.0152179
0.0166303
-0.0057715
0.0124396
0.0255460
0.0359076
0.0200486
0.0389265
0.0218382
0.0090008
-0.0063860
0.0130442
0.0383104
0.0089764
0.0433457
-0.0099590
-0.0412556
0.0474909
0.0361704
0.0668500
-0.0480934
-0.0758802
-0.0042492
0.0278166
-0.0382329
-0.0043393
-0.0256200
-0.0245244
0.0042307
0.0297851
0.0183090
0.0003846
0.0105941
-0.0034918
0.0091204
-0.0116122
