0.5100329
-0.1195058
0.0300142
0.0497308
0.0572107
-0.0733377
-0.0373552
0.0568641
0.0766260
0.0785701
0.0697503
-0.0709890
0.0105476
0.0822452
0.0040220
0.0529816
-0.0046539
0.0092142
0.0183364
0.0114719
-0.0732251
-0.0822452
0.0549624
-0.0778071
0.0540116
0.0242841
0.0306038
-0.0472000
0.0471770
-0.0849677
0.0746471
-0.0054610
-0.0383484
0.0188269
0.0798685
-0.1052770
-0.0005892
0.0060644
-0.0202998
0.3662377
-0.0844100
-0.2531512
-0.2435339
-0.2088130
-0.1096539
-0.0388739
0.0035587
0.0026558
0.0590884
-0.0570079
-0.0511357
0.0812061
-0.0837400
0.0273218
0.0206787
0.0376431
0.0167568
0.0592424
-0.0145429
0.0256382
0.0862901
-0.0330911
-0.0501798
-0.0441119
0.0609784
-0.0842404
-0.0286476
-0.0597163
0.0691735
-0.0016007
0.0807959
-0.0778778
0.0466743
0.0297880
-0.0308705
-0.0713836
0.0112745
0.0577280
0.0157886
-0.0007653
0.0052118
-0.2941683
-0.0791225
-0.0964534
-0.0423989
0.0033850
-0.0054241
0.0088448
0.0529695
-0.0074880
0.0595249
0.0803663
0.0698283
-0.0368871
0.0431610
-0.0862859
0.0791150
-0.0283065
0.0421911
-0.0170204
