0.0484861
0.0538891
-0.0088316
-0.0718142
-0.0998943
0.0209396
0.0956468
0.0444891
0.0029217
-0.0550476
-0.0249523
-0.0285628
-0.0388590
0.0221469
-0.0274214
0.0009817
0.1012783
-0.0443742
-0.1581088
-0.1572344
-0.1370230
-0.0432842
0.4106067
0.5941157
0.4837534
-0.2286954
0.2901640
0.2334780
0.1126047
0.0377648
-0.0595258
-0.2191654
-0.0507563
0.1541197
0.0579469
-0.0832848
0.0309551
-0.0328177
0.0407710
-0.0093333
-0.0424605
-0.0198452
-0.0226147
-0.0131294
-0.0682486
0.0335042
-0.0433963
0.0283480
0.0443564
0.0487594
0.0518482
0.1020529
0.0266163
-0.0394744
0.0295554
0.4699069
-0.0439197
0.3261746
0.0444858
-0.1546775
-0.1452953
-0.1545109
-0.0704923
0.1060960
-0.0836187
-0.1201094
-0.1025471
-0.0462986
0.0928926
0.0635228
0.0744659
-0.0832570
-0.0880883
-0.0687089
-0.0996993
0.0291001
0.0372002
0.0065856
0.0386939
-0.0588184
0.0699030
-0.0223586
-0.0948471
-0.0295703
-0.0876397
0.0003469
-0.0838074
-0.0727504
-0.0653194
0.0402862
-0.0937835
0.0800944
0.0081100
-0.0590252
0.0924886
-0.0826959
-0.0430474
-0.0551308
-0.0482072
-0.0282265
0.0544962
-0.0063696
-0.0730371
0.0452495
-0.0905880
-0.0407550
-0.0542096
0.0193206
0.0401317
0.0381336
0.0133893
-0.0846223
0.0740955
-0.0704891
-0.0191451
0.0774813
0.0543155
-0.0619005
0.0073276
0.0193169
0.0904585
0.0368770
0.0794494
-0.0104720
-0.0881417
0.0020037
0.0649929
0.0602035
0.0640092
-0.0050149
-0.0959491
-0.0215808
0.0316304
0.0209955
0.0172366
-0.0164847
0.0167579
-0.0327409
-0.0814694
0.0625675
0.0199356
-0.0665669
0.0861415
-0.0087608
0.0506340
0.0567398
-0.0734578
-0.0949330
0.0664620
-0.0732058
0.0325530
0.0866889
-0.0632655
-0.0972020
0.0114438
-0.0524242
0.0606684
-0.0983404
0.0443197
0.0415196
-0.0004258
0.0469681
0.0368143
0.1851322
0.3474564
-0.0761985
-0.5202448
-0.2485222
0.0552764
0.1608621
0.1953899
0.2167575
0.0780647
-0.0914523
-0.1306915
-0.0080630
0.0514744
0.0268244
-0.0244680
0.1066080
-0.0802891
-0.0441009
0.0438289
0.0304605
-0.0913952
-0.0875071
0.0384238
-0.0848611
-0.0746906
0.0081661
0.0551368
0.0438998
0.0394814
0.0748497
0.0215021
-0.0079448
0.0577749
0.1061123
0.0732223
-0.0677644
