-0.0507445
-0.0045276
0.0951793
0.0390949
-0.0793680
-0.0432290
0.0412746
0.0385902
-0.0566690
0.0057550
-0.0304566
-0.0138026
0.0297080
0.0507189
0.0800162
-0.0864170
-0.0346344
0.0744497
0.0533457
0.0840983
-0.0680874
0.0459350
-0.0231784
-0.0036324
0.0763733
0.0685174
0.0344355
0.0249409
-0.0253232
-0.0659327
0.0742504
0.0150013
0.1231765
0.0033043
-0.0549072
0.0319944
0.1052517
0.2535435
-0.5277865
-0.3776675
-0.2065318
0.0560791
0.1563511
0.2006800
0.0840801
0.0103522
0.0958799
-0.0606104
-0.0669630
0.0140950
0.0571946
0.0031768
0.0205852
-0.0031954
0.0806637
-0.0043290
-0.0456611
-0.0760989
0.0808793
-0.0616135
0.0351157
-0.0401398
-0.0196211
-0.0227697
0.0003747
0.0770208
-0.0168759
0.0070764
-0.0693207
-0.0582400
0.0311124
-0.0931672
0.0492214
-0.0058850
0.0132034
0.0868017
0.0494345
0.0470841
-0.0474965
-0.0293451
-0.0670334
-0.0563251
0.0858282
-0.0864274
0.0286060
-0.0511485
0.0681139
-0.0570770
-0.0361162
0.0857798
-0.0687383
0.0123267
0.0624953
-0.0481497
0.0612013
-0.0913979
-0.0668327
-0.0562366
-0.0750507
0.0528952
0.0306103
-0.0828373
-0.0570050
-0.2244163
-0.0759514
0.0010743
0.3787829
0.3919614
-0.2209802
-0.5095364
0.2242232
0.2287524
0.1095743
-0.0676825
-0.1541033
-0.1505515
-0.0136023
0.0747572
-0.0386859
-0.0066650
0.0285485
0.0007145
-0.0848699
-0.0875988
0.0107953
-0.0884628
0.0146695
-0.0342686
0.0603919
-0.0252139
0.0331417
-0.0513973
-0.0447320
0.0312531
-0.0075869
-0.0056011
-0.0752088
0.0773933
-0.0343831
-0.0324441
0.0439167
-0.0510256
-0.0854446
-0.0053909
-0.0977214
0.0556671
0.0607219
0.0558027
0.0741024
-0.0647130
0.0638501
0.0540092
0.0734634
-0.0697810
-0.0312224
0.0373483
0.0740520
-0.0815985
0.0529145
-0.0336781
0.0176069
-0.0918604
0.0111392
-0.0415204
-0.0351460
-0.0789165
-0.1167590
-0.0172717
-0.0014855
0.0279904
0.0079941
0.0170016
0.1451298
-0.0293733
-0.1169711
-0.2186386
0.0767184
0.3501437
0.4911900
-0.7015402
-0.4251298
-0.1778949
0.3683073
0.2954178
0.2381282
-0.1303077
-0.1917260
-0.1074778
-0.1457895
-0.0464377
-0.0082815
-0.0064981
-0.0246250
-0.0838901
-0.1155156
0.0783696
-0.0181962
0.0942853
0.0308461
0.0851884
