0.0062213
-0.0979441
-0.0955486
0.0272996
0.0785646
-0.0046045
-0.0366106
-0.0336386
-0.0402145
0.0202241
-0.0891998
0.0094983
-0.0574283
-0.0283464
0.0103274
-0.0231911
-0.0869086
-0.1869414
-0.1048835
0.0047377
0.2439200
0.2533145
0.3013404
0.1726679
-0.4560948
0.2921341
0.1011304
0.0489896
-0.0975685
-0.0403403
-0.0391324
-0.1675379
0.0609864
-0.0290790
-0.0006999
0.0570960
0.0342863
0.0469247
0.0641389
-0.0740796
0.0663594
-0.0243421
-0.0660354
0.0848202
-0.0404013
-0.0934802
-0.0177617
-0.0896053
0.0114551
-0.0785700
0.0655565
-0.0245618
-0.0246574
-0.0608045
-0.0341060
-0.0325549
0.0892779
-0.0529358
0.0744273
-0.1043992
-0.0079563
-0.1029534
0.0487236
-0.0533117
-0.0574274
0.0061039
0.0412742
0.0311952
-0.0057741
-0.0543484
-0.0153574
-0.0920197
-0.0335125
-0.1031681
-0.0068183
-0.0450048
0.1272009
0.0236608
-0.0229850
-0.0693303
0.0335131
-0.0865145
-0.0172013
0.0819043
-0.0416492
-0.0342643
-0.0442448
-0.1804619
0.0093888
0.3993179
-0.6402645
-0.0961008
0.3359404
0.2891248
-0.0225209
-0.1923862
-0.1046147
-0.1114539
-0.1250735
-0.0682992
-0.0344949
0.0959135
-0.0304416
0.0305204
0.0058290
-0.1020412
0.0562654
-0.0711671
0.0634568
-0.0015029
0.0652556
-0.0632472
0.0678673
-0.0547042
-0.0063337
-0.0730829
0.0574654
0.0957662
-0.0928722
0.0786425
0.0507084
-0.0597381
0.0022336
-0.0321271
0.0914624
0.0432483
-0.0915201
-0.0374111
0.0187938
-0.0626971
0.0145812
-0.0116157
-0.0749096
0.0776384
0.0666954
-0.0219048
0.0696711
0.0270472
0.0971424
-0.0724665
0.0135369
-0.0255064
0.0633614
-0.0411379
0.0415688
0.0548783
0.1012212
0.0298367
-0.0064377
-0.0165612
-0.0592494
-0.0402381
0.0553137
0.0730654
0.1625610
-0.0786536
-0.1796889
0.0590188
0.3007811
-0.7972074
0.4704428
0.2795823
0.0542702
0.0857731
0.1226373
0.0095374
-0.0179686
-0.0532557
0.0605537
0.0276579
-0.0869124
-0.0209112
-0.0819894
0.0849769
0.0877061
-0.0762399
-0.0715450
-0.0288475
-0.0103731
0.0906019
-0.0127309
0.0705999
-0.0514730
-0.0486029
-0.0243747
-0.0092708
-0.0374597
0.0123061
0.0512432
0.1049169
0.1245717
-0.0484140
-0.0726163
-0.0106063
-0.0091843
-0.1139911
-0.2458931
-0.4382965
-0.2861467
-0.0941398
