-0.2747669
-0.1311413
0.1307420
0.2001773
0.0599411
-0.0896226
-0.0784102
0.0511633
0.1128819
0.0181315
-0.1596746
-0.1970631
0.0042882
0.1841917
0.2528394
0.2899638
-0.0000904
-0.3147623
-0.0195819
0.0556530
0.2125471
0.1444483
0.0815891
0.0013270
-0.0541070
-0.0678958
0.1570355
0.1664365
0.1110119
0.1130827
0.0287478
-0.0594120
-0.2191115
0.3193170
0.5459956
-0.0756213
0.3033610
0.2619102
-0.0480613
-0.0542366
-0.0767118
-0.1342679
-0.0444717
-0.1420375
-0.1509929
0.1295732
-0.2665719
-0.0739550
0.0679858
0.3800442
0.5454449
0.6716651
-0.6132711
-0.2064390
0.2617428
-0.0925513
0.0221655
0.0560593
0.1486226
-0.0294910
-0.0374277
-0.0969075
-0.2273562
0.5639979
-0.6400319
0.1628140
0.1359686
0.1877780
-0.1280493
-0.0492949
-0.1068983
0.0639099
0.0937700
-0.0067023
-0.0413901
0.0521345
-0.0440695
0.0056879
0.0366618
-0.0668873
0.0023136
0.0302690
-0.0654265
-0.0494705
0.2858826
0.3202645
-0.2336226
0.0251991
-0.0338843
-0.0275928
0.0298090
-0.0368361
-0.0604164
0.0753257
-0.0415175
0.0380480
0.0576292
0.0335174
0.0096890
0.0875247
0.0403062
-0.1302116
-0.1666231
-0.1302692
-0.0703103
0.3901969
0.0828562
-0.3059250
-0.1728776
-0.1645872
0.1283405
0.0962793
0.0501965
-0.0724273
-0.0231540
-0.1078841
0.0332797
0.0301405
0.1605714
-0.1822893
-0.2659835
0.2989585
-0.4604419
-0.4999974
-0.1760211
0.2369273
0.0328418
-0.1548744
-0.0539040
-0.1790889
-0.0538579
-0.3224019
-0.3213198
0.0500130
0.1625160
0.4274977
0.6744319
0.0646990
0.1668988
0.1628428
0.1766848
0.2260795
-0.2259310
-0.0957177
-0.0083656
0.1057845
0.0318436
-0.0029045
0.0433842
-0.0921223
-0.1103384
-0.1484939
0.1962585
0.6281566
0.4049419
-0.2372222
0.1239865
0.0249395
0.0025249
-0.2094912
0.1503154
0.2263940
0.0297660
-0.2059664
0.0653140
0.4891623
0.2265324
-0.4920883
-0.4280193
-0.3599105
-0.0096452
0.0257751
0.0974765
0.2507075
0.1111865
-0.0641974
-0.2157883
0.0109818
0.0539460
0.0584762
0.1061787
0.0669005
-0.0824819
-0.0721912
-0.1328665
-0.1171875
0.0943177
0.4655973
0.5203436
0.5101514
-0.4478705
0.0998925
0.0408169
0.1024464
-0.0862271
-0.0749123
-0.0273430
0.1611670
0.0896705
0.0732313
