-0.0533832
0.0560946
0.0211902
0.0376922
-0.0341413
-0.0428711
0.0913402
-0.0566472
0.0765341
0.0626810
0.0117730
-0.0542037
-0.1033055
0.0635432
-0.0888228
-0.0044855
-0.0194500
0.0362715
0.0185860
-0.0898038
-0.1043322
-0.0795254
-0.0610951
-0.0626001
0.1010819
0.0375604
-0.2645408
-0.0293014
-0.0046982
0.1999253
0.1492072
0.1821475
0.0012778
-0.0090836
-0.0475008
0.0657124
-0.0774998
0.0740344
-0.0790369
0.0720832
-0.0294091
-0.0082827
0.0438074
0.0058399
0.0629471
0.0188503
-0.0380596
0.0359600
-0.0396690
0.0023945
0.0194750
0.0507165
-0.0498518
-0.0605927
0.0086371
0.0049191
0.0653200
-0.0416959
-0.0624323
-0.0554617
0.0600622
-0.0443153
0.0765942
0.0910327
0.0560866
0.0860257
0.0399329
-0.0161426
0.0674939
0.0204976
-0.0354885
0.0322638
0.0753546
0.0076358
0.0738211
-0.0916808
-0.0067613
-0.0057795
-0.0446801
0.0469236
0.0787043
0.0098594
0.0367234
0.0238937
-0.0576412
0.0005465
-0.0339395
-0.0286625
0.0244412
0.0023030
0.0401949
-0.0210741
-0.0032478
-0.1015424
-0.0886822
-0.0272802
-0.0587429
0.0399320
0.1743259
0.0323717
0.0889357
-0.1503982
-0.2078801
0.0609098
0.1189594
0.1859011
-0.0361290
-0.0826048
-0.1640536
-0.0818433
-0.0074522
0.1051380
0.1248289
-0.0621689
-0.0180880
-0.0281919
-0.0041325
0.1237321
0.1001433
0.0279961
-0.1298153
0.0316208
0.1602378
0.0475484
0.0838247
-0.1793788
0.0345967
0.1519918
0.1335113
0.4009697
0.4052669
0.1434265
-0.0812322
-0.1708274
-0.1865746
-0.1839142
-0.1420893
0.1593891
0.0455252
-0.0286884
-0.0494331
0.0245138
-0.1360621
0.0026429
0.0084222
-0.0233524
0.0536553
0.0424057
0.0506822
0.0781939
-0.0276926
0.0445830
-0.0563486
-0.0592827
0.0072873
0.0855536
-0.0601579
-0.0355873
0.0655934
-0.0078237
-0.0122558
-0.0597441
0.0923786
-0.0475010
-0.0081434
-0.0067627
-0.0605160
0.0693994
0.0090843
0.0580003
0.0924404
-0.0747726
-0.0149019
-0.0483788
0.0139728
0.0603693
-0.0148130
0.0208193
0.0904105
0.0516930
-0.0248912
0.0633684
0.0658844
-0.0745997
-0.0678662
-0.0596629
-0.0556219
0.0887660
0.0743451
0.0046576
-0.0889735
0.0288093
0.0591354
-0.0598583
0.0844312
0.0023314
-0.0773420
-0.0760834
0.0962956
0.0356443
