0.0078993
-0.0311851
0.0145971
0.0333323
0.0450033
-0.0682632
0.0399467
0.0494168
-0.0204426
0.0390067
0.0083092
-0.0022888
0.0323074
0.0442666
-0.0038219
0.0654661
-0.0396277
-0.0553869
-0.0188777
0.0335057
-0.0703345
0.0536789
-0.0020657
-0.0404745
-0.0361310
-0.0057987
0.0093977
-0.0218599
0.0110219
0.0175874
0.0599070
-0.0338714
-0.0325044
-0.0400584
0.0234879
0.0112292
0.0387166
-0.0267616
-0.0126597
-0.0335728
-0.0835729
-0.0200618
0.0170588
-0.1114599
-0.0716683
-0.1587548
0.0751098
-0.0747520
-0.0914558
-0.0927508
0.0063273
-0.0953538
0.0395570
-0.0213650
-0.0022828
-0.0135560
0.0269924
-0.0194177
-0.0503764
-0.0734355
0.0297343
0.0545059
-0.0068574
-0.0176275
-0.0129247
-0.0250832
-0.0359128
-0.0173993
0.0402967
-0.0373093
0.0118029
-0.0281924
0.0028032
0.0338934
-0.0539026
0.0049599
0.0517170
0.0268169
0.0350117
0.0228285
-0.0663740
-0.0517583
0.0617631
-0.0087226
-0.0224168
-0.0174404
-0.0340010
0.0216826
0.0102369
-0.0213647
-0.0399143
-0.0678734
0.0419275
0.0343169
0.0001942
0.0110162
0.0507217
-0.0278620
-0.0136024
0.0531414
-0.0476115
0.0692462
-0.0092114
0.0114356
-0.0079696
-0.0101623
0.0150976
-0.0422442
-0.0390978
0.0504033
-0.0577450
0.0525657
0.0336386
0.0204046
-0.0628336
0.0609481
0.0201403
0.0430753
-0.0178065
0.0178669
-0.0213581
0.0673144
0.0474623
0.0252109
-0.0195394
0.0424138
0.0688613
-0.0202790
-0.0103855
0.0218312
0.0571505
-0.0389741
0.0111021
-0.0163243
0.0209178
-0.0517550
-0.0543451
-0.0303251
-0.0289515
-0.0345721
-0.0255916
0.0128600
0.0363001
-0.0823318
-0.0731261
0.0720920
0.3312004
0.0431737
-0.3666345
0.0462670
0.0661141
0.1245192
0.0263624
-0.0216085
-0.0455203
-0.0551510
0.0898407
0.0517406
0.0393354
-0.0795134
-0.0286930
0.0246435
0.0529469
-0.0713843
0.0089473
-0.0058579
0.0253282
-0.0310626
-0.0617735
-0.0086888
0.0064301
0.0638566
-0.0618507
0.0568114
0.0599766
0.0083326
-0.0319147
0.0616109
-0.0078420
-0.0008683
-0.0077294
-0.0650256
-0.0060099
-0.0159117
-0.0080473
-0.0402508
0.0209032
0.0028946
0.0208450
-0.0480970
-0.0637710
-0.0311059
0.0203780
0.0416959
-0.0343258
-0.0284003
0.0282598
-0.0601964
-0.0235970
-0.0436575
