0.0672958
-0.0614497
0.0415335
0.0416598
0.0394466
-0.0360957
-0.0563624
0.0267347
-0.0430766
-0.0287270
-0.0621653
0.0496092
-0.0118450
-0.0654716
0.0133575
0.0132550
0.0328023
0.0477442
0.0462477
0.0241451
0.0582807
0.0199314
-0.0322155
-0.0508764
-0.0094503
0.0644322
0.0509863
-0.0673190
0.0336107
-0.0054064
0.0045773
-0.0512513
0.0340968
-0.0136312
-0.0506876
-0.0333980
0.0667301
-0.0245012
0.0515846
0.0657972
0.0178031
-0.0420945
0.0609794
0.0317585
-0.0149126
-0.0031831
0.0046501
-0.0051260
0.0264179
-0.0596331
-0.0525581
0.0303558
-0.0441279
-0.0052319
-0.0679509
0.0098972
0.0292439
-0.0754820
-0.0683483
0.3154487
0.1448355
-0.0540916
-0.3279633
0.0758288
0.0405268
-0.0829221
-0.0317270
0.0526840
-0.0270246
0.0608257
0.0477008
0.0388137
0.0121665
0.0212820
0.0586042
-0.0507751
0.0428515
-0.0541924
-0.0197879
-0.0648880
-0.0019308
0.0203738
-0.0641933
0.0157947
0.0203437
0.0089785
0.0004777
-0.0385674
0.0669720
-0.0174214
0.0070065
-0.0194882
-0.0347217
-0.0524902
0.0487619
0.0354399
-0.0590857
0.0685211
-0.0679537
-0.0108149
0.0258507
-0.0021262
-0.0049103
-0.0661949
0.0038614
-0.0599037
0.0572447
0.0652034
-0.0069313
-0.0628976
-0.0489923
-0.0009147
0.0502445
-0.0176002
-0.0609832
-0.0639754
0.0285669
-0.0145377
0.0423895
-0.0275609
0.0480430
-0.0136856
-0.0280579
-0.0157896
-0.0620458
-0.0158195
-0.0507676
-0.0009015
-0.0624536
-0.0409635
0.0196637
-0.0323920
-0.0570240
0.0525238
0.0612914
0.0549098
0.0286045
-0.0631277
0.0461456
-0.0150212
-0.0763220
0.0099278
-0.0543074
0.0549888
0.0237391
-0.0293595
0.0204808
-0.0493136
-0.0895937
0.0570649
0.1484862
0.2189771
-0.1605851
-0.3833373
-0.1655775
0.1598846
-0.0942874
-0.0953069
-0.0497320
0.0535279
-0.0460182
0.0034363
0.0278236
0.0210210
0.0684162
-0.0097577
-0.0644507
0.0096862
0.0418081
-0.0425608
-0.0260561
-0.0576890
0.0695148
0.0535822
-0.0638969
-0.0334742
-0.0229928
-0.0092465
-0.0515872
-0.0354336
0.0059141
-0.0559700
0.0489464
0.0402863
0.0223417
0.0242102
0.0450769
-0.0485278
-0.0399729
0.0357168
-0.0197650
0.0101694
-0.0644373
-0.0064165
0.0137310
-0.0487426
-0.0664771
0.0382228
0.0467889
-0.0135030
