-0.0107185
-0.0120403
-0.0155747
-0.0085976
-0.0041128
0.0127908
-0.0086940
-0.0020119
-0.0056396
-0.0136620
0.0127248
0.0010992
-0.0057378
-0.0323623
-0.0379448
-0.0072846
0.0577898
0.0562044
-0.0404976
0.0455251
0.0180687
-0.0244982
-0.0503581
-0.0239915
0.0252877
0.0002241
0.0008727
-0.0126426
0.0024184
-0.0062942
0.0090547
0.0069703
0.0022847
-0.0036552
-0.0044056
0.0052113
0.0097190
-0.0079177
-0.0059361
-0.0137068
0.0072474
0.0003032
0.0084267
0.0064684
-0.0132862
-0.0034361
0.0051439
-0.0002297
-0.0111710
0.0047430
0.0043248
0.0186255
-0.0128325
-0.0295366
0.0295973
0.0380216
0.0334835
0.0045460
0.0099479
-0.0002971
0.0042714
-0.0125957
-0.0025926
-0.0091694
-0.0087540
0.0071906
-0.0050102
0.0058357
-0.0114671
-0.0141411
-0.0008284
-0.0054012
-0.0035495
-0.0095535
-0.0079283
0.0134655
-0.0038146
0.0046802
-0.0131952
0.0002225
0.0034624
-0.0139417
-0.0049927
0.0037133
0.0201672
0.0171034
-0.0134414
-0.0059921
0.0410271
0.0547354
-0.0416273
0.0055385
-0.0027986
0.0040514
-0.0042361
0.0106486
0.0053194
-0.0167800
0.0014772
0.0061268
-0.0063602
-0.0048342
0.0093814
-0.0059177
-0.0084854
-0.0065095
0.0081172
0.0044385
0.0031114
0.0115624
0.0044860
-0.0131792
0.0046781
-0.0100197
0.0014162
0.0020490
0.0065160
-0.0160607
0.0030924
0.0031924
0.0050449
-0.0078616
-0.0044490
-0.0033816
0.0506252
-0.0291949
-0.0247211
-0.0849585
-0.0436292
0.0263481
0.0320517
0.0037582
0.0153279
-0.0097484
-0.0032936
0.0061777
-0.0084775
0.0055384
0.0016722
0.0032929
-0.0108925
-0.0121221
-0.0025811
0.0053335
0.0085854
-0.0021707
0.0042345
-0.0016533
-0.0136761
-0.0059394
0.0040624
0.0149410
-0.0118407
-0.0025391
-0.0134805
0.0164552
0.0251659
-0.0012267
-0.0137205
0.0125877
0.0432837
0.0647696
-0.0639422
0.0124265
-0.0067954
-0.0083078
0.0021072
-0.0114210
-0.0150502
-0.0074507
-0.0031556
-0.0078297
-0.0038486
-0.0062434
-0.0038310
-0.0090620
-0.0084646
-0.0109316
0.0150714
0.0093999
0.0117020
-0.0061135
0.0079718
0.0053745
-0.0085937
0.0028261
0.0114165
0.0156417
-0.0059654
0.0001728
0.0065535
-0.0146077
0.0065999
0.0205724
0.0113177
-0.0050298
-0.0119698
0.0048468
0.0395434
0.0534233
