0.0552258
0.0128253
0.0224102
0.0567127
0.0308656
0.0426604
0.0568281
-0.0221157
0.0372285
0.0459145
-0.0335421
0.0416054
0.0490247
0.0251178
-0.0026125
0.0784107
0.0358346
0.0206714
-0.0567172
0.0243925
-0.0463936
-0.0383694
-0.0746982
-0.0730952
0.0117534
-0.2200404
-0.0282775
0.2326329
0.1401552
0.0727888
0.0742410
-0.0064523
-0.0955466
-0.0582688
0.0384319
0.0443444
-0.0555433
0.0142417
0.0522994
0.0020301
0.0600238
0.0197376
-0.0231038
-0.0152625
0.0335146
-0.0517085
0.0521267
-0.0402333
-0.0325962
0.0069227
0.0402288
0.0511455
0.0278546
0.0248683
0.0419194
0.0070444
0.0125093
-0.0575042
-0.0207904
-0.0077539
0.0230648
-0.0561877
-0.0347089
-0.0682391
-0.0151427
0.0281735
0.0056623
-0.0144564
0.0395197
0.0246473
-0.0168858
-0.0398000
0.0949846
0.0715208
0.0519246
0.1046740
-0.0738876
-0.0787995
-0.1587133
-0.0959103
-0.1041814
-0.0354548
0.2128740
-0.0923531
-0.1913239
0.1546738
0.2029305
-0.0849091
-0.1368803
0.0199987
0.0325949
-0.0005642
-0.0239526
0.0265749
0.0162023
-0.0242919
0.0093004
-0.0247926
0.0518717
0.0382406
-0.0109072
0.0251272
-0.0671540
-0.0115021
0.0530191
0.0392215
0.0328723
0.0059643
-0.0087476
0.0612971
0.0532011
-0.0339201
0.0445535
0.0270595
-0.0174174
-0.0158680
-0.0249304
-0.0371837
0.0080339
0.0519941
-0.0283304
-0.0533663
0.0536107
-0.0108856
-0.0122467
0.0207970
0.0158979
-0.0191308
0.0494546
0.0233147
-0.0557749
0.0247062
0.0371273
-0.0536712
-0.0374999
0.0578214
-0.0426345
0.0579071
0.0139773
0.0456303
0.0542825
0.0431139
0.0216893
-0.0498807
0.0051452
0.0292895
0.0463387
-0.0041420
-0.0525911
0.0537800
0.0236723
-0.0163048
-0.0531890
0.0232380
0.0006505
-0.0050562
-0.0233100
-0.0192091
-0.0211869
0.0047544
-0.0606918
-0.0130970
0.0160806
0.0352054
-0.2188006
-0.0797072
0.0680026
0.0845811
0.0976637
0.0377792
-0.0419141
-0.0673526
-0.0525784
-0.0066673
0.0040455
-0.0280217
0.0386262
0.0090562
0.0468323
-0.0069928
0.0088323
0.0078083
-0.0296538
0.0156838
0.0392947
0.0352324
-0.0112803
0.0537843
-0.0521121
-0.0262339
-0.0074015
-0.0583455
-0.0215623
0.0150907
-0.0131976
-0.0356957
0.0492895
-0.0310619
-0.0101012
0.0050071
