0.4386009
-0.0053948
0.0175657
-0.0740911
0.0044094
-0.0202780
-0.0251881
0.0300524
0.0367963
-0.0172466
-0.0645031
-0.0039026
-0.0008644
-0.0662408
-0.0149138
-0.0243302
0.0336492
-0.0695494
0.0023586
0.0138584
0.0444244
0.0604480
-0.0037873
-0.0160711
0.0657088
0.0141721
-0.0172742
0.0209878
-0.0004387
-0.0569316
0.0385777
-0.0074147
-0.0730694
0.0038565
0.0153275
-0.0172583
0.0085594
-0.0481254
-0.0766959
-0.0650725
-0.1212282
-0.0561135
0.4041467
0.3598638
0.1432490
-0.3101858
-0.3755137
0.2204929
-0.0025528
0.0576365
-0.0046640
0.0246233
0.0279292
0.0105187
0.0234995
0.0290173
-0.0520390
0.0085528
-0.0711637
-0.0021021
0.0500596
0.0403777
-0.0220682
0.0615847
0.0426044
-0.0356369
0.0568314
0.0738244
-0.0162209
0.0367072
0.0331978
0.0260110
-0.0541383
-0.0222880
0.0477260
0.0419406
-0.0193720
0.0117521
0.0148961
-0.0282904
-0.0454891
-0.0654508
0.0571442
-0.1101071
0.0340086
0.0962288
-0.0412577
0.0327689
0.0277702
-0.0152921
-0.0092757
0.0159573
-0.0391019
-0.0243484
-0.0579237
0.0234675
-0.0077296
-0.0030020
-0.0279929
-0.0440038
