0.0269561
-0.0057261
0.0018802
0.0060870
0.0073429
-0.0004644
-0.0032298
-0.0072444
-0.0087495
0.0058181
0.0077930
-0.0058065
-0.0030291
0.0056284
-0.0079583
0.0003308
-0.0064429
-0.0028766
-0.0047655
-0.0034074
-0.0018185
0.0083440
0.0017211
-0.0070466
0.0031817
0.0020847
-0.0017232
-0.0022898
0.0044855
0.0002649
0.0079664
0.0007769
0.0101820
-0.0044615
0.0044298
-0.0017069
0.0188165
-0.0307321
0.0360117
-0.0374880
0.0000975
0.0297391
0.0067810
-0.0079044
-0.0117603
-0.0060527
0.0099756
0.0034405
0.0023726
-0.0046716
-0.0069588
0.0033556
-0.0033828
-0.0046010
-0.0021199
0.0051625
-0.0056175
-0.0041757
0.0001329
-0.0044999
0.0039227
-0.0001137
-0.0057245
-0.0065250
-0.0059575
-0.0057499
-0.0035580
-0.0017739
0.0060549
-0.0027845
-0.0028127
-0.0069350
-0.0024120
-0.0008699
-0.0039405
0.0026534
0.0052473
0.0093463
-0.0107880
0.0002838
0.0126333
0.0012091
-0.0023271
0.0018937
0.0020556
-0.0009591
0.0050902
-0.0035765
0.0023189
0.0072242
0.0044729
-0.0009233
-0.0068563
-0.0008436
0.0052513
0.0008767
-0.0035132
0.0010662
0.0026679
0.0069183
