0.0519372
-0.0043057
0.0015326
0.0021272
0.0077764
-0.0012379
-0.0005481
-0.0007715
-0.0040510
0.0029122
0.0060560
0.0002412
0.0022857
0.0029369
-0.0032912
0.0034646
0.0102744
0.0004542
0.0044319
0.0092340
0.0045025
0.0058175
-0.0028740
0.0042818
0.0000107
0.0059378
0.0081286
0.0050020
-0.0020710
0.0012964
0.0023259
-0.0048249
0.0093886
-0.0035747
0.0045999
0.0029434
-0.0108732
-0.0013329
-0.0106080
-0.0232245
-0.0158097
0.0113834
0.0599370
0.0555012
0.0209461
-0.0289389
-0.0565022
0.0130147
0.0002463
0.0062538
-0.0043445
0.0007272
-0.0018078
-0.0082407
-0.0017558
0.0096612
-0.0045951
-0.0013883
-0.0116578
-0.0023618
0.0034449
-0.0047074
-0.0046984
0.0038233
-0.0051711
-0.0079286
0.0043134
-0.0073273
-0.0085564
0.0048779
-0.0026486
-0.0002115
0.0002309
-0.0048548
0.0015102
-0.0039261
-0.0007141
-0.0064084
-0.0017761
-0.0027734
-0.0039592
0.0463859
0.0123738
-0.0014138
0.0049841
0.0066564
0.0016541
-0.0038845
0.0024237
0.0038168
0.0097844
0.0118291
0.0040819
0.0058459
0.0043184
-0.0006488
0.0096080
0.0015968
-0.0033107
-0.0009821
