0.0665119
0.0007972
0.0056026
-0.0131422
-0.0033238
-0.0051073
-0.0043471
0.0026635
-0.0009397
0.0076733
0.0009246
0.0036654
0.0002211
0.0014592
0.0007108
0.0100202
-0.0008644
0.0030760
0.0015237
-0.0042764
0.0058460
0.0092254
0.0092297
0.0003949
-0.0066828
-0.0002864
-0.0029331
0.0015443
0.0024373
0.0076221
0.0038565
0.0083688
-0.0035120
-0.0030383
-0.0075076
0.0077721
-0.0079813
-0.0022757
-0.0147253
-0.0100100
0.0189650
0.0527344
0.0469081
-0.0082822
-0.0433509
-0.0484111
0.0055329
0.0235087
-0.0037355
-0.0072929
0.0041507
-0.0059574
-0.0070452
0.0021209
0.0021829
0.0005644
-0.0019043
0.0081242
0.0057750
-0.0080954
-0.0011070
0.0069592
0.0029950
0.0022673
-0.0062138
-0.0003765
0.0084760
0.0017564
-0.0027413
-0.0044911
-0.0010276
0.0050683
-0.0011823
0.0093774
0.0079136
-0.0070365
0.0000119
0.0001057
0.0044243
0.0037815
-0.0087062
0.0249837
-0.0084063
-0.0028387
0.0062386
0.0105034
-0.0013992
-0.0064695
0.0018502
-0.0085394
0.0054334
-0.0030918
-0.0056003
-0.0074912
-0.0008437
-0.0057396
-0.0013057
-0.0052353
0.0047814
0.0030741
