0.0008132
-0.0336974
-0.0803595
0.0847952
-0.0496042
0.0309376
0.0062551
-0.0044889
-0.0146761
-0.0150059
0.0483358
0.0796253
-0.0453287
-0.0743634
-0.0506708
-0.0054442
0.0047999
0.0128200
0.0193755
-0.0057444
0.0010800
0.0051933
0.0077993
0.0020822
0.0030506
0.0045514
0.0020677
-0.0103151
0.0093383
-0.0064391
0.0054796
-0.0097966
-0.0053815
0.0195508
0.0126248
-0.0175928
-0.0135619
0.0031646
0.0159682
0.0243014
0.0140449
0.0144361
0.0050079
-0.0302604
-0.0758539
0.0602925
-0.0213439
-0.0029526
0.0011319
0.0114570
0.0092862
-0.0042312
-0.0167414
0.0043197
0.0175313
-0.0097608
-0.0096558
0.0090475
0.0195116
0.0162727
-0.0080869
-0.0129210
-0.0147180
0.0057635
0.0159050
0.0164487
0.0020633
-0.0343572
0.0566917
0.0376613
-0.0563807
0.0347210
-0.0602204
-0.0641152
-0.0431414
0.0169996
0.0053568
0.0196751
0.0166126
0.0122658
0.0118632
-0.0165100
-0.0113760
0.0058359
-0.0001920
0.0192091
0.0121358
0.0094364
-0.0002339
0.0335562
0.0731714
-0.0520592
0.0012802
0.0028393
0.0188630
0.0251274
0.0022199
0.0147958
-0.0008889
-0.0129604
0.0098785
0.0076911
-0.0098177
0.0022422
0.0000788
-0.0089619
0.0060555
0.0096434
-0.0032037
-0.0069073
-0.0079649
-0.0240423
0.0321900
0.0778271
-0.0384837
-0.1115092
0.0424177
-0.0006595
0.0304498
-0.0215090
-0.0136415
-0.0096894
-0.0102424
-0.0086921
0.0062874
0.0060726
0.0033145
-0.0191920
-0.0095287
-0.0530750
-0.0116383
0.0034104
-0.0037509
0.0136747
0.0122982
0.0079748
-0.0090241
0.0077607
-0.0075230
0.0122804
0.0067086
-0.0127196
-0.0105351
-0.0013489
0.0145001
0.0102840
-0.0103696
0.0032869
-0.0754507
0.0883731
0.1508997
0.0071392
-0.1120590
0.0032427
0.0241173
0.0036629
0.0004584
0.0058572
-0.0138487
0.0134777
-0.0044860
-0.0063568
-0.0005742
-0.0083623
-0.0325965
0.0385600
0.0229797
-0.0339986
-0.0406270
-0.0224135
-0.0040329
-0.0019488
0.0144060
0.0301817
0.0314543
0.0032034
-0.0195560
-0.0650621
0.0472180
0.0423700
-0.0030016
-0.0049655
-0.0177110
0.0028167
-0.0108848
0.0014190
0.0266588
0.0239643
-0.0076135
0.0012406
0.0043713
0.0747443
-0.0487642
-0.0111316
-0.0113873
0.0160455
0.0035231
0.0094064
-0.0132601
-0.0113257
