0.0710215
0.0040480
0.0041311
-0.0013529
-0.0036014
-0.0002297
-0.0006682
0.0015897
0.0073223
0.0061213
-0.0088454
0.0068788
0.0028113
0.0079880
0.0014679
0.0245634
0.0030197
-0.0016856
0.0037890
0.0027764
0.0072064
-0.0022933
-0.0011066
0.0036651
-0.0037417
-0.0028360
-0.0065779
0.0057451
0.0049789
0.0021933
-0.0011123
-0.0053951
0.0042812
-0.0061637
0.0006632
0.0028799
-0.0095616
0.0050624
0.0387445
-0.0512347
-0.0909892
-0.1040397
0.0211520
0.0626646
0.0781813
0.0486962
-0.0092761
0.0000490
0.0039272
-0.0050034
-0.0076580
-0.0037621
0.0044155
-0.0040603
0.0024953
0.0108571
-0.0067352
0.0115607
0.0037935
0.0077587
0.0007882
0.0050480
-0.0127054
0.0028812
-0.0087299
0.0042352
-0.0060982
-0.0087850
-0.0084601
0.0045976
0.0048953
0.0060795
-0.0042084
0.0092244
0.0054360
0.0033376
-0.0105026
0.0098889
0.0093513
-0.0058591
-0.0070010
0.0570915
0.0076674
-0.0086259
-0.0006315
-0.0114292
0.0083443
-0.0018768
0.0022934
0.0118028
-0.0090580
0.0039358
-0.0111882
-0.0054358
-0.0052262
-0.0003236
0.0056830
-0.0113241
0.0042992
0.0011635
