0.0403064
0.0879722
0.1205261
-0.0841304
0.0544604
-0.0209472
-0.0367634
0.1120846
-0.0631234
0.1082735
-0.0845465
0.0695970
-0.0210406
-0.0004141
0.0553920
0.0919625
0.1108119
0.0999507
0.0316430
-0.0534619
-0.0347175
-0.1899897
-0.2545630
-0.2331787
-0.2756132
0.8361221
-1.2387915
-0.7761489
-0.1636633
0.3359852
0.3403002
0.3272834
0.0496940
-0.1656055
-0.0847125
0.0382012
0.1234357
-0.1320464
-0.1435759
-0.1982837
0.0648776
-0.0968514
0.1005179
-0.1052240
-0.0477235
0.1514290
-0.0232779
-0.0819490
-0.0257322
0.1422304
-0.0069700
-0.0667792
0.1496435
-0.0673756
-0.0575518
0.1202416
-0.2803342
-0.1523282
-0.1079156
0.8064090
0.5889543
-0.1693067
-0.9786263
0.3472555
0.0053128
-0.0733445
-0.1478690
-0.0654413
0.0116727
0.1527499
-0.0876702
-0.1628722
-0.1591372
0.0325134
-0.0867366
-0.0202338
0.0955360
-0.0409244
-0.0650422
-0.0661510
-0.0933095
-0.1348815
-0.0400934
-0.0761536
-0.0241879
0.0732551
-0.0646612
-0.0229260
-0.0569229
0.0741506
-0.0664951
0.1632004
-0.0592537
0.0096636
-0.0602921
-0.2597697
-0.2520263
-0.0889321
0.2181097
0.4544866
0.7578603
-1.0175949
-0.4297106
0.5285851
0.5038177
0.2434424
0.0474993
-0.3080315
-0.2866602
-0.2515000
0.1592781
0.1831336
0.0113951
0.0086259
-0.1157629
-0.1797446
0.0230878
0.0680360
0.1015037
0.0934750
0.0090946
0.0260878
0.1252702
0.0985991
-0.0062279
-0.0613733
-0.1207414
-0.1237941
0.0416944
0.0658406
0.0735081
-0.2018551
-0.2154199
0.0818919
0.3415250
0.4252076
0.6957289
-0.0129342
0.4825334
0.5210249
0.2271721
0.2190864
-0.0329045
-0.0796030
-0.1648986
-0.0235127
0.2252512
0.0437849
-0.0326714
0.0252040
0.0779905
0.0324247
-0.0997297
0.0560538
0.1412342
-0.1067585
-0.0181357
-0.1470597
0.0985467
0.0693437
0.1380205
0.0264463
0.0692968
0.1673964
0.0834225
0.1605402
0.0951765
0.0073410
-0.0785101
-0.1876577
-0.2741924
-0.3788974
-0.2321738
0.4505340
0.5737876
0.4220830
-0.9825334
-0.2082649
0.2889897
0.2963410
0.1439387
-0.1325198
-0.2621775
-0.1237095
-0.1249610
0.0261015
-0.0386026
0.1869153
-0.0277981
0.0294889
-0.0268293
0.0573302
0.0923166
0.1552359
-0.0977751
-0.0205197
-0.0224353
-0.0725361
0.0676057
0.0646750
