0.0320170
0.0238766
-0.0230488
0.0048872
-0.0109708
0.0073169
0.0143694
-0.0196965
0.0351958
0.0127919
0.0265763
-0.0299136
0.0246039
-0.0317640
0.0115074
-0.0284084
0.0005849
-0.0079626
-0.0089298
0.0351816
-0.0145904
0.0277446
-0.0349114
-0.0067237
-0.0022676
-0.0300443
-0.0205634
0.0055625
-0.0291766
0.0040012
-0.0266989
0.0291268
0.0365941
-0.0192767
0.0252979
-0.0183750
0.0146318
-0.0094059
0.0324448
-0.0046138
0.0133055
0.0325041
-0.0128550
-0.0643949
-0.0228407
-0.0091181
-0.3861512
0.2046804
0.1638734
0.0403474
-0.0001046
0.0199279
-0.0464657
-0.0031364
0.0345596
-0.0203359
-0.0281511
-0.0166575
0.0345357
0.0067708
-0.0209251
-0.0293305
-0.0141092
-0.0032080
-0.0210586
0.0037230
0.0269036
-0.0372737
0.0347879
-0.0267826
-0.0310051
-0.0069635
0.0110649
0.0139043
0.0276991
-0.0269361
-0.0175950
0.0007291
0.0095861
-0.0191065
0.0065505
0.0202227
-0.0104527
0.0114628
-0.0192704
0.0221160
0.0323033
0.0156608
-0.0208407
-0.0274511
0.0124902
-0.0158226
-0.0301744
-0.0113552
-0.0315413
-0.0332199
0.0031723
0.0058128
-0.0038054
-0.0311920
0.0178013
0.0322506
0.0167092
-0.0282899
-0.0141569
-0.0196275
0.0129687
-0.0325767
0.0266477
-0.0249372
0.0013743
-0.0342895
-0.0253374
0.0214555
-0.0121156
-0.0117773
-0.0211699
-0.0067621
0.0230804
-0.0344976
-0.0307635
-0.0336712
-0.0065409
0.0276501
-0.0289321
-0.0179848
0.0243426
-0.0304059
-0.0009564
-0.0020421
-0.0233944
0.0169367
-0.0037838
-0.0221087
-0.0280165
-0.0636403
-0.0459658
0.1364572
0.0995882
-0.0493330
-0.2368789
-0.1728149
0.1265176
0.0914699
0.0247412
-0.0710096
-0.0333053
0.0025632
0.0240670
-0.0086363
0.0165163
0.0083742
-0.0263148
-0.0117153
-0.0076614
-0.0118844
0.0331891
-0.0283496
0.0186648
0.0066011
-0.0238967
0.0106891
-0.0316748
0.0196150
-0.0196868
0.0175483
-0.0070645
-0.0336413
0.0137862
0.0026446
-0.0290240
-0.0043093
-0.0003972
0.0325724
-0.0218616
-0.0103333
-0.0196026
-0.0187322
-0.0279006
0.0192987
-0.0320477
-0.0003905
-0.0309035
0.0230516
-0.0065750
0.0261980
0.0202620
-0.0048784
-0.0119431
-0.0290024
0.0038581
0.0188203
0.0321132
-0.0000522
0.0273030
0.0255026
0.0135432
-0.0152051
0.0337955
0.0257737
