0.0005676
-0.0246819
-0.0585036
0.0342323
0.0413404
0.0324915
-0.0630797
-0.1228661
-0.1983813
-0.1314194
0.2734289
0.4803574
0.2166202
-0.3603441
-0.7007585
-0.5096337
0.1139212
0.1643629
0.3232410
0.0870322
-0.0054012
-0.1318657
-0.1202896
-0.1273747
-0.1711689
0.1768113
0.0553596
-0.0208156
-0.1196894
-0.0838924
-0.0764815
0.0175810
0.0089570
-0.0547091
-0.0114206
0.0271576
-0.0476841
-0.0410689
0.0851916
-0.0425807
-0.0526127
0.0198807
0.0163965
-0.0821410
0.0606461
-0.0821905
0.1608546
0.0132452
-0.0116052
-0.0307559
-0.1036503
-0.1099640
-0.1383872
0.3438476
-0.7376840
0.0999552
-0.1383288
-0.1931925
0.0162676
0.0033731
0.1436017
0.0168990
-0.0171827
0.0242569
-0.0168989
-0.0065800
0.1111126
0.0856304
0.0581487
-0.0900551
-0.0746157
-0.0433384
0.0896812
-0.0409950
-0.0561971
0.0278712
0.0208734
0.0062189
0.0309193
-0.0622040
-0.0568499
0.0777200
0.1034880
0.1679994
-0.0564174
-0.1717147
-0.1750996
0.4169137
0.2382175
-0.4060194
0.2082243
0.2827675
0.0501731
-0.1098351
-0.1101871
-0.2020071
-0.0247124
0.1099594
0.1000837
0.1766023
0.0411732
0.0560885
-0.0929420
-0.0425972
0.0665681
0.0597603
-0.0672611
-0.0091143
0.0387908
-0.0077574
0.0113749
-0.0656056
0.0875556
0.0157815
-0.0057522
0.0567551
0.0109861
-0.0137097
-0.1449943
0.0025506
0.0602553
0.0164413
-0.2500364
-0.1157699
0.0317279
0.3301840
-0.7510075
-0.4862342
-0.2829063
0.2990018
0.2529405
0.0707219
0.0846029
0.1050125
0.0407038
0.1313469
0.1116487
-0.0040964
0.0410384
-0.0378060
0.0085272
-0.0487360
-0.0088704
-0.0406815
-0.0787486
-0.0548507
0.0786666
0.0792432
0.0805988
-0.0208147
-0.0216604
0.1052524
-0.1067810
-0.0265370
-0.0483773
-0.0051244
0.1687192
0.1232050
0.0119261
-0.3099820
0.4774302
0.4005947
-0.7207204
0.2115724
0.1823952
-0.0655927
-0.1570861
-0.0524909
0.0378575
-0.1005946
0.0122942
0.1070090
0.1264876
-0.0404218
0.0137857
-0.1323308
-0.0009258
0.0918697
0.0747391
0.0745022
-0.0261318
0.0055375
0.0630392
0.0197503
-0.0405457
-0.0786965
0.0024807
0.0414206
0.1005642
0.0715290
-0.0674432
-0.0599942
-0.0032726
-0.0639641
0.0522703
0.1316413
0.0052988
0.0430386
-0.0038795
-0.2478436
