0.0309630
-0.0209251
-0.0293305
-0.0102884
0.0152494
-0.0032080
-0.0111850
0.0037230
0.0269036
-0.0209509
0.0347879
-0.0014921
0.0183964
-0.0310051
-0.0297056
-0.0069635
0.0110649
0.0139043
-0.0269361
-0.0093061
-0.0175950
0.0007291
-0.0191065
0.0065505
0.0202227
-0.0160938
0.0120701
-0.0192704
0.0221160
0.0040290
-0.0319196
0.0213771
-0.0125918
-0.0103493
0.0066589
-0.0101258
0.0236990
-0.0301744
-0.0315413
0.0330237
-0.0332199
0.0031723
-0.0041923
0.0058128
-0.0038054
0.0013804
-0.0152290
0.0129687
-0.0325767
0.0121970
0.0266477
-0.0249372
-0.0066880
-0.0042782
-0.0304860
-0.0193898
-0.0067621
0.0086559
0.0266794
-0.0203598
0.0283869
-0.0336712
0.0097186
0.0063640
0.0202300
-0.0295204
0.0259629
-0.0009564
-0.0266864
-0.0072151
-0.0227666
0.0450633
0.0292400
0.0124246
0.0169367
0.0032434
-0.0636403
-0.0459658
0.0128716
0.0222029
-0.0123244
0.0023367
0.1364572
-0.2368789
0.1265176
0.1185628
0.0247412
-0.0710096
-0.0119834
0.0332100
0.0165163
0.0273537
-0.0076614
0.0160437
0.0270383
-0.0118844
-0.0079364
-0.0181936
0.0003255
0.0331891
-0.0283496
0.0119094
0.0066011
-0.0097129
-0.0080959
-0.0238967
0.0001187
-0.0316748
-0.0237524
0.0000422
0.0008818
-0.0104513
-0.0121754
0.0246516
-0.0230562
0.0137862
-0.0003972
0.0239227
-0.0218616
0.0193334
0.0051306
0.0295690
0.0103690
-0.0309035
0.0230516
0.0234991
-0.0290024
-0.0069439
-0.0042711
-0.0346578
0.0038581
-0.0090106
-0.0168710
0.0135432
0.0254951
-0.0172343
-0.0152051
-0.0244634
0.0284571
0.0245971
0.0344523
0.0214140
0.0094436
-0.0027569
0.0201734
0.0351276
-0.0334376
0.0286151
-0.0193502
-0.0137002
-0.0036018
0.0260028
-0.0270682
-0.0284926
0.0086653
0.0210290
0.0099428
0.0330059
0.0013840
0.0322125
0.0040467
-0.0193518
-0.0294784
-0.0216492
-0.0133953
0.0115179
0.0065438
-0.0106616
0.0037142
0.0026439
0.0333950
0.0032162
0.0080656
-0.0316677
-0.0106846
-0.0335524
-0.0573726
0.0035414
0.2109182
-0.0535060
-0.4268102
-0.2842814
0.2043678
0.1735937
0.0548785
-0.0118593
-0.0229489
-0.0865710
-0.0487154
-0.0640792
-0.0042520
0.0423993
-0.0171472
-0.0330094
0.0017007
0.0096317
0.0179671
-0.0255819
0.0247647
-0.0231814
