0.0288471
0.0059245
0.0460944
0.0245341
0.0389946
-0.0040030
-0.0535942
0.0148118
0.0145497
0.0447585
-0.0411878
-0.0209151
-0.0458457
-0.0472959
0.0049106
-0.0012850
-0.0005998
-0.0023980
-0.0552464
-0.0456493
-0.0025009
0.0352297
-0.0056073
0.0308641
-0.0422031
-0.0310748
-0.0445309
0.0391981
0.0365189
-0.0512914
-0.0316516
0.0298298
0.0253488
-0.0025906
-0.0406491
0.0379416
-0.0373116
-0.0260021
0.0038858
-0.0414888
0.0078244
0.0248865
0.0026489
-0.0178419
-0.0216200
0.0493925
-0.0425901
-0.1365985
-0.0857556
-0.0842952
0.0806682
0.1506325
0.3087019
-0.4625264
0.1659960
-0.0367527
-0.0490555
0.0183913
-0.0168432
0.0331721
0.0170725
0.0055016
-0.0421219
0.0190649
0.0372476
0.0170671
-0.0136080
-0.0141826
-0.0501379
0.0117764
-0.0203217
-0.0482237
-0.0071979
0.0350322
-0.0591485
-0.0502635
-0.0300517
-0.0308498
0.0114273
0.0122468
0.0196675
0.0274770
0.0313199
-0.0168708
0.0097633
0.0235667
0.0139929
0.0417014
-0.0498857
-0.0211625
0.0386095
-0.0227656
0.0249741
0.0402975
-0.0507063
0.0120439
-0.0238463
0.0044514
0.0253275
0.0112931
-0.0167387
-0.0396937
0.0463965
-0.0424274
0.0233815
0.0044129
-0.0032437
-0.0379792
0.0559032
0.0147968
-0.0517165
-0.0309350
0.0440300
-0.0335267
0.0231596
0.0394286
0.0357459
0.0145451
0.0077932
0.0361922
-0.0232146
-0.0143777
-0.0402921
-0.0332814
-0.0159055
0.0440631
-0.0072962
0.0012188
0.0258533
0.0081223
0.0181688
0.0203451
0.0407331
0.0246683
-0.0181279
-0.1233471
-0.1067339
0.2523382
-0.0557129
-0.3710895
-0.3261264
-0.0865278
0.1934449
0.1770347
-0.0464062
-0.0876976
-0.0017534
-0.0312902
-0.0016326
0.0208716
0.0148095
0.0349745
-0.0319352
-0.0028066
-0.0547004
0.0032829
-0.0014077
0.0402720
-0.0592455
0.0511493
0.0194989
-0.0418710
0.0164713
0.0372470
-0.0306741
0.0325892
-0.0274390
0.0435246
-0.0250786
0.0126391
0.0007762
-0.0432445
-0.0109087
-0.0520517
-0.0255010
-0.0305871
-0.0242557
-0.0048689
0.0272249
0.0245152
0.0130578
0.0546920
0.0257116
0.0112666
-0.0565965
-0.0563444
0.0436409
-0.0524991
-0.0247959
0.0279667
-0.0568780
-0.0431493
-0.0435499
0.0134787
0.0272121
0.0127070
0.0208515
0.0552883
-0.0269656
0.0330533
