0.0542532
0.0507943
0.0099360
0.0583887
0.0137085
-0.0094621
-0.0568704
0.0195934
0.0672839
-0.0423886
-0.0327223
-0.0578877
-0.0065176
0.0412826
-0.0417769
-0.0355620
-0.0228669
-0.0582293
-0.0404384
-0.0074034
0.0200050
-0.0395647
-0.0439621
-0.0408898
-0.0366569
0.0479768
-0.0186209
-0.0077815
-0.0450336
-0.0145292
-0.0471504
0.0453958
-0.0599837
0.0412638
-0.0184095
0.0327994
0.0237149
-0.0351367
0.0112762
-0.0450560
-0.0619757
-0.0665473
0.0588207
0.0088648
0.0667019
-0.0264610
-0.0026297
-0.0554019
-0.0580007
0.0258249
-0.0553291
0.0285154
-0.0358689
0.0058293
-0.0087880
0.0178687
0.0032111
-0.0017326
-0.0277491
0.0194793
-0.0653486
0.0175053
0.0005639
-0.0202123
-0.0470488
-0.0650986
0.0332938
-0.0370335
-0.0306827
0.0376445
-0.0354614
-0.0648265
0.0088763
-0.0223884
-0.0079544
0.0490092
0.0540068
0.0154013
-0.0045211
-0.0130315
-0.0710599
-0.1151634
0.0350812
0.2511595
-0.4087785
-0.2058499
0.1479891
-0.0229408
-0.1338999
0.0032192
0.0887250
0.0369121
-0.0018610
-0.0541830
0.0293938
0.0403778
-0.0089038
-0.0614704
-0.0445580
0.0315076
-0.0303356
-0.0167521
-0.0015567
0.0021606
0.0425421
-0.0255677
0.0545651
-0.0363407
0.0647189
0.0630105
0.0396325
0.0620099
-0.0572786
-0.0511485
-0.0674276
-0.0250689
0.0616963
-0.0700455
-0.0192052
-0.0303389
-0.0288011
-0.0367616
0.0682529
-0.0378286
-0.0490451
-0.0346527
0.0321151
-0.0613648
0.0081779
0.0078894
-0.0126128
0.0316932
-0.0168927
0.0545461
0.0668602
0.0416633
-0.0543848
-0.0327343
0.0149021
0.0452548
0.0104881
-0.0596552
-0.0633942
-0.0293577
0.0272405
0.0075298
0.0525282
0.0445728
-0.0012425
0.0436056
0.0471072
-0.0705672
-0.0624006
0.0596159
-0.0018149
-0.0235904
-0.0147445
0.0455533
-0.0313639
0.0008115
0.0349166
-0.0586731
-0.0308529
0.0173743
-0.0649953
-0.0695644
-0.0259336
-0.0239774
0.0613948
-0.0251686
0.0225448
0.0628251
0.0146901
-0.0347377
-0.0467209
0.0086188
-0.0852706
0.0004441
0.0261021
-0.0270893
0.0547002
0.0506457
-0.0585113
-0.1289979
-0.1245181
0.0078249
0.1723876
0.2620186
0.3275643
0.2532374
-0.3607977
0.1969793
0.0661943
-0.0110757
0.0087605
-0.0720049
0.0251975
0.0579179
0.0578687
0.0489675
