0.0038001
0.0022516
-0.1347714
0.0454790
0.1304147
-0.0389583
0.0007703
-0.1458419
-0.1999040
0.0438625
0.1837909
0.0929769
0.0220746
-0.1575796
-0.1927913
-0.2715252
-0.3869797
-0.2166999
0.3977606
0.8097713
0.5643685
-0.0737307
-1.1476464
-0.9393489
-0.0109520
0.1116460
-0.0542156
-0.2959594
-0.2287340
-0.2319593
0.0065496
-0.0249650
0.1752362
0.0912354
-0.0343830
0.0283151
-0.0331365
0.1424704
-0.1018040
0.1478400
0.0502101
-0.0549461
-0.1274147
0.0836341
-0.1251739
-0.1190192
-0.1245360
-0.1735547
-0.1726554
-0.1030371
0.0550314
0.1498887
0.2123458
0.0872945
-0.2191284
0.1255704
-1.1641678
-0.3873885
0.3331272
0.1633714
-0.0945977
-0.3055269
-0.2646322
-0.0074766
0.0475867
-0.1193144
-0.1107895
-0.1970015
-0.1241824
0.0131216
-0.0654257
0.0762756
-0.0762912
-0.0538002
-0.0370300
-0.0231772
-0.0437501
0.0697031
-0.0010098
-0.1227486
0.1425520
0.0940035
-0.0839650
-0.0516608
-0.1115062
-0.0157825
0.2246838
0.2129098
0.0606044
-0.3497702
-0.0434216
0.6839410
-0.8333410
-1.0383474
-0.4144389
0.4278084
0.4779521
0.3086543
0.3018823
0.1641143
-0.2498343
-0.0438023
0.0177679
-0.0391485
0.1318223
0.1187233
-0.0901162
0.0122829
-0.1981449
-0.1542104
0.0123085
-0.0402585
-0.0125799
0.0023081
0.1037545
-0.0705841
-0.1340841
-0.0209541
-0.0529782
0.0415557
0.1404306
-0.1002009
0.1409655
-0.0801869
0.0490176
0.0487663
-0.2931917
-0.3431511
-0.0791236
0.1893347
0.3951134
0.4037063
0.2975808
0.0422505
-0.0781808
-0.0199956
-0.2411596
0.2042393
0.1862447
0.1710590
0.1576991
0.0336261
0.0656846
-0.1447290
0.0858446
0.1349166
0.0467052
-0.0400754
0.0462202
0.0480353
-0.0596203
0.0277844
0.0416610
0.0236338
-0.0176625
0.1304158
0.0846876
-0.1030630
0.0498135
0.0489989
0.0123112
0.0617808
-0.1649809
0.7324082
0.4429065
-1.0563159
-0.3495969
0.4000452
0.4019667
0.3278108
0.3114519
0.1707140
-0.0805443
-0.1161720
-0.0157382
-0.0443862
0.1015896
-0.0100708
0.1091720
-0.1130213
-0.0682823
0.0397096
0.0496808
-0.1470896
-0.0802843
0.0009065
0.0046045
-0.1081201
0.0319344
-0.1086643
-0.1555024
0.0119011
-0.0120382
0.0762582
0.0669705
0.0907377
-0.1595130
-0.0827774
-0.2039792
0.0308640
