0.3021748
-0.0082183
0.0961642
0.0094455
0.0048082
0.0194408
0.0056951
0.0039601
0.0376746
0.0220125
0.0115542
-0.0444115
0.0515671
-0.0064232
0.0131996
-0.0266716
-0.0195508
-0.0578224
-0.0195948
0.0047821
0.0448412
0.0165272
-0.0248305
-0.0684503
-0.0494838
0.0321862
-0.0179665
0.0646584
0.0397685
-0.0211180
-0.0169133
-0.0433632
0.0237131
0.0138901
0.0066126
0.0038663
-0.0000243
0.0251071
-0.0427362
0.1746562
0.3564895
0.3809285
-0.3088271
-0.6151969
-0.4772179
-0.1888319
0.2436841
0.2214446
0.0460359
-0.0149173
-0.0684315
-0.0043196
-0.0111486
-0.0469507
0.0033514
0.0398932
-0.0360431
0.0042776
0.0155517
0.0764612
0.0705343
0.0179949
-0.0146047
0.0689572
-0.0536155
-0.0214274
0.0548200
-0.0691009
0.0893637
0.0648861
-0.0086339
0.0576249
0.0469217
-0.0366831
-0.0716743
0.0352023
0.0310259
-0.0023526
-0.0333041
0.0232613
0.0080382
0.1115713
0.0859659
0.0531390
0.0478830
-0.0426958
-0.0477623
0.0337606
-0.0637114
0.0622829
-0.0160257
-0.0109955
0.0474470
-0.0694134
-0.0223067
0.0071275
0.0084082
-0.0127583
0.0737555
0.0131408
