-0.0012861
0.0193633
0.0085760
0.0087367
0.0166312
-0.0185704
0.0159640
0.0005195
-0.0263995
0.0351172
0.0021601
-0.0224577
0.0236270
-0.0243433
0.0119992
-0.0300710
-0.0246990
0.0283640
0.0122629
-0.0224102
-0.0075512
-0.0209515
-0.0176581
0.0243286
0.0094330
0.0069349
0.0152156
-0.0267329
0.0036328
0.0017977
0.0033419
-0.0027027
0.0116732
-0.0022654
-0.0005972
0.0351198
0.0202019
-0.0153964
0.0177855
-0.0179750
-0.0170435
0.0012252
0.0237259
0.0124656
0.0128877
0.0165639
-0.0247355
0.0310559
0.0154956
0.0286043
-0.0169127
-0.0278034
-0.0099992
-0.0314210
0.0024871
-0.0000134
-0.0293716
0.0102049
-0.0117881
0.0221067
0.0190547
0.0001710
-0.0067976
-0.0191318
-0.0201111
-0.0088849
0.0216453
-0.0364340
-0.0255244
0.0486780
0.0449059
0.0032772
-0.0350795
-0.0501407
0.0053308
-0.0609245
0.0064847
0.0705045
0.2151006
0.2515638
0.1418197
-0.2398801
-0.0304674
0.0361668
-0.0309023
-0.0441707
0.0036244
-0.0236564
0.0052371
-0.0181053
0.0030346
0.0059441
0.0361860
-0.0225984
0.0175203
-0.0162561
0.0320655
0.0235160
0.0191868
-0.0040823
0.0018640
0.0297227
-0.0033223
0.0015608
0.0275413
0.0150349
-0.0078328
-0.0025871
0.0173493
-0.0181117
-0.0275689
-0.0126352
0.0012659
0.0280447
0.0013259
-0.0182448
-0.0171117
0.0139868
0.0148797
-0.0075769
0.0359455
0.0154921
-0.0161325
0.0076159
0.0135326
-0.0141556
-0.0335450
-0.0192245
-0.0125567
0.0079302
0.0306391
0.0296886
0.0058818
-0.0018338
-0.0272047
-0.0095252
-0.0260246
0.0018485
-0.0100531
0.0214657
-0.0290732
-0.0077136
-0.0312144
0.0078546
-0.0258063
-0.0314671
0.0168562
-0.0245012
0.0228035
0.0208550
0.0045091
0.0003609
-0.0141127
-0.0127356
-0.0165661
0.0145480
0.0248364
-0.0233752
-0.0261040
0.0161236
-0.0279722
-0.0146689
0.0119707
-0.0332418
-0.0288525
0.0062249
-0.0268541
0.0280810
-0.0238668
0.0107115
0.0224034
-0.0043819
-0.0112749
-0.0076606
0.0039343
-0.0278716
-0.0154002
0.0468676
0.0145494
0.0094868
-0.0544544
-0.0444287
-0.0157431
0.0144684
-0.0377174
0.1311906
0.1169524
-0.0129951
-0.1269308
-0.2030937
0.1240035
0.0444283
-0.0108911
-0.0296009
-0.0008696
0.0444077
0.0386947
0.0281023
-0.0273458
-0.0249752
