0.0100659
-0.0156336
0.0041881
-0.0139572
-0.0057010
0.0040643
0.0096696
-0.0055674
-0.0059017
0.0065657
0.0038760
0.0154022
-0.0174163
0.0081745
0.0031373
-0.0111714
-0.0218881
-0.0172168
-0.0126989
0.0129431
0.0072253
0.0096212
0.0186244
-0.0137443
-0.0312386
-0.0086452
0.0454415
-0.0374645
-0.0852998
-0.0501453
-0.0072868
0.0366454
0.0023632
-0.0154949
-0.0127790
0.0112014
-0.0163633
0.0118662
-0.0152676
-0.0108288
-0.0036486
0.0142515
-0.0074001
-0.0111638
-0.0049168
0.0171764
-0.0073198
0.0039795
-0.0179574
0.0154515
-0.0160302
0.0089783
0.0166604
0.0074643
0.0013120
-0.0107200
0.0052700
-0.0057964
-0.0123344
0.0087698
0.0449579
0.0531711
0.0569644
0.0133368
0.0230923
0.0034681
0.0054238
0.0018032
-0.0156508
0.0049434
-0.0128741
-0.0167502
0.0136887
0.0138990
0.0082737
-0.0151389
0.0112238
-0.0022980
0.0081337
0.0073472
0.0150590
0.0134874
-0.0010411
-0.0142144
-0.0098843
-0.0046737
-0.0073273
-0.0099279
-0.0074389
-0.0101995
0.0071201
-0.0159605
-0.0011749
-0.0054579
0.0077371
0.0001119
-0.0060710
-0.0153786
-0.0155631
0.0135707
0.0452771
-0.0649610
-0.0250459
0.0222822
0.0477578
-0.0023754
-0.0063036
0.0008435
-0.0113477
-0.0189772
-0.0031338
-0.0069880
-0.0162430
-0.0055017
-0.0081290
0.0117058
-0.0162897
0.0156923
0.0080004
0.0131860
0.0113431
-0.0077859
0.0010781
0.0042816
0.0045708
-0.0037281
0.0038403
-0.0181894
0.0123601
0.0040845
0.0177298
-0.0202900
0.0027543
0.0366132
0.0694846
0.1013508
0.1008306
0.0632144
0.0527108
0.0197759
-0.0138864
-0.0101303
0.0019597
-0.0285702
0.0108911
0.0244560
0.0095920
-0.0049980
-0.0104122
-0.0097148
-0.0059189
-0.0118025
-0.0113498
0.0153472
0.0130141
0.0137248
-0.0033136
0.0101510
-0.0136712
-0.0050349
0.0149303
0.0145106
0.0074199
-0.0050801
-0.0111179
0.0141057
-0.0140669
-0.0295509
-0.0159755
-0.0305763
-0.0097176
-0.0112899
0.0278056
0.0787293
-0.0499621
-0.0889794
0.0398763
0.0322491
0.0239709
0.0066387
-0.0168642
-0.0231627
-0.0169042
-0.0081954
-0.0128220
-0.0122538
-0.0061298
-0.0124712
0.0137563
-0.0092683
0.0133757
-0.0160324
-0.0049413
-0.0151591
0.0051494
0.0172065
0.0138949
0.0182013
-0.0048345
-0.0132422
