0.0456747
0.0462171
-0.0660524
0.0642121
0.1415012
0.0481157
0.0584712
-0.1827306
0.0431842
0.1367888
0.1253165
-0.0048853
-0.0822801
-0.1673259
-0.2639207
-0.3873733
-0.0992004
0.0185797
0.9088314
0.4653963
-0.1783815
-0.7977520
-0.9799571
-0.3872497
0.3851832
0.0867975
-0.1087318
-0.1132700
-0.1600956
0.0033148
0.1302553
0.0675909
0.0918228
0.0491589
-0.0313364
0.1310506
-0.0172464
-0.0622064
-0.1282862
-0.0450068
-0.1336095
-0.1677952
0.1029725
0.0736122
-0.0074410
-0.0436301
-0.0975564
-0.0923077
-0.1494785
-0.0664523
0.1907006
0.1468511
0.0908612
-0.1051739
-0.1781087
0.5945477
-0.0169165
0.4058302
0.2767385
-0.0114215
-0.2623566
-0.1170897
-0.0413569
0.1563545
0.0461559
-0.0559138
-0.1454258
0.0805850
-0.0319120
-0.0982908
-0.0397442
-0.0879666
-0.0386787
0.0597693
0.0842734
-0.1250628
0.0934900
0.1631472
-0.0962790
0.1637271
0.0244198
-0.0924378
0.0901071
0.0067340
0.1078034
0.0276871
0.1421124
-0.0136055
-0.3734660
0.2827164
0.9308522
-0.5818510
-0.0917609
0.1680460
0.4234770
0.4327930
0.1496506
-0.1601798
-0.3289684
-0.0833429
-0.1272581
0.0304652
-0.0287509
-0.0466400
0.0541222
-0.0271154
-0.1726383
0.0879045
0.0390026
-0.0319334
0.1009961
0.0122725
0.0258419
-0.0262827
-0.1314736
-0.1251320
-0.0463476
-0.0563639
0.1722007
0.1002233
0.0179875
0.0424529
0.0697405
0.1552787
0.0339194
-0.2871520
0.3198676
0.4240719
0.5865703
0.4141623
-0.2452410
-0.1001185
-0.0684114
-0.1428121
-0.0484266
-0.0865932
-0.1251290
0.0572353
0.1308663
0.1139873
0.0796259
0.0213330
-0.1138452
0.0431389
0.1625494
-0.0298450
-0.0600555
-0.0518892
0.0275593
-0.0206708
-0.1295286
-0.0448783
-0.1161879
0.0014470
0.1418799
0.0123495
0.0994941
0.0721026
0.0123480
0.2104044
-0.1782483
-0.2865855
0.1624532
-0.6903447
-0.0120115
0.2904480
0.2103400
0.1066595
0.0944130
-0.0829861
-0.0824346
-0.0206355
-0.2217876
0.1025257
0.0206592
-0.0169629
-0.0256677
0.1127451
-0.1871404
-0.1522083
-0.0847706
-0.1145632
0.0931634
-0.0261451
0.0543794
0.1360860
0.0824223
-0.1642294
0.0335265
-0.0893710
-0.1262866
0.0218815
-0.0947021
-0.1196554
-0.0751743
-0.0792492
-0.0583134
0.0281622
0.1898018
0.0095473
