0.0655074
0.1507274
0.0655717
0.0812856
0.0635108
-0.1489710
0.1545371
-0.0798368
-0.0321544
-0.0855661
-0.1473943
-0.0754168
-0.0905664
-0.0092820
0.0810676
0.1641608
0.1529341
0.1724018
-0.0129128
-0.4091157
-0.1689526
-0.3555101
-0.1237869
0.3019090
0.7434845
-1.2257373
0.4385067
0.5431801
0.2996414
0.1958925
0.2418611
-0.0337458
-0.1151634
-0.0593924
0.0349368
-0.0072225
-0.1632564
-0.1663262
0.0813099
0.0320800
-0.0579351
0.1150723
-0.0791656
-0.0319027
-0.0820914
-0.0469671
-0.1236572
0.1356460
0.0424415
0.1117823
0.0337679
-0.1038071
-0.1383153
-0.1004637
0.1733987
-0.1382529
0.0311181
0.8926125
-0.6022539
-0.5642681
0.4589217
0.4293710
0.3446631
-0.2655270
-0.0651833
0.0495009
-0.0212937
-0.0422585
0.0656392
0.0539570
0.0629616
0.1189730
0.0721976
-0.0943371
0.1425903
0.1181520
0.1309967
0.0918267
-0.0380401
-0.0383114
-0.0160386
-0.0235082
-0.0103949
-0.0725754
0.0224149
0.0696940
-0.1620600
0.0767603
0.1744757
0.0316668
-0.0567469
-0.2943268
-0.1237598
0.3128341
0.8903110
0.3922448
-0.2248969
-0.7253828
-0.2985722
0.0201895
0.4934776
0.0721859
0.0363867
-0.1086224
-0.2118901
-0.0284948
0.1339653
-0.0074322
-0.0234208
0.1815539
-0.0126496
0.0353099
-0.1584666
-0.0934270
-0.0329346
0.0365823
-0.0788550
-0.1136164
0.0203111
0.0681879
0.0945698
-0.0858445
0.0149067
0.0624567
-0.0522182
0.1062944
0.0012388
-0.0463919
-0.0375824
-0.2893216
-0.2331540
-0.8151642
-0.6094292
0.3271216
0.5197845
0.4789662
0.4337278
-0.0960800
-0.0255515
-0.1020301
-0.0247144
0.0624148
0.0014329
-0.0139711
0.0786309
-0.1593162
-0.0821488
0.1001852
0.0105525
0.1320607
0.0188198
-0.0318289
-0.0573028
-0.0373002
0.0601947
-0.0231931
0.0514842
0.0216932
-0.1147226
-0.1392347
0.0949282
0.0043206
-0.0212731
-0.1290022
0.0548412
0.7286657
0.4123501
-0.5590168
-0.9558778
-0.8300037
0.0983432
0.4049352
0.3279096
0.2271141
0.0410972
-0.0094276
-0.0494233
0.0667149
-0.0651333
0.1362140
0.1540471
0.0438217
0.0613685
0.0161895
-0.0193432
-0.0936316
0.0156477
-0.0178680
0.0023036
-0.0396367
0.1378683
-0.1356091
0.0639387
0.0636401
0.0386560
0.0825180
0.0232692
0.1280307
0.1155417
-0.0041088
