0.1843003
0.0477196
0.1536474
-0.2772707
0.0218902
0.0638418
0.1153829
0.0869274
0.1238546
-0.1217344
0.0313735
0.1306027
-0.0494335
0.1005358
0.0088201
0.1102544
-0.0792022
-0.0591468
0.0711398
0.0786152
0.0294655
-0.0920380
-0.0031938
0.1400898
0.1113364
-0.0867426
-0.1032389
-0.0134079
-0.0188040
-0.0494175
0.0432713
0.0721980
-0.0208630
-0.1649142
-0.1978866
0.0282464
0.2112923
-0.0886841
-0.1982529
-0.3667179
-0.1387874
-0.2106662
0.0865749
0.2747327
0.7476441
-1.0839126
0.4090312
-0.0661296
-0.3224852
-0.1235019
-0.0097637
-0.1569488
0.1443903
-0.0273741
0.0048004
-0.0220146
-0.0128745
0.0278196
-0.0910476
-0.1016667
0.0941577
-0.0603221
0.0904224
0.1213065
-0.0635552
0.0702643
-0.0429220
-0.1529782
0.1346430
0.2194329
-0.0002404
-0.0164021
-0.1659225
-0.1338062
-0.2526386
0.0975261
0.6832056
0.6487426
0.4482022
-0.1340532
-0.6948672
-0.5572804
0.3912747
0.1833970
-0.2250666
-0.1126744
0.0023965
0.0588791
0.2024584
-0.1292704
-0.0360033
-0.1462802
-0.0292063
-0.0035608
-0.0888205
0.0197407
0.0534992
0.0204841
0.0531485
0.1118216
-0.0380310
0.0345698
-0.0804272
0.0947283
0.0266826
-0.0626676
-0.0944509
-0.1062725
0.0461784
-0.1470375
-0.0293386
0.0732023
-0.0044431
0.0789726
-0.1582349
-0.2703059
-0.1821395
0.5765436
0.6140065
-0.8239127
-0.1844686
0.3999067
-0.0648199
-0.0930510
-0.2303347
-0.0530465
0.1943457
0.1381828
0.0085892
-0.1224463
-0.0287136
0.1518407
0.0196378
-0.1213712
0.0370153
0.0668957
-0.0180319
0.0177878
-0.0074483
0.1490432
0.0242165
-0.0672763
0.0719695
0.0374667
-0.1201383
0.0502517
-0.0394468
0.1409632
-0.0129495
-0.1203179
-0.0202577
-0.2592750
-0.1988083
-0.0032450
0.1050333
0.2971510
-0.0603629
0.2671778
0.1612241
-0.0571887
-0.1047115
-0.1132729
0.0262493
0.0728124
-0.1828256
0.0590540
-0.1058615
-0.1051368
-0.0320638
0.0789116
0.0787814
0.1176733
-0.1053133
0.0295222
-0.1371227
-0.1346995
0.0374770
-0.0509277
-0.1233880
0.0889849
0.0656014
-0.1092840
-0.0009773
-0.0182932
-0.1489380
-0.0991254
-0.0716136
0.0794980
0.0910430
0.0002793
-0.1067710
-0.1682606
-0.1084215
0.1715046
0.3101003
-0.6379118
-0.8567275
0.0495002
0.2349506
0.4030911
