-0.0023726
-0.0414990
0.0454844
0.0317390
-0.0715108
-0.0444909
-0.0241304
-0.0140407
0.0119203
-0.1098811
0.0997281
0.1412248
-0.0038731
-0.0036834
0.0653322
-0.0594531
-0.0451585
-0.2309278
-0.1329253
0.2094384
0.3800058
0.4374822
0.2700222
-0.0366094
-0.4451498
0.1630758
0.2315895
-0.0978621
-0.0568281
-0.1576025
-0.1455038
-0.0534486
-0.0532942
0.0938497
0.1216075
-0.0233812
-0.0869444
0.0726723
0.0815927
0.0293623
-0.0458706
0.0935558
-0.0142018
-0.0290189
0.0717936
-0.0008613
-0.0268817
0.0091898
-0.0783310
-0.0140980
-0.0381713
-0.0321347
-0.0503683
0.0793170
0.0357114
-0.1832436
0.2991986
-0.0611345
-0.3895686
0.3029800
0.3414629
0.1369342
0.0612134
-0.0329579
0.0266535
0.1269226
-0.0313154
-0.1014359
0.0141378
0.0153648
-0.0401607
0.0642868
0.1236396
-0.0465769
0.0835440
0.0092887
0.0830124
0.0289066
0.0764866
-0.0252517
0.0444255
0.0019008
0.0475060
-0.0606931
-0.0068923
-0.1306626
0.0491314
0.0068007
0.0785075
-0.0589582
-0.2207864
-0.2055641
0.3929750
0.5395295
0.1636050
-0.3806791
-0.5351628
0.0643868
0.2474934
0.3491423
0.2606510
-0.0672168
-0.2236889
-0.0328404
-0.1465105
0.0319908
0.0263647
0.0147708
0.0527179
-0.0201517
-0.1164177
-0.0963486
0.0246038
-0.0686713
-0.0158124
0.0524758
0.0828518
-0.0150880
0.0308440
0.0400649
-0.0149088
0.1082660
-0.0581562
-0.0223617
0.0025074
0.1313489
-0.0249793
-0.1140372
-0.1215761
-0.3321090
-0.3385872
-0.4151215
0.0985066
0.3996055
0.2988099
0.2364341
0.1870938
-0.0243856
-0.0428189
0.0636958
0.0978730
0.1174749
0.1614520
0.0211365
-0.0232400
-0.0626942
0.0203974
0.0764859
0.0002162
-0.0499803
0.0820520
-0.0481005
0.0895117
0.0418929
-0.0830958
-0.0584194
0.0882166
-0.0656231
-0.0945521
0.0197044
0.0308574
0.1825341
0.0831497
-0.0593212
0.2487730
0.7142375
0.0852927
-0.7515643
-0.7764805
-0.5342925
0.1871586
0.2396901
0.4332021
0.1281490
-0.0943235
-0.0552910
-0.1250348
-0.0840266
0.1059399
0.1097246
-0.0497725
0.0645169
-0.0837988
-0.0812492
-0.1201074
0.0057674
0.0771887
0.0453450
-0.0050660
0.0166956
0.0584553
0.0318397
-0.0832337
0.0330066
0.0822402
-0.0142802
-0.0374070
0.1118580
0.0484545
-0.0690088
