-0.0192838
-0.0392806
0.0253505
-0.0158061
0.0360385
-0.0198210
-0.0375315
0.0216604
0.0229794
0.0041854
-0.0103927
-0.0231129
0.0301373
-0.0053021
-0.0386288
-0.0043709
-0.0277402
0.0367771
-0.0254417
0.0236148
0.0007258
0.0206577
0.0198570
-0.0383070
0.0045296
0.0293945
-0.0160379
0.0134586
-0.0182771
-0.0249043
0.0361746
-0.0178986
0.0225705
-0.0157683
0.0139060
-0.0162082
0.0234941
-0.0345106
0.0130829
-0.0222847
0.0148384
-0.0140322
-0.0118233
0.0208120
0.0395018
-0.0034051
-0.0050018
-0.0181479
0.0161225
-0.0373058
-0.0028472
-0.0159957
0.0350556
0.0006916
0.0355418
0.0287006
-0.0314861
-0.0356454
0.0321124
0.0371368
-0.0209641
0.0322749
0.0324393
-0.0080017
-0.0044708
-0.0258561
0.0153838
0.0268621
-0.0440828
-0.0527393
0.0089734
-0.0179446
0.2004505
0.2801039
0.0236938
-0.4741586
0.3700796
0.2985282
-0.0173924
-0.0906993
-0.1253609
-0.0111455
-0.0454181
0.0413502
-0.0080011
-0.0269418
0.0055076
-0.0373759
-0.0202612
-0.0234648
-0.0035874
0.0134746
-0.0125879
0.0181932
-0.0341707
0.0311408
0.0148211
0.0344517
-0.0079536
0.0017801
0.0317034
0.0093542
-0.0298419
-0.0109745
0.0286089
-0.0228981
-0.0085784
-0.0331096
-0.0149212
0.0374397
0.0029480
-0.0088548
0.0049586
-0.0149243
-0.0183468
0.0209233
0.0147515
-0.0027877
-0.0375061
0.0224820
-0.0330403
0.0289655
0.0203817
-0.0049675
-0.0314856
0.0287495
-0.0346992
0.0021094
0.0048963
0.0239646
-0.0120030
-0.0405249
0.0141174
-0.0188191
-0.0313643
0.0295969
0.0328766
-0.0231215
0.0203436
-0.0391978
0.0331407
-0.0239840
0.0390721
-0.0011084
-0.0158626
0.0362836
-0.0019471
0.0407571
-0.0192863
0.0214792
-0.0229814
-0.0250087
-0.0370734
0.0325014
-0.0318573
0.0068465
-0.0107709
0.0250693
0.0206984
-0.0195154
-0.0147836
0.0005128
-0.0383508
0.0265501
-0.0039203
0.0409636
-0.0074688
0.0794972
-0.0023290
-0.0669747
0.0268080
0.0611078
0.0458234
-0.1232093
0.2288714
0.1748904
-0.0617360
-0.0631238
0.0076952
0.0352744
0.0226120
0.0141516
-0.0013816
-0.0361220
-0.0479616
-0.0147827
0.0284180
0.0425646
0.0350009
0.0377196
0.0010521
-0.0126192
-0.0030302
-0.0385901
0.0045293
0.0399824
0.0071564
-0.0212141
0.0060954
-0.0213823
