0.1635712
-0.2231927
-0.1219861
-0.1418947
0.1754289
0.8213283
-0.9620372
-1.0563226
-0.5404067
0.3703158
0.0117704
-0.1878376
-0.3446429
-0.3287977
-0.2909187
-0.0058720
0.1777064
0.0024309
0.0077280
-0.0540280
0.0543318
0.0760417
-0.1461632
-0.1514635
0.0226219
0.0591576
-0.0391264
-0.0909528
-0.0084570
-0.0918259
-0.0273447
-0.0289808
0.0524592
0.0115769
0.1105014
0.0167882
0.1095800
0.0432077
-0.0526798
-0.0120780
0.0288674
-0.0042224
0.0085424
-0.1476287
0.0349172
0.1230112
-0.0687677
-0.0767551
0.0771345
0.1296376
0.0474141
0.1981754
0.0734847
-0.2251054
-0.0106809
1.1143084
-0.0238712
0.9366176
-0.0561203
-0.2890740
-0.1495815
-0.1978953
-0.0001292
-0.0284319
-0.0503537
-0.2088888
0.0104467
-0.0466144
-0.0367213
-0.0468105
-0.0520052
0.0232013
0.0997492
0.0392220
0.0556905
-0.0379193
0.0913422
-0.0185129
-0.0877480
-0.1216359
0.0179997
-0.0564069
-0.0328758
-0.0068519
-0.0688360
0.0921145
0.0208733
-0.0037555
0.0223714
-0.0616724
0.0463111
-0.1224000
0.1920628
0.1555191
0.1337190
0.0202819
-0.1293312
-0.1120229
-0.1866118
-0.3756086
-0.2587264
1.1156590
0.8472900
-0.6090378
-0.9286606
-0.4702040
0.6006299
0.7556283
0.1845908
0.0344595
-0.3346443
-0.2489388
-0.0310149
0.0389184
0.0230895
-0.0019239
-0.0674868
-0.0330351
-0.1244143
0.1474880
0.1081558
-0.1219119
-0.0124273
0.1140580
0.0372625
-0.1111459
0.0848204
-0.0242384
-0.0609846
0.1158253
-0.0747570
-0.0544710
-0.0092473
0.0733224
0.1326169
0.1252941
0.1062100
-0.1563044
-0.1038642
0.0929550
0.1654925
0.1075394
0.1001287
-0.1842181
-0.3741678
-0.1976289
0.1864056
0.7859663
0.7421641
-1.1184508
-0.9605734
-0.6282499
0.5069178
0.9452321
0.6123885
-0.3082749
0.0807154
0.1436313
0.0992139
0.0843423
-0.0116304
0.0020240
0.1153725
0.0213108
-0.0867006
-0.0503987
0.0351011
0.1471976
-0.0009505
-0.0171691
-0.0810340
0.0552837
0.0436846
0.0727034
-0.0470359
0.1102515
0.0520933
0.0436687
0.0256216
-0.0115645
0.1038043
0.0993253
0.0450489
0.1466553
0.0772927
-0.0635161
0.0266577
-0.1033342
-0.0749834
-0.0771940
0.0545413
-0.0131949
-0.1599099
-0.1707354
-0.2268675
0.5791175
0.9477483
-0.0175218
-0.9342786
-1.1255896
