-0.0171355
-0.0122854
0.0133264
0.0192658
0.0335126
-0.0165740
0.0117914
0.0319593
0.0213813
-0.0360975
-0.0148462
0.0085940
-0.0311539
0.0222859
0.0019887
0.0348074
-0.0262538
-0.0303077
-0.0124352
0.0326539
-0.0168855
-0.0177387
0.0081741
0.0185463
0.0059051
-0.0276011
-0.0036069
0.0092814
-0.0296720
0.0222278
0.0349872
0.0160188
0.0042079
-0.0286746
-0.0376158
0.0034610
-0.0091382
0.0099656
-0.0186285
-0.0106851
-0.0011975
-0.0123215
0.0252096
-0.0228417
-0.0328875
0.0060147
-0.0170132
-0.0092008
0.0054652
0.0355258
0.0473056
0.0083423
0.0421203
0.0053309
0.2429307
-0.1281717
-0.0354499
-0.0117167
0.0502313
-0.0065646
0.0239815
-0.0212088
-0.0039431
0.0126787
-0.0268409
0.0001892
0.0240246
0.0328389
-0.0361267
-0.0000234
0.0331708
0.0299701
-0.0159204
0.0227973
-0.0169361
-0.0178354
-0.0194927
0.0391991
-0.0348443
0.0392947
-0.0147824
0.0233711
0.0182809
0.0363790
-0.0064799
-0.0335174
-0.0294328
0.0359572
-0.0052448
-0.0143514
-0.0017593
0.0249503
0.0318953
0.0340301
0.0011936
0.0079250
-0.0223833
0.0294719
0.0135972
0.0353622
0.0258614
0.0008235
-0.0208970
0.0284332
0.0038444
-0.0320748
0.0121448
-0.0244088
-0.0010259
0.0094746
0.0206352
0.0294025
-0.0233232
0.0345028
-0.0288353
-0.0245593
-0.0053008
-0.0036533
0.0391587
0.0235261
-0.0120913
-0.0238107
-0.0098687
0.0211343
-0.0179898
0.0262768
0.0085957
0.0084629
-0.0188196
0.0326621
-0.0065633
-0.0440403
0.0004616
-0.0120276
-0.0054303
0.0193375
-0.0032487
-0.0949125
-0.1212059
-0.1556780
0.0502464
0.2484799
0.0130245
-0.1953401
-0.0366953
0.0633843
0.0517036
-0.0112086
0.0089400
-0.0461586
-0.0108644
0.0216320
0.0315715
-0.0140485
0.0127316
0.0193045
-0.0036516
0.0281451
0.0261769
-0.0249613
0.0103741
-0.0342699
0.0184260
0.0366364
0.0231407
-0.0037009
-0.0229835
0.0229682
-0.0216612
0.0049730
-0.0303661
-0.0083678
0.0306688
0.0183755
-0.0269845
-0.0238569
0.0079395
-0.0250219
-0.0053309
-0.0372312
-0.0211566
0.0063269
0.0380397
0.0053647
0.0233600
-0.0185969
0.0149458
0.0286085
-0.0180409
0.0119308
-0.0384850
0.0126638
-0.0279075
0.0316783
-0.0203032
0.0135218
-0.0108084
0.0075936
0.0280733
0.0178870
