-0.1014107
0.0440703
0.0675885
0.0052977
0.0223026
0.0106239
-0.0942047
0.0472404
-0.0932734
0.0204621
-0.0248466
0.0134378
0.0278644
-0.1112884
0.0333562
0.0586587
-0.0146648
0.1154635
0.0531156
-0.0942888
-0.0269736
-0.1114192
-0.0150179
-0.0297973
0.1910755
0.1851718
-0.1685782
-0.3283225
-0.3096380
-0.2863827
0.0370004
0.1774395
0.4919064
-1.3098488
-1.2794932
0.3340411
-0.0427372
-0.2415813
-0.1137363
0.0314197
0.0962622
0.0330202
0.1131548
0.2744302
0.0277611
-0.0464457
0.0344757
0.1341913
0.0076377
0.0908723
0.0903211
0.0778474
0.0336766
0.0657198
0.1061435
0.0010258
0.0763743
0.0554166
-0.0641401
0.0858175
0.0493001
0.0772968
-0.0105867
-0.0209250
-0.1511396
0.0188666
0.1299498
0.2232941
0.0975798
-0.1129573
-0.2497945
0.0064522
0.3057829
0.5312371
0.6686030
0.5650805
-1.0589238
-1.3545078
-0.9941112
-0.3492292
0.2899169
0.8526813
0.3101320
-0.2548843
-0.0353817
0.0905314
0.0997263
0.0578283
-0.1226776
-0.0829148
0.0751308
-0.0306984
0.1119732
-0.0454336
-0.0116376
0.0097587
0.0850635
-0.0237709
-0.0307847
0.0330604
-0.0475889
0.0714343
-0.0028562
0.0992150
-0.0582615
0.0601749
0.0587838
0.0403663
0.0629310
0.0097577
0.0461501
0.0085984
0.0595358
0.0540701
-0.0948436
-0.0547002
-0.0490767
0.0984492
0.0569204
-0.0989755
-0.2071758
-0.0557742
0.9202743
0.4404121
-0.8660088
0.2838807
0.5047740
0.0402433
0.0440291
-0.3553096
-0.3579484
0.0069774
-0.0316515
-0.0782056
-0.0422457
-0.1530245
-0.0257669
0.0717163
0.0878215
0.1039194
0.0380322
-0.0419633
-0.1204833
-0.0281557
-0.0464542
-0.0294581
-0.0859487
-0.0608931
-0.1057038
0.0374867
0.0604225
-0.0267039
-0.0866808
0.0240671
-0.0416440
-0.0402009
0.0174546
0.0041147
-0.0483796
-0.0591823
0.0571021
0.1095265
0.2409631
-0.1747519
-0.1340854
0.6631956
0.7773979
-0.0719161
-0.6880234
-1.0736200
-0.7371301
-0.2344499
0.2491671
0.5969318
0.2697304
-0.0205679
-0.3791982
-0.1390006
-0.0949225
0.2125985
0.1289933
0.1019284
0.0497876
-0.0730346
-0.1619151
-0.1097071
0.0312578
0.0064981
0.0040493
0.1018522
-0.0851053
-0.0808508
0.0339627
-0.0629496
-0.0396633
-0.0504982
0.1073693
0.0494670
-0.0186563
0.0612531
