-0.0310412
-0.0490042
-0.0557140
-0.0173130
0.0405931
-0.0461080
-0.0576557
0.0428742
-0.0648311
-0.1060196
0.0871646
-0.0646294
-0.0617138
-0.0785605
-0.1277802
-0.0352130
0.0906150
-0.0318683
0.0200917
0.1128898
0.0536327
-0.0186797
-0.0487840
-0.0780758
-0.1190424
0.1114817
0.2276099
0.1533780
-0.0375332
0.0953662
-0.0716448
-0.0743751
-0.1883961
0.1910537
0.7168345
-1.0620540
0.0962871
0.6836480
0.1720341
-0.0722044
-0.2201092
-0.2898359
-0.2394254
-0.2638315
-0.1786957
0.0209089
-0.1738633
-0.0699888
0.0172891
0.1585258
0.0643139
0.0430568
-0.0497129
-0.1056201
0.0687915
0.0058295
-0.0782956
-0.0212972
0.0940304
-0.0579302
0.0308792
0.0134450
0.0324751
-0.0621912
-0.1530425
-0.1234828
-0.0857965
0.1390899
0.2367801
-0.0537118
-0.1683710
-0.1317848
-0.0484341
0.0123631
0.1128946
0.9320159
-0.1327800
-0.9600638
-1.2684098
-1.0372928
-0.5663664
0.4823276
0.5724363
-0.2161390
-0.1523396
-0.1094054
0.0333063
0.2143198
0.1242580
-0.1837242
0.0349672
0.0667403
0.1158589
-0.1041722
-0.0245963
-0.1081260
0.0447226
-0.0124937
-0.0615884
0.0566517
0.0174074
-0.0802963
-0.0165696
-0.1237939
-0.0932668
-0.0046167
-0.0391050
0.0447809
0.0117198
-0.1227007
-0.0885166
0.0368614
0.0985204
0.0239064
0.0900157
-0.0964438
-0.0722868
0.1539560
0.0218370
-0.0474397
0.0194801
-0.1935641
0.9843417
1.1393568
-0.2138838
-0.4499386
0.7425021
0.5302028
0.2909838
-0.2569228
-0.2206175
0.1616275
0.0303706
0.0649463
-0.0340064
-0.0543419
0.0015295
0.0967814
0.1521327
0.1008161
0.0525804
-0.0246196
0.0694804
-0.1254186
-0.0751186
-0.0493751
-0.0147276
-0.0828987
-0.0992469
-0.0966250
-0.0641820
0.1366631
0.1082081
-0.0371097
-0.0654703
-0.0608547
-0.0612663
-0.1354223
-0.0171023
-0.1285344
0.1781547
0.0745287
-0.0158357
0.1037589
0.6174036
0.5472718
-0.8769994
-1.2788334
-0.7403826
-0.0492907
0.7406985
0.7138149
0.5590709
-0.0539478
-0.2648652
-0.2657487
-0.0365105
0.2043339
0.0179097
-0.0362327
0.0484934
0.0798091
-0.0882065
-0.0655295
-0.1162943
0.0295668
0.1411974
0.1035100
-0.0699479
0.0697683
0.0339081
-0.0897836
0.1234352
-0.0165168
-0.0200643
0.0821099
0.0990462
0.0628662
0.0933864
0.0267549
