0.0194801
-0.3139756
-0.1935641
0.2153239
0.6888438
-0.8246446
-0.4499386
0.6072652
0.8373070
0.5302028
-0.3672686
-0.1725384
-0.0872710
0.0473905
0.1043190
0.0927373
0.1318645
0.1017589
-0.0487118
-0.0340064
-0.0543419
0.0015295
-0.0114463
-0.0066881
0.0756459
0.1008161
-0.0808863
0.0694804
-0.1233716
-0.1254186
0.0021108
-0.1047985
-0.0628199
-0.0828987
-0.1088967
0.1366631
0.1082081
-0.0654703
-0.0409419
-0.0406827
-0.0608547
-0.1095104
0.0411216
-0.0314946
-0.0568378
-0.1015194
0.0871840
0.0677389
-0.0158357
0.0004780
-0.1308781
-0.1374274
-0.1809837
0.1037589
-0.8769994
-0.0492907
-0.2133685
-0.2657487
-0.0365105
0.1554209
0.0228015
0.1048099
-0.0362327
-0.1162943
-0.0680226
0.1035100
-0.0699479
-0.0431189
-0.0820144
-0.1016904
0.1141636
-0.0200643
-0.1014031
0.0239747
-0.1004609
0.0821099
-0.0619480
0.0628662
0.0933864
0.0267549
0.0782189
0.1389239
-0.0656679
0.0199832
-0.0497856
0.1658748
-0.0140777
0.0013394
-0.0031475
0.0777538
0.1025347
0.1732505
-0.1886686
-0.3681771
-0.2774790
-0.0759578
0.0981536
0.8551124
0.8823004
0.4008504
-0.9873388
0.4576113
0.6622394
0.6250847
0.3285631
-0.3071222
-0.1711396
-0.2605589
-0.1265869
-0.0719559
0.1815586
0.1456671
0.0554990
-0.0745844
-0.0744707
-0.0074148
0.0821735
0.1252775
-0.0076079
-0.0043733
-0.0105353
-0.0079977
-0.1074400
-0.0551442
0.0616957
-0.0319125
-0.0467461
0.0070893
0.0853289
-0.1300293
-0.0756640
0.0416427
-0.1949570
-0.0013006
0.0372344
-0.0244459
0.0090344
-0.2231927
-0.1219861
-0.2321983
-0.1418947
-0.2824733
0.1754289
0.8213283
-0.2951862
-1.0563226
-0.0396677
0.6466994
0.5496964
-0.1694499
-0.1878376
-0.3446429
-0.2909187
-0.0058720
0.1023849
0.0077280
-0.1461632
0.0113570
0.0226219
0.0591576
-0.0909528
-0.0084570
-0.0289808
0.1105014
-0.0702704
-0.0721130
0.0660406
0.0631347
0.1095800
-0.0368428
0.0432077
-0.0884820
-0.0121925
0.0288674
-0.0590991
0.0085424
0.0857618
0.1171320
0.0073504
0.0012605
-0.1626199
-0.0091263
-0.1190503
-0.1529323
-0.0767551
0.1296376
0.1981754
0.0743012
0.0252939
0.0734847
-0.4052884
-0.1982516
0.8496956
1.1143084
0.6733838
-0.3843094
-0.0238712
0.7260411
0.4556155
0.1409483
