-0.0376914
0.0192527
-0.0531032
-0.0600805
0.0220836
-0.0206969
-0.0125409
0.0449069
-0.0044791
-0.0701058
0.2154120
0.2863963
-0.1000282
-0.2296873
-0.2208169
-0.0852978
0.0937407
0.0573799
0.0272975
0.0476372
-0.0182173
-0.0206896
-0.0649231
-0.0030401
0.0083341
-0.0157757
0.0280191
-0.0261128
-0.0274956
-0.0341220
-0.0213230
-0.0350042
-0.0345953
-0.0294428
-0.0180130
0.0298606
0.0046525
-0.0328209
-0.0342137
-0.0232428
-0.0128495
0.0180555
-0.0237030
-0.0373816
0.0042878
0.0010304
0.0522982
-0.0260175
-0.0214656
-0.0472819
0.0154803
0.0126245
-0.0350138
0.0071403
0.0144133
-0.0528962
0.1488155
-0.2566458
0.0462511
0.0610325
0.0667448
-0.0181206
-0.0056480
-0.0118970
0.0173639
-0.0040965
0.0542960
0.0171113
0.0276261
-0.0102405
0.0028233
-0.0305369
-0.0028103
-0.0188193
-0.0165617
-0.0021611
-0.0052593
-0.0183830
-0.0263016
0.0222202
0.0198906
-0.0131520
-0.0123606
0.0330420
0.0380346
0.0103240
0.0309144
0.0232297
-0.0310805
-0.0358856
-0.0152878
-0.0513144
0.0280827
0.0445378
0.0350099
0.0014401
-0.0001633
0.0838075
0.0199727
-0.0253343
-0.1225710
0.2538357
0.2916247
-0.0025156
-0.2310724
-0.0597967
0.0620806
0.0138570
-0.0091050
0.0227156
0.0242486
0.0070846
-0.0267889
0.0064787
-0.0037895
-0.0285354
-0.0307449
-0.0413857
-0.0356325
-0.0402647
0.0097498
-0.0232402
-0.0100383
-0.0171296
-0.0300907
0.0401643
0.0014492
-0.0004956
0.0126177
-0.0251029
-0.0304281
0.0314636
0.0526700
-0.0363539
-0.0400846
0.0161724
0.0244434
-0.0023868
0.0591184
0.0380505
-0.0281876
0.0053261
0.0129000
-0.1049488
0.0056649
0.1937180
-0.0173501
-0.1913478
-0.0056617
0.0236877
-0.0016637
0.0069147
0.0131190
0.0162805
0.0026505
-0.0480217
0.0535327
0.0387449
0.0288728
0.0034621
-0.0451665
-0.0411161
0.0459261
0.0061595
0.0376826
0.0003728
0.0296824
0.0082247
0.0440317
0.0209076
-0.0292849
-0.0186054
-0.0060550
0.0318969
0.0361673
-0.0255085
-0.0342833
-0.0376990
-0.0156548
0.0101137
-0.0570053
0.0139350
-0.0437630
0.0304629
0.0322263
-0.0185444
-0.0114035
-0.0001650
-0.0415125
-0.0484742
-0.1022114
0.1042632
0.0354269
-0.0190913
-0.0158492
0.0450739
0.0046502
0.0264687
-0.0203879
-0.0032903
