0.0003405
-0.0454429
0.0331782
0.0207600
0.0350846
-0.0416132
0.0284955
-0.0268353
0.0188588
0.0322570
0.0222602
0.0245814
0.0137821
0.0125018
0.0304933
-0.0361855
-0.0055753
-0.0542040
0.0375486
0.0006371
-0.0216865
0.0237980
0.0297192
0.0336211
-0.0001104
0.0150109
0.0070854
0.0312985
0.0181071
0.0165820
0.0801269
-0.0489568
0.4130573
-0.1045364
-0.2291190
0.0720372
-0.0164509
0.0644710
-0.0522211
-0.0136253
-0.0035172
-0.0652425
0.0043922
0.0471899
-0.0391242
-0.0178824
0.0171529
0.0158122
-0.0046503
-0.0019540
0.0413253
0.0119393
0.0284313
-0.0493312
0.0568352
0.0495194
0.0090961
-0.0206369
0.0237443
0.0302993
-0.0096654
0.0479393
0.0112870
-0.0104693
-0.0124161
0.0275660
-0.0199219
0.0588460
0.0239459
-0.0443938
-0.3591901
0.4060112
0.0701065
-0.0481230
-0.1922925
0.0068828
-0.0619593
-0.0269263
0.0591485
0.0010015
0.0678142
-0.0122334
0.0444132
-0.0010616
-0.0432887
0.0205863
-0.0171209
-0.0140622
0.0509466
-0.0578552
-0.0389048
0.0606020
0.0052286
-0.0591614
0.0153615
-0.0159272
0.0029721
0.0469028
-0.0354553
0.0329247
-0.0443495
0.0007957
0.0463939
-0.0418363
0.0343246
0.0259598
0.0336583
0.0119185
-0.0008822
-0.0456488
-0.0221487
-0.0462305
-0.0118143
-0.0140828
-0.0405601
0.0020777
0.0213424
-0.3094630
-0.3574033
0.2639826
-0.1654113
-0.0447950
0.0249467
0.0582774
0.0678104
-0.0581398
-0.0248095
0.0014384
0.0306354
-0.0401657
0.0592355
0.0338876
0.0440480
0.0444258
-0.0171959
-0.0260841
0.0487950
-0.0314658
0.0541042
0.0357903
0.0534915
0.0169315
-0.0483044
-0.0006733
0.0007285
0.0235251
-0.0274542
-0.0500657
0.0249771
0.0470527
-0.0057128
-0.0434122
0.0167773
0.0304541
-0.0303734
-0.0663042
-0.0223484
0.0785979
0.0702990
-0.0368060
0.4021838
0.1691020
-0.2469163
0.0073292
0.0198682
0.0099800
0.0389127
-0.0522835
0.0095207
-0.0534674
0.0051601
0.0177504
0.0411268
-0.0453844
-0.0023779
-0.0135393
-0.0091721
-0.0106181
-0.0211097
-0.0078200
0.0220536
-0.0547334
-0.0102358
0.0069005
-0.0567684
0.0051308
-0.0385466
-0.0250163
-0.0519966
-0.0479281
-0.0156899
0.0411819
0.0032925
0.0481701
0.0569849
-0.0284109
-0.0327884
-0.0453394
-0.0014736
0.0531140
