-0.0121050
-0.0285861
0.0714326
-0.2217848
0.4773679
0.1114140
-0.0133915
0.0188603
-0.0181026
0.0977446
0.0400369
-0.0106408
0.0259779
-0.0407546
-0.0320593
0.0062303
-0.0393218
0.0100585
-0.0067491
0.0285357
0.0266977
0.0002696
-0.0337508
-0.0394130
-0.0616130
-0.0561210
0.0079024
-0.0406906
0.0014793
0.0566861
-0.0266249
-0.0336889
0.0480113
0.0154790
0.0274443
-0.0291129
0.0573070
-0.0456525
-0.0536377
-0.0039348
0.0314486
-0.0191602
0.0664130
0.0098134
0.0444672
0.0354526
0.0101521
0.0261473
0.0447591
0.0477002
0.0451954
0.0207661
-0.3220251
0.4649281
-0.0370821
0.0397761
0.0402060
-0.0616533
0.0431026
0.0604908
0.0675231
-0.0466405
-0.0323482
-0.0498446
0.0275588
-0.0430031
-0.0155184
-0.0570823
-0.0523467
0.0487683
-0.0349430
0.0303932
-0.0471911
-0.0366761
0.0348292
0.0399627
-0.0554151
0.0090720
0.0356838
-0.0032389
-0.0570922
-0.0459624
-0.0270905
0.0614093
-0.0424839
0.0125271
0.0280438
-0.0187260
0.0519956
-0.0466281
0.0407665
-0.3031060
0.3585782
0.3613622
-0.1742356
-0.1621579
-0.0591518
0.0329998
0.0624825
0.0511775
0.0682128
0.0072040
0.0407644
0.0209237
0.0421469
0.0247963
0.0345815
-0.0509510
0.0231595
0.0182785
-0.0189974
0.0009240
0.0377231
0.0297447
0.0259852
-0.0016966
-0.0439174
-0.0489039
0.0052713
0.0325136
0.0573374
0.0258754
-0.0075874
-0.0344170
0.0101766
0.0297250
-0.0418172
0.0494009
-0.0257577
-0.0652120
0.0393536
0.0003872
-0.0036727
0.0990208
-0.0568285
-0.2795174
-0.3520408
-0.1561378
-0.0305921
-0.0166963
0.0246671
0.0184940
-0.0347763
-0.0242456
0.0457261
-0.0176322
-0.0628915
-0.0595056
0.0250899
0.0549260
-0.0198435
-0.0230231
-0.0522047
-0.0123361
-0.0631039
-0.0573689
-0.0301794
0.0392500
0.0105845
-0.0391308
-0.0033860
-0.0059096
0.0029518
0.0223491
-0.0463756
0.0074395
0.0564045
0.0109085
0.0014532
-0.0128075
-0.0228449
-0.0222801
0.0369856
0.0510050
-0.0556447
-0.0088797
0.0166420
0.0902249
0.0166154
0.0686146
-0.2997952
-0.3145846
0.2460820
0.3028035
-0.0336634
-0.1081421
0.0247478
0.0270057
0.0591537
0.0192560
0.0221078
-0.0025660
-0.0014991
-0.0616047
-0.0428755
0.0580707
-0.0065024
0.0510699
0.0297441
-0.0451839
