-0.0436675
-0.0301672
-0.0536871
-0.0276978
0.0507881
-0.0260600
-0.0019375
-0.0445578
-0.0233450
0.0449894
0.0199433
0.0451921
-0.0140843
-0.0583241
0.0500564
0.0281718
0.0270494
-0.0039259
0.0288751
0.0150956
0.0235599
0.0104084
0.0352613
0.0029302
-0.0350205
0.0270244
0.0188669
-0.2026719
-0.3332229
-0.2339508
0.0390115
0.3207203
-0.2291157
-0.0305399
0.0343372
-0.0013304
0.0088294
-0.0293852
-0.0144427
-0.0260494
-0.0083479
-0.0056610
-0.0373183
0.0256665
0.0167774
-0.0401242
0.0252557
-0.0289763
0.0427793
-0.0319150
-0.0340079
-0.0321743
-0.0030789
-0.0089176
0.0178813
-0.0142882
-0.0554940
-0.0099947
-0.0365305
0.0490647
0.0251942
-0.0455844
-0.0013048
0.0175866
-0.0219226
-0.0347601
0.0153915
0.0399166
0.0403257
0.2506581
-0.2396059
-0.0275791
0.0178124
0.0611943
-0.0030528
0.0539101
0.0302792
0.0382069
0.0370405
0.0442995
0.0238743
-0.0404125
-0.0401759
0.0019919
0.0344579
0.0603514
-0.0245422
-0.0504375
-0.0367711
0.0074578
0.0499634
0.0177644
0.0311929
-0.0187480
-0.0551825
-0.0459960
0.0349295
0.0259318
-0.0498448
-0.0106012
0.0296060
-0.0478816
0.0014013
0.0434669
-0.0152502
-0.0362019
-0.0066742
0.0206036
0.0455864
-0.0220928
-0.0007548
-0.0436880
-0.0280377
0.0152458
-0.0020113
0.0025703
-0.0993089
0.3077591
0.4165772
-0.2531212
0.0289705
0.0916119
-0.0075412
-0.0166775
0.0411429
0.0223979
-0.0128893
0.0111361
0.0052006
-0.0322139
0.0589727
0.0411659
0.0584399
-0.0048907
0.0317704
0.0263983
-0.0521565
0.0385300
-0.0534882
-0.0262228
0.0121762
0.0345272
-0.0434018
-0.0003791
0.0149518
-0.0321580
-0.0538419
0.0510297
0.0522315
-0.0085575
0.0272740
0.0305532
-0.0382396
-0.0540259
-0.0500636
0.0574352
-0.0426978
0.0743811
0.0503710
0.3231943
-0.1243197
-0.0775033
0.0315397
-0.0165710
0.0178148
0.0365837
-0.0543496
-0.0363543
0.0411957
0.0382502
0.0635961
0.0501635
-0.0468137
-0.0639992
0.0268020
-0.0511723
0.0381482
0.0504024
0.0569295
0.0538489
0.0082998
-0.0253345
0.0343036
-0.0274273
-0.0091405
-0.0387028
-0.0420865
-0.0457787
0.0371406
-0.0522477
0.0002638
-0.0447571
0.0313847
-0.0432279
-0.0211345
-0.0098227
0.0530394
0.0028896
-0.0514231
-0.0146874
