0.0249293
-0.0499133
-0.0241765
0.0003271
-0.0657772
0.0177892
0.0197358
0.0323815
-0.0084541
0.0372736
0.0474552
-0.2384563
-0.1348692
0.1724788
0.4242022
0.0856030
-0.2840790
-0.2042335
0.0351756
-0.0117225
0.0660319
0.0589681
0.0128942
-0.0188772
-0.0024729
-0.0074649
0.0499837
-0.0029279
0.0630518
0.0102907
-0.0052749
-0.0103876
0.0350710
-0.0276373
-0.0580320
-0.0112139
0.0336360
0.0275340
-0.0477133
-0.0085216
0.0352816
0.0263655
-0.0589834
-0.0361186
0.0314474
0.0377836
0.0489840
0.0170757
-0.0099825
0.0381402
-0.0450380
0.0098848
0.0357538
-0.0303335
0.0033905
-0.0014650
-0.2541743
-0.0791046
0.0424787
-0.1696200
0.0306248
-0.0479774
0.0504571
-0.0044994
0.0122386
-0.0635289
-0.0584670
0.0343358
-0.0119908
-0.0501765
-0.0342785
0.0065078
0.0184342
-0.0396941
0.0376701
0.0218914
0.0348369
-0.0250605
-0.0411596
0.0313557
0.0140879
0.0228412
0.0003723
0.0119747
0.0595045
-0.0372452
-0.0281963
-0.0171701
0.0510179
-0.0202188
-0.0085378
-0.0388640
0.0481342
-0.0416399
0.0433459
-0.0151269
-0.0486891
-0.0289791
-0.0269222
0.0212680
0.0007857
-0.0389565
-0.1613599
-0.2010149
0.1052796
0.2319676
-0.1745665
-0.0144183
-0.0635955
0.0282653
0.0777039
0.0592351
0.0204453
-0.0483674
-0.0498225
0.0192624
0.0060991
0.0599562
0.0366901
0.0413592
-0.0132884
0.0440390
0.0277766
-0.0020920
0.0001423
0.0036788
-0.0588329
-0.0090345
0.0373393
-0.0130489
0.0370755
-0.0578541
0.0363155
0.0651758
0.0283475
0.0499968
0.0536328
-0.0575706
0.0212810
-0.0402104
0.0591742
-0.0431395
0.0003953
0.0568195
-0.0936857
-0.2132143
0.3276017
0.0861303
-0.1796859
0.0362901
0.0180196
-0.0129931
0.0049635
-0.0324419
0.0041635
-0.0482582
0.0077626
-0.0228201
0.0635350
0.0159983
-0.0384078
0.0296800
-0.0315248
-0.0090245
-0.0392437
0.0193603
0.0040514
0.0415132
0.0401803
0.0536842
-0.0251522
0.0166010
0.0305120
0.0183139
-0.0119864
0.0237124
-0.0025189
0.0030807
-0.0132879
0.0509304
0.0450437
0.0282539
0.0401110
-0.0073023
-0.0574156
-0.0522972
-0.0252666
-0.0449025
0.0361214
-0.0303376
0.0191716
-0.0546876
0.1979052
0.4208602
0.2911246
0.0363146
0.0301404
0.0615379
0.0420264
0.0079438
