-0.0086099
0.0479713
0.0413604
0.0367873
0.0316703
-0.0092059
0.0339517
0.0059562
0.0061354
0.0508705
0.0780079
0.0405820
0.0687641
-0.0868194
-0.2700431
-0.1686823
0.3266921
0.4187186
-0.1669866
-0.0148557
-0.0136522
0.0355812
0.0693393
-0.0180853
-0.0188248
-0.0587451
-0.0107614
-0.0155558
0.0069364
0.0567234
-0.0107697
0.0419606
-0.0047338
-0.0022663
0.0100782
-0.0151456
-0.0039570
-0.0424963
0.0511639
-0.0471446
-0.0268907
-0.0465048
0.0499442
-0.0313472
-0.0117798
0.0035396
0.0025530
-0.0370356
-0.0385106
0.0448578
0.0586360
0.0123696
0.0133232
-0.0545149
-0.0609182
-0.0473801
0.0154907
0.0211470
-0.1270147
0.3400914
-0.1166388
-0.2397840
-0.1678070
0.0260350
0.0656615
-0.0600072
0.0342201
0.0060974
0.0433295
-0.0325161
0.0549724
-0.0410431
-0.0543926
0.0119189
-0.0177197
0.0528943
-0.0502277
0.0231658
-0.0004026
-0.0104972
-0.0101865
-0.0557906
0.0399632
0.0521642
-0.0567430
0.0369078
-0.0508499
-0.0331578
0.0075538
-0.0503835
0.0309620
-0.0338422
0.0653598
-0.0387356
0.0241395
0.0454165
-0.0575055
0.0247985
-0.0553803
-0.0225037
-0.0522043
0.0545810
0.0574859
0.0805207
0.0023986
-0.1975182
0.3818687
0.1234509
-0.2539706
-0.1410832
0.0241536
-0.0071583
0.0116516
-0.0004126
-0.0446938
-0.0126232
-0.0077396
-0.0142803
-0.0469603
-0.0397945
0.0086536
-0.0165703
-0.0317021
0.0091413
-0.0112024
0.0035049
0.0540469
-0.0115855
0.0519196
-0.0391387
-0.0422729
-0.0355237
-0.0427805
0.0388356
-0.0020199
0.0142445
0.0412045
-0.0535510
-0.0317091
0.0264504
0.0109645
-0.0208321
0.0592960
0.0089332
0.0126024
0.0867291
-0.0088747
-0.2518155
0.0050681
0.2202724
-0.0389177
-0.1634785
-0.0354209
0.0385728
-0.0358918
0.0473986
-0.0600727
-0.0047731
-0.0024905
-0.0381977
-0.0466743
0.0018519
-0.0156104
-0.0299562
-0.0088533
0.0421589
-0.0568902
0.0385922
0.0440891
0.0199010
0.0444832
0.0508816
0.0376479
-0.0180379
-0.0467167
0.0598702
0.0388865
0.0206732
-0.0532776
0.0030725
-0.0214944
-0.0240388
-0.0461525
0.0345679
0.0226445
0.0459568
-0.0586113
0.0455263
-0.0134679
-0.0412634
-0.0008394
-0.0030224
0.0049378
-0.0497434
-0.1773044
0.0424859
-0.1544372
-0.0677221
0.0063884
0.0314521
