-0.1351238
-0.0467485
0.2724508
0.3948999
-0.2427408
-0.4951121
-0.4345285
0.3306698
1.0021152
1.7199102
-1.3955637
-0.1598584
0.7142967
0.7649014
0.6718831
0.2329002
-0.2667451
-0.2071464
-0.2067767
-0.2374170
0.0107058
0.0817071
0.2465488
0.2740323
0.1602519
0.0214019
-0.0534586
0.1510500
0.0207395
-0.0270614
0.1200532
0.1361350
-0.0533181
-0.1367189
-0.0295271
-0.1506653
-0.1896290
0.1108949
-0.0681837
0.0164431
-0.1289701
0.1385586
0.0243404
-0.1831096
0.0336663
0.1075620
0.0087133
0.0636227
-0.3244702
-0.5558749
-0.5713244
-0.4024487
0.5787834
0.8795908
-0.1359316
0.6665126
-0.4758104
-0.0251486
0.2653426
0.1130502
-0.1029114
-0.1410772
0.1059533
-0.1536178
-0.0320238
0.1169470
-0.1157919
-0.1778913
-0.1832305
-0.0420604
0.1342385
-0.0121042
0.1245084
0.0099797
0.1352187
-0.1402691
-0.0935374
-0.1509209
0.0852471
0.1413221
-0.0796745
-0.2750702
-0.1020221
0.0668322
0.1733215
-0.0882564
-0.5281547
-0.4515459
1.2587644
-1.4453607
-0.4485323
0.6349364
0.1089419
-0.0258538
-0.0706543
-0.3630468
-0.4318997
0.1512845
-0.1323924
0.0008186
0.0250199
0.0235375
-0.1489248
-0.0334066
0.0782834
-0.1877829
-0.0052422
0.2085739
0.0300015
0.1674735
-0.0702507
-0.0773597
0.0077217
0.0644858
0.1689721
0.0990449
-0.1769290
0.2275513
0.0414405
0.0876640
-0.0136796
0.0331506
-0.0105489
0.2477423
0.1239483
-0.2695323
-0.0401399
0.4781778
1.1328603
0.7845424
-0.0225109
-0.0274812
-0.1425963
-0.2838925
-0.1108164
-0.0195511
-0.2796440
0.2529707
0.1203237
-0.1274132
-0.2034565
-0.0929859
-0.2261508
0.0306738
-0.0516085
-0.1584886
0.1260651
-0.0823912
0.0582318
-0.1449543
-0.1894529
-0.1391444
-0.1157516
-0.1768599
0.1527872
-0.0811315
-0.1220544
0.1351094
-0.0939591
-0.0529400
0.3138283
0.1463639
-0.0593264
1.1912808
1.2671457
-0.8190211
-1.6646969
-0.2229036
0.4106101
0.4153129
0.6862567
0.6674271
0.5152907
-0.0918380
-0.2539318
-0.3705591
-0.0051754
0.1121636
0.1954460
0.2489255
-0.1970140
0.0077319
0.0918319
0.0923573
0.0908592
0.0137956
-0.1475186
-0.0271204
0.1102166
-0.1191327
0.1200912
-0.0149063
0.0365765
0.1128355
-0.1387427
-0.1289565
-0.1729654
-0.0390017
0.1948883
0.1573997
