-0.0086702
0.0278475
-0.0098666
0.0107013
-0.0198775
0.0318223
0.0370445
-0.0003304
-0.0400803
-0.0304104
-0.0257412
-0.0086805
0.0773085
0.0480439
0.0145182
-0.0256022
-0.0655795
-0.0284825
-0.0400886
-0.0202331
0.0404760
0.0185047
0.2173472
0.2616918
-0.0357145
-0.0337590
0.1352107
0.0575864
-0.0239172
-0.0796470
-0.0915901
-0.0122932
0.0345612
0.0690528
0.0230625
0.0002008
0.0226552
0.0224359
-0.0054383
0.0217181
0.0440757
0.0211432
0.0247900
-0.0065072
0.0226101
0.0077616
0.0068959
0.0309398
-0.0404590
0.0134734
-0.0393647
-0.0363213
-0.0425844
0.0051120
0.0102637
-0.0243490
-0.0157451
-0.0191425
0.0436045
0.0142397
0.0044566
-0.0184790
0.0300924
-0.0283897
-0.0370440
-0.0330740
-0.0081271
0.0099237
-0.0118373
0.0099673
-0.0202046
0.0327732
-0.0217407
-0.0174856
-0.0378879
0.0300856
0.0126063
0.0423881
-0.0337789
0.0368081
0.0233940
-0.0417588
-0.0241542
0.0026795
-0.0193113
0.0140807
0.0083973
0.0115163
0.0490014
0.0024262
0.0344788
-0.0089996
-0.0137431
-0.0313286
0.0772297
0.1456056
0.1490777
-0.1571198
-0.2420479
-0.1413801
0.0095673
0.1771836
0.0929608
-0.0614856
-0.0751606
-0.0863593
-0.0410250
-0.0348298
0.0606457
0.0417144
0.0359285
-0.0082739
0.0236119
0.0231820
-0.0092423
0.0224112
-0.0250395
-0.0099888
-0.0055146
0.0211241
0.0133043
-0.0355031
0.0136314
0.0250485
0.0045587
0.0135475
-0.0037061
-0.0056015
-0.0415979
-0.0081501
0.0402792
-0.0391561
-0.0302234
0.0291858
-0.0129836
-0.0046749
0.0344832
-0.0101787
0.0139184
-0.0223099
-0.0478913
-0.0301775
-0.0077362
-0.0351547
-0.0321712
0.0397694
-0.0036453
0.0299817
0.0411360
-0.0074007
-0.0492021
0.0190562
-0.0090233
0.0348237
-0.0383979
0.0315553
-0.0095859
0.0300622
-0.0252646
0.0353952
-0.0248239
-0.0313153
0.0315546
-0.0397461
-0.0621004
-0.0692123
-0.0044092
0.0210974
0.0431740
0.1698648
0.0857894
-0.0267873
-0.1400359
-0.1067749
0.0114252
0.0117800
0.0958958
-0.0094927
-0.0128038
-0.0651632
-0.0195489
-0.0029401
0.0318373
0.0702008
0.0056748
-0.0472538
0.0196407
-0.0349708
-0.0399932
-0.0368190
-0.0261722
-0.0060576
-0.0031473
-0.0025307
0.0167156
-0.0046651
-0.0017756
0.0132308
-0.0165000
0.0159078
