0.2303754
0.0269662
0.1890590
-0.1569539
-0.1835437
0.5635603
-0.0960032
-1.3054259
-1.2704123
-0.2927472
0.5367028
0.3036660
0.0909634
-0.1549655
-0.2840747
-0.1295299
0.0293178
0.0027797
0.0246209
0.2782700
-0.1077144
0.1957372
-0.0922395
0.0408296
0.0450545
0.1872837
-0.0842446
-0.1621519
-0.1223467
-0.1196564
-0.0551980
-0.1677608
-0.1104968
-0.0785498
0.1596864
0.1310491
-0.0151520
-0.0910432
0.1826937
0.0892270
0.2574569
0.1711974
0.2137404
-0.0912273
-0.2162562
-0.2255342
0.1748962
-0.4085341
-0.5560242
-0.5142504
-0.6596451
-0.1072686
1.0996500
-0.1116018
0.3004373
0.4347884
-0.1032133
0.0734638
0.0888063
0.0052044
0.1540063
-0.1391003
-0.1189520
-0.0155833
0.1410632
-0.0794688
-0.1051892
0.0243467
-0.1290789
-0.1440214
-0.1105056
-0.0047314
-0.1674481
0.0111360
-0.2152826
0.1303454
-0.1618671
0.0204356
0.1740691
0.1958112
0.2373403
0.2212030
-0.0712848
-0.1814859
0.0802633
-0.0195995
0.3294589
-0.0269484
-0.4063686
0.9460570
0.9389778
-1.1012876
0.1363165
0.2174125
0.3738431
0.4657920
0.2451572
-0.0570573
-0.1667070
-0.0444573
-0.0627646
0.0294497
0.1020092
0.1790849
-0.0294727
0.0806764
0.1043216
0.0979303
-0.0901641
0.1465467
0.2204702
-0.0800378
-0.1593384
-0.0223498
-0.0442660
-0.0301692
-0.0691484
0.1786794
0.1238270
-0.1893755
0.1328298
0.2535181
-0.0680240
0.0266297
-0.1099771
0.0322204
0.1076613
0.0323156
0.2782698
-0.1630357
-0.1902741
-1.2150527
-0.9112556
-0.1561974
0.1971416
0.3483166
0.4015134
-0.0925818
-0.0555291
-0.1171625
-0.1013644
0.1135356
0.1402212
0.2829836
0.1523735
-0.1126327
0.1164974
-0.0690716
0.0811463
0.0773594
0.0600968
-0.0357910
-0.1196945
0.1376994
-0.1270202
-0.1615425
0.0542357
-0.0411616
-0.1358412
-0.0227057
-0.0476979
0.0481195
-0.0269206
0.0034859
0.1494061
0.2579562
0.0368412
-0.3719639
-0.2613791
-0.4348279
-0.5931245
-0.1443350
0.2262142
1.3865646
0.2475736
-0.5278480
-0.1837743
0.3538012
0.2849534
0.2597713
-0.1765784
-0.2477051
-0.2322197
-0.2727741
-0.0470658
0.1729917
0.1662209
-0.0070520
-0.0452816
0.2044244
0.0883659
-0.0155554
-0.0354103
-0.0265848
0.0943582
-0.2158683
0.0404914
0.1727521
-0.0828629
0.1768103
