0.2802237
0.1640980
0.0226899
-0.2555258
-0.2222444
0.0125043
0.1008774
-0.1545229
0.0467476
-0.0626442
0.1716138
-0.0324341
0.1569804
-0.1483040
0.1321271
-0.1900799
-0.1464703
0.2198868
0.1561548
-0.1133626
0.1779748
-0.0076437
-0.1459205
-0.3001639
-0.1362694
0.2894584
0.2525504
-0.1680806
-0.1887591
-0.3901335
-0.3171200
-0.4936197
0.7349947
1.2489266
0.3299095
0.4829988
0.4726690
0.1877425
-0.4820155
-0.3126231
-0.3030534
-0.3177196
-0.2178043
-0.1275779
0.1065651
0.2830644
-0.2539383
-0.1345270
0.0832242
0.0008001
-0.0747102
0.2165759
-0.1421234
0.0706962
0.1677151
0.1324997
0.1628764
-0.0416889
0.0459816
-0.2445619
-0.0467485
0.2724508
0.1892249
-0.4951121
-0.3560509
0.3306698
1.0021152
0.7248934
-1.3955637
0.4372021
0.7649014
0.2329002
-0.2667451
-0.2071464
-0.3323741
-0.2067767
0.0107058
0.0817071
0.2839623
0.2465488
0.2740323
0.1602519
-0.0053398
-0.1645907
0.1510500
0.0207395
-0.0737840
0.0805681
-0.1249231
-0.0457410
0.1897804
0.1561836
0.1108949
-0.1720592
-0.0681837
-0.1289701
0.1385586
-0.1831096
0.0336663
0.0094408
-0.1891625
0.1360622
0.1216821
0.1079541
0.1900144
0.0632886
0.0636227
-0.3244702
-0.5713244
-0.4024487
1.2526804
1.3689591
-1.7372250
-0.7235214
0.3195742
0.6144094
-0.0145805
-0.4758104
-0.1401078
0.2612880
0.2131704
-0.1410772
0.1089327
-0.1351086
0.1482399
-0.1039181
-0.1822724
-0.2015648
-0.1778913
-0.0975240
-0.0443487
0.1352187
0.0247147
-0.1287552
0.2214406
-0.0935374
-0.1509209
-0.1020221
-0.0554003
-0.0775911
0.0668322
0.0286803
0.1733215
-0.2430792
-0.5281547
-0.4515459
0.7012198
1.1496374
-0.1040832
-1.0153700
-0.4485323
0.3466149
0.4336525
0.5460744
0.1089419
-0.3630468
0.0008186
0.0250199
0.0764934
-0.1489248
-0.1877829
-0.0782346
0.2085739
-0.0336248
-0.1626168
0.1450230
0.0641139
0.1777543
0.0990449
-0.0933592
0.1258181
-0.1509709
-0.1769290
-0.1037720
0.0414405
-0.1011827
-0.1958808
0.0620626
-0.1925103
-0.1515559
0.0431660
-0.0427485
0.2477423
0.1239483
0.1836164
-0.3786191
-0.3094592
-0.2396080
-0.4458606
-0.0401399
-0.0225109
-1.2800507
0.6540950
0.3587677
0.5624204
-0.1987218
-0.2838925
-0.2796440
-0.1379576
0.0696290
