0.2003696
0.0237836
0.0095062
-0.0232167
-0.0399468
0.0106058
-0.0268402
-0.0144780
-0.0139648
-0.0107361
-0.0023275
-0.0071675
0.0126862
-0.0219013
0.0222326
0.0236569
0.0317618
-0.0296703
-0.0004748
0.0257779
-0.0374798
0.0080025
0.0327105
0.0064640
-0.0059324
-0.0374230
0.0053763
-0.0014520
-0.0105897
0.0236029
0.0178286
0.0406947
0.0051452
0.0315002
0.0082208
0.0203890
-0.0457340
0.0130297
-0.2157035
-0.0303356
0.0310824
0.0952412
0.1734972
0.1155229
0.0486686
-0.0019517
-0.0620341
-0.0770153
0.0255074
-0.0346743
0.0120779
-0.0373239
0.0349319
0.0434755
0.0282496
-0.0145452
-0.0560866
0.0545385
-0.0273774
0.0228023
-0.0150767
0.0077590
0.0339942
-0.0033142
0.0105666
0.0256280
-0.0411264
0.0321585
0.0343417
0.0217091
0.0312904
-0.0014200
-0.0013512
0.0283034
-0.0024853
-0.0238524
0.0111590
-0.0161216
0.0196011
0.0004916
-0.0318185
0.0239094
0.0348522
-0.0462319
0.0032979
0.0289560
-0.0562588
0.0327288
0.0260069
-0.0286239
0.0176245
-0.0236971
-0.0320353
-0.0475977
0.0379043
0.0122309
-0.0147959
-0.0274492
-0.0037132
0.0214541
