-0.2434490
0.1947157
0.1825900
0.0371168
0.0489037
-0.0115526
0.1759630
-0.0988187
0.2017060
0.0114629
-0.1431008
-0.1654779
-0.1064515
0.1330427
-0.0056312
-0.1164320
0.0733363
0.0316320
0.0338295
-0.1547389
0.0570957
0.0024681
0.0233309
0.1717260
0.2218066
-0.0442373
0.0118575
-0.0826915
0.1340024
-0.1057222
0.0872664
0.1503653
0.0305692
-0.2677609
-0.2358953
1.4289909
0.5161982
-1.1715579
-0.0655797
0.2690967
0.4819651
0.5316984
0.2062954
0.3252816
0.1035853
0.0160075
0.0786252
0.1146710
-0.0019231
-0.0800221
0.1000896
-0.2015457
0.0558881
0.1203803
0.1846089
-0.0514427
0.0318490
0.1133634
-0.0504188
0.1325723
0.1795146
0.0310897
0.1532398
-0.0878173
0.0148925
-0.2074669
0.0938837
0.0297731
0.0515269
-0.2987083
-0.5373733
0.0648984
1.0352256
1.4287465
0.9886444
-0.7406686
-0.5944664
-0.1175411
0.3258765
0.3462419
0.2539004
0.4771295
0.1764263
-0.0361690
-0.2170960
0.0933130
0.1467516
-0.0620353
-0.1681675
0.0255938
-0.1140802
0.1116318
0.0592783
0.1352516
-0.0912744
0.1738695
-0.0028782
0.1199690
0.1342165
0.1945349
-0.0479572
-0.0464174
-0.0564477
0.1078584
-0.0982913
0.1704512
-0.1057106
0.2159013
0.1376079
-0.0075024
0.0081390
0.0786747
-0.0324251
0.2307202
0.0457733
0.1794536
-0.4915026
0.7719204
1.3105383
-1.0703944
-0.9778677
0.3174349
0.0216734
0.0735182
-0.2364566
0.0789158
0.1247212
0.0071851
-0.0273242
0.0882494
-0.0644992
-0.1353408
0.1124988
0.1603453
-0.1044010
-0.1644235
-0.1544125
-0.1207805
-0.0629956
0.0001148
0.0832291
0.1709365
-0.1179887
0.0171270
-0.0245112
0.0182812
0.1263043
0.1012190
-0.0300821
-0.1667078
-0.1328377
-0.1583338
-0.0381537
0.2484965
0.0374640
-0.1470037
0.5306045
1.0677389
1.0368406
-0.5447452
0.4759312
0.3783396
-0.2273340
-0.0483312
0.0387389
0.0735521
-0.0851507
-0.1705517
-0.1287053
-0.1668325
0.0120457
-0.0872731
-0.1139800
-0.0960360
0.0659739
0.1471907
-0.0362332
-0.1537065
-0.0110556
-0.1547445
0.0934911
-0.0886340
0.0712575
-0.1501920
0.0283006
-0.1845963
-0.1315644
-0.0237179
-0.0993900
0.1658664
0.2208895
-0.0335946
-0.0503645
-0.1553785
0.1281786
0.3746472
0.1310711
-0.0619730
-0.1280137
-0.0859598
