0.1049602
0.0950722
0.0238367
-0.1904722
-0.2159338
0.0980903
0.0922487
-0.0582642
0.0263566
0.1600593
0.1510199
-0.1606216
0.1814181
-0.0609514
-0.1461806
0.0736961
-0.0904117
-0.0462810
0.0426928
0.0615054
0.0154765
0.1032064
-0.0436431
0.2438485
-0.1078418
-0.2327377
-0.0207382
0.1062102
-0.0666963
0.0015895
0.3543920
0.1874489
-0.4291921
-0.6889676
-0.5006916
-0.2584025
-1.3526362
-0.0057734
0.2771346
0.5167787
0.3548016
0.3929015
-0.0684225
0.0223134
-0.2525731
-0.1416097
0.1623507
-0.0948475
-0.1323487
-0.1967428
-0.0774126
-0.0901484
-0.0495007
0.0601555
-0.1674477
-0.0875864
-0.0626746
0.0051153
-0.1563346
0.0223312
0.0431363
-0.1202564
-0.0964557
-0.0250198
-0.0238566
0.0996034
0.0716822
-0.0275571
-0.3727099
-0.4536578
0.2375168
1.1595427
-0.6015426
-1.0584337
-0.9775260
-0.4299868
0.5221082
0.3160713
0.2557289
0.4129884
0.2892266
-0.0974486
-0.1474882
0.0716944
0.0377152
0.0643802
0.0067824
-0.1944329
-0.1828079
0.0170702
0.0210358
-0.0984999
0.1297172
0.1679409
-0.1280175
0.1593168
-0.0337916
0.1380022
0.0277857
0.1003347
-0.1077177
0.1240001
-0.0117691
-0.0020532
-0.0648204
-0.0787374
0.1216053
-0.2075371
-0.1373655
0.0791662
-0.0462872
-0.1481578
0.2721500
0.2207713
-0.2469903
-0.4942520
-0.0190790
0.9198985
-0.0113998
-0.8031758
0.2827565
0.3668620
-0.1560848
-0.2942333
-0.1664044
0.0665178
0.1654794
0.1186659
0.1339111
0.0566142
0.0850299
0.1561912
0.0561937
-0.2073499
-0.0766262
-0.1771174
0.0715009
0.0532529
-0.0498434
0.0691202
0.1446013
-0.1304327
0.0015367
0.1934483
0.0926395
-0.0799937
-0.0402685
0.0273093
-0.0453033
0.0167841
-0.1210273
0.1254531
0.1438702
0.1808630
0.1134564
-0.3651643
0.9927417
-0.0261168
-0.8269152
0.3722050
0.2701945
-0.1658406
0.0033486
0.1101504
0.1127704
-0.1568137
-0.2270749
-0.1070487
0.0451574
0.0295461
-0.1293736
0.1078756
-0.1626177
-0.0672439
-0.1401578
-0.0212562
0.1149767
0.0818394
0.1122163
0.1954129
-0.1547076
0.1447682
0.0718995
0.0090255
-0.1486805
0.0227778
-0.1325489
0.1276198
0.1840942
-0.0181804
-0.1143764
-0.2168323
0.1341231
-0.0661472
0.1935349
0.2546503
-0.1295809
-0.2212630
-0.3600759
-0.4863399
