-0.0072284
0.2385594
0.2502124
-0.2752626
-0.0498123
0.1205869
0.3241331
-0.0063650
-0.0191079
-0.2729859
0.1058848
0.0786798
0.1196647
-0.0459094
-0.1214709
-0.0875838
-0.1525775
-0.0426799
0.4302679
0.0319728
-0.2342837
-0.3780842
-0.0361701
0.1814806
-0.0211600
0.2360916
-0.1736486
0.1748364
0.2271624
0.1729300
0.0399563
-0.1879923
-0.0586923
0.0497542
-0.0069851
-0.0250246
-0.4252899
-0.1138201
0.4314479
0.5930269
0.4515799
0.3427397
-0.2945844
-0.4211670
-0.4071177
0.0700180
-0.2777031
-0.1419257
0.1230883
0.1162440
0.1636833
0.1499344
0.0248778
-0.1627247
0.1427604
0.2047573
0.1455491
0.2120854
-0.2053837
0.0177064
0.0295886
-0.1838482
-0.0952202
-0.0336999
-0.2318450
-0.0124390
-0.0150742
0.4803244
-0.1115146
-0.3112078
-0.1780951
0.2314213
0.0289125
0.0847446
-0.1483257
0.0018344
0.0553948
-0.0726213
0.0231810
-0.0550906
-0.0979701
0.0245767
0.1703931
-0.0503996
0.0396762
-0.0865872
0.2735999
-0.5036026
-0.3383368
0.1943907
-0.0522609
-0.2471142
-0.0168297
0.1422533
0.3743112
0.1477041
-0.1279287
-0.1081739
-0.0553487
-0.0618487
-0.1071532
-0.0247554
0.1518776
-0.1802668
-0.0312073
0.0525272
-0.0315125
0.1861459
0.0654425
0.0776260
-0.1432370
0.0032204
-0.0399079
0.2882141
0.1625474
-0.0144789
-0.0287399
0.1016176
0.2462105
-0.0235656
-0.1187584
0.0652029
0.0641346
-0.0238497
0.0257471
-0.1779875
0.1670424
0.1260472
0.0639474
0.0806738
-0.0021791
-0.1375249
-0.1473366
-0.1802988
-0.1487152
0.1045975
0.0276419
-0.0903999
-0.0368172
0.1119897
-0.0861055
-0.0836693
-0.0701133
-0.0111375
-0.0752307
-0.0860226
-0.0708148
-0.0455536
0.0883922
-0.0133625
0.1220764
-0.0176785
-0.3288795
-0.1739550
0.1614048
-0.0815564
-0.1553604
-0.1169832
-0.0383315
0.0882258
0.1091688
0.0224329
-0.0648141
0.0480611
-0.0612958
-0.0107672
0.1367763
-0.1065207
-0.2114761
-0.2813446
0.0193230
0.0834744
0.1543290
-0.0746377
-0.1484526
-0.0787824
0.0262405
0.1459769
0.0224619
0.0479702
-0.0342376
-0.0380922
0.0267525
-0.0412064
0.0419647
-0.1021428
-0.1208995
-0.0402677
-0.1946791
-0.0746507
-0.0978971
0.1579647
-0.0692459
-0.0789352
-0.1535177
0.2383878
-0.0358219
-0.0314201
-0.0965999
-0.1944555
