0.3208018
0.0402714
0.0114948
-0.0151460
-0.0275744
-0.0146846
0.0024485
0.0009402
0.0278063
-0.0052230
-0.0226405
-0.0140755
0.0000598
-0.0151443
-0.0065020
0.0010194
-0.0283063
-0.0109551
0.0297520
0.0049090
-0.0004089
-0.0323221
-0.0450806
-0.0498487
-0.0250541
0.0140215
0.0232441
0.0116960
0.0346069
0.0046255
0.0208125
0.0355570
-0.0089316
0.0324176
-0.0050878
-0.0611195
0.0190974
0.0604834
-0.1402590
0.2375197
0.2960036
0.2535686
0.0645022
-0.1126435
-0.1817937
-0.1677944
-0.1028861
-0.0034912
0.0072030
-0.0149020
0.0333872
0.0181331
0.0153397
0.0188661
-0.0020088
0.0139470
0.0018525
-0.0296294
-0.0076335
-0.0366487
0.0709449
0.0344180
0.0325598
-0.0287061
0.0224471
0.0242425
0.0384274
0.0292874
-0.0137235
0.0174576
-0.0230226
-0.0084942
0.0182601
0.0207477
0.0527080
0.0061872
0.0285617
-0.0162964
-0.0012050
0.0292655
0.0315723
-0.1600454
0.0474307
-0.0110149
0.0154175
-0.0131871
-0.0322351
-0.0248280
-0.0075111
0.0356475
-0.0153265
-0.0343015
0.0325047
0.0172760
-0.0078053
0.0206425
-0.0020336
0.0098887
0.0003399
-0.0162942
