0.2591525
0.0657534
0.0637252
0.0340486
0.0231692
-0.0178557
0.0309918
-0.0480965
-0.0503925
-0.0649977
-0.0387113
-0.0318423
-0.0125249
-0.0012818
-0.0090511
0.0440681
0.0500180
0.0487690
0.0409483
0.0129365
-0.0343136
0.0255540
0.0465777
0.0490277
-0.0212280
0.0123349
0.0531797
0.0015210
-0.0257423
-0.0185919
-0.0323243
-0.0097814
0.0060157
0.0433635
0.0054788
-0.0220851
-0.0551623
-0.0093034
-0.0450716
-0.0785072
-0.0013285
-0.0561195
-0.0267771
-0.0695263
0.0507194
0.0857510
0.1200350
0.2077460
-0.0577621
0.0646352
-0.0097431
-0.0302298
-0.0144047
0.0440748
0.0377013
-0.0105748
0.0390752
0.0390238
-0.0247877
-0.0317496
-0.0207291
0.0499578
-0.0256851
-0.0315955
0.0201810
-0.0017613
0.0466596
-0.0149346
-0.0149464
-0.0081458
0.0001876
-0.5429614
0.1389359
0.5933076
-0.1965563
-0.1026233
-0.0653220
-0.0615070
0.0305589
-0.0061057
-0.0807592
-0.0628510
-0.0491915
-0.0605851
0.0213086
0.0276279
0.0808994
-0.0496625
-0.0182493
0.0160795
-0.0203919
0.0054734
-0.0256803
0.0414276
-0.0117703
0.0378528
0.0037098
0.0241906
0.0221289
-0.0421417
