0.5837380
-0.0428523
-0.0009471
0.0308937
-0.0141776
0.0247018
-0.0400898
0.0201076
-0.0405411
-0.0300703
-0.0152767
0.0584730
-0.1014456
0.3985437
0.0911003
-0.0085718
0.0122909
0.0014284
0.0491479
0.0239611
0.0283900
0.0061988
-0.0216052
-0.0502646
0.0219026
-0.0526947
0.0492914
0.0816400
0.0949878
-0.1367219
-0.1665215
0.0685727
0.0768294
-0.0009970
0.0740663
-0.0107527
0.0058782
-0.0155235
-0.0197415
0.0206297
-0.0028085
0.0413087
-0.0232661
-0.0521332
-0.0132700
-0.0695354
0.0043201
0.0007172
0.3483695
0.0905369
-0.0166959
0.0182107
0.0047231
0.0299517
0.0175557
0.0041446
0.0879374
-0.1057729
-0.1858597
0.1425719
-0.2920697
-0.1044794
0.0008485
0.0350578
0.0058563
0.0130739
-0.0171409
-0.0364315
0.0057031
0.0010499
-0.0169608
-0.0295159
-0.0168521
-0.0776176
-0.0123311
0.0386914
0.0971089
-0.0196448
-0.3439431
0.3771761
-0.3029812
-0.0046665
-0.0365987
-0.0233308
-0.0248445
0.0170901
0.0764869
0.1588308
-0.0564787
-0.1415355
-0.2811807
-0.0289905
0.1254656
0.0125067
0.0044143
-0.0379803
-0.0619065
-0.0324259
0.0185698
0.0662388
