0.5733722
0.0063942
-0.0398430
0.0686183
-0.0141619
0.0575942
-0.0465359
0.0635196
0.0861232
0.0440054
-0.0243863
0.0014674
-0.0590483
0.5461254
0.1194560
-0.0306311
-0.0756059
0.0190927
-0.0125640
0.0401374
0.0461110
-0.0188323
0.0208032
0.0422157
0.0537616
-0.0150551
0.0757850
0.0476910
0.0555499
-0.2068945
-0.3011784
-0.0032147
0.2652915
-0.1283087
0.0332928
-0.0914463
0.0564347
0.0056215
0.0189580
0.0576781
0.0739924
0.0653225
0.0398542
-0.0475948
0.0082133
0.0229370
0.0012797
-0.0450371
0.1230872
0.0065060
0.0016958
-0.0349911
-0.0781694
0.0409799
-0.0560634
0.0624189
0.1411965
-0.0822953
-0.2305092
0.2299602
-0.3126505
-0.1644663
-0.0460770
0.0262440
0.0005472
-0.0483973
-0.0448529
0.0082772
0.0292350
0.0620500
0.0226931
-0.0172918
-0.0281624
-0.0508178
0.0131751
0.0434123
0.0715653
-0.0349464
-0.3053109
0.5478953
-0.3173065
-0.0113320
0.0063146
0.0299763
-0.0502421
-0.0365426
0.0789256
0.1020550
-0.0274495
-0.1387857
-0.3090486
-0.0403292
0.0665332
-0.0409430
0.0724253
0.0125750
0.0192979
0.0256626
-0.0128114
-0.0213423
