0.6324629
-0.0039049
-0.0588840
-0.0110549
-0.0202243
-0.0033200
0.0004192
0.0691893
0.0213809
0.0191196
-0.0188422
0.0364554
-0.0794679
0.6387409
0.0721694
-0.0802716
-0.0212613
-0.0561153
0.0504554
-0.0178941
-0.0340425
-0.0107307
-0.0009006
-0.0293866
-0.0150761
0.0067786
0.0313789
0.0715753
0.0875551
-0.0953954
-0.2875673
-0.1447738
0.4390250
-0.0421396
0.0350403
-0.0032912
0.0098216
-0.0510657
-0.0267485
0.0296339
0.0452646
-0.0612230
0.0321574
-0.0336307
0.0267941
0.0228231
-0.0487669
-0.0758487
0.1850999
0.0677098
-0.0145215
0.0415489
-0.0899574
-0.0279996
0.0049116
0.0417948
0.1166288
-0.0153839
-0.1157417
-0.1359643
-0.2702029
-0.2805723
-0.0927785
0.0874871
-0.0175568
-0.0306880
-0.0321242
0.0430763
-0.0255152
-0.0392124
0.0254835
-0.0229662
-0.0107744
0.0012409
0.0434755
0.0612945
0.0902982
0.0339693
-0.3471886
0.4886345
-0.3621850
0.0223835
-0.0532100
-0.0083516
-0.0760861
-0.0352442
0.0893641
0.0887142
0.0412368
-0.0524411
-0.2161260
-0.0307823
0.1069501
-0.0027108
0.0708398
-0.0237777
0.0194257
0.0260374
0.0009563
0.0195012
