0.0032100
-0.0370337
-0.0223841
-0.0012566
0.0442817
0.0542546
0.0562530
0.0436954
-0.0212558
0.0496443
-0.0224276
-0.0014176
-0.0266128
0.0415289
0.0199274
-0.0097371
0.0137811
0.0545391
0.0466607
-0.0530887
-0.0548336
0.0067957
0.0298450
-0.0582119
0.0123029
0.1156657
0.0974025
-0.1192531
-0.0799609
-0.0917948
-0.2269115
-0.2874769
0.3876373
-0.3271864
-0.2474191
0.0347837
0.1046748
0.0261203
-0.0053611
0.0043495
-0.0866868
-0.0681288
-0.0259161
-0.0262235
-0.0383031
-0.0364021
-0.0046101
-0.0097552
-0.0238840
-0.0472529
-0.0368772
0.0158287
-0.0073716
-0.0265136
-0.0167450
0.0364984
-0.0170739
-0.0525814
-0.0277757
-0.0202131
-0.0145550
0.0071699
0.0285361
-0.0440097
-0.2515676
0.4243416
0.5681383
-0.1882792
-0.0987493
-0.0096312
0.0411163
0.0743128
0.0103819
0.0031611
-0.0908989
0.0012509
-0.0482212
0.0663924
0.0582911
-0.0334072
-0.0182811
-0.0024399
-0.0347192
0.0371534
-0.0179276
-0.0486896
0.0574839
0.0274088
-0.0157111
0.0544655
0.0053172
-0.0106309
-0.0204739
0.0049573
0.0529377
0.0677764
0.0181433
-0.0101932
0.0226491
-0.0530705
-0.0304534
0.0049664
0.0537676
0.1172409
0.1100174
-0.0213166
-0.1743410
-0.2848606
0.1534124
0.4922150
-0.3253193
-0.3303374
-0.0428463
0.0456629
0.1125231
0.0095290
-0.0192990
-0.0614287
0.0102118
0.0686597
0.0527219
-0.0126590
-0.0579077
0.0052631
0.0209980
0.0007974
0.0547961
0.0084617
-0.0026765
-0.0328413
-0.0349425
-0.0403902
-0.0051325
-0.0226321
-0.0646190
-0.0323000
-0.0446077
-0.0398401
-0.0050028
0.0041061
0.0014156
0.0129949
-0.0632433
-0.0802631
0.0794970
0.0683146
0.0111599
-0.0191718
-0.0941358
-0.3251680
0.0129780
0.6451611
0.1225165
-0.4221735
-0.2844257
0.0258308
0.0677988
-0.0272336
-0.0966700
0.0188780
0.0538409
-0.0086593
-0.0310705
-0.0354936
0.0263966
0.0323607
-0.0258557
-0.0081874
0.0098269
0.0376261
0.0077848
-0.0035471
-0.0400703
0.0179924
0.0225020
-0.0642762
0.0182442
0.0194029
0.0669586
-0.0084368
0.0472875
-0.0256804
-0.0565169
0.0488283
0.0205764
0.0728109
0.0581156
-0.0434400
-0.0662862
-0.0434204
-0.0083423
-0.0308163
0.1085686
0.0233928
0.0574644
-0.3303912
-0.0992909
0.5775051
0.3965713
-0.0717850
