0.3251138
-0.0433967
-0.0644708
0.0438337
-0.0429233
0.0489173
0.0197289
0.0512778
-0.0039460
0.0399346
-0.0047441
-0.0081256
0.0263720
0.5357736
-0.0087423
-0.0350226
0.0367738
0.0247074
-0.0235659
0.0319006
0.0334450
-0.0215587
-0.0032676
0.0106767
-0.0219784
-0.0444325
-0.0088466
0.0554041
0.0687705
-0.1895872
-0.2653582
0.3099019
-0.4227071
0.1079078
0.0666653
0.0722620
-0.0567880
0.0171139
-0.0608940
-0.0073126
-0.0362367
0.0706129
0.0280428
0.0233987
0.0116669
0.0571124
-0.1035082
-0.0313212
0.4484696
0.0874392
-0.0051095
0.0325401
-0.0290321
0.0718367
-0.0354225
0.1020305
0.0958822
-0.1335081
-0.3254515
0.7305077
-0.0119476
0.1299273
0.0750012
-0.0721255
-0.0667566
-0.0395556
-0.0094685
-0.0628823
0.0391949
-0.0541765
-0.0286518
0.0114039
-0.0351875
0.0107020
-0.0317176
-0.0115575
0.0823683
-0.0387646
-0.2100780
0.5309613
-0.0972913
-0.0070876
-0.0294239
-0.0378252
0.0496483
-0.0335860
0.0725555
0.0713053
0.0638726
0.0268927
-0.1113372
0.0373136
0.0630848
-0.0192979
-0.0150102
0.0219490
0.0015785
0.0163371
0.0034968
0.0106893
