0.0351434
0.0268293
-0.0539398
0.0555464
-0.0311683
0.0482028
-0.0366646
0.0386798
-0.0411671
-0.0062018
0.0252005
0.0166195
-0.0082581
0.0211677
-0.0081133
0.0347973
0.0352006
0.0510594
-0.0315393
-0.0133440
-0.0046371
0.0291561
0.0054459
-0.0506024
0.0181067
0.0933210
-0.0082251
0.0145216
-0.0435619
-0.1227680
-0.2237258
-0.1047330
-0.0220324
-0.1528320
-0.0196277
0.0083111
0.0205083
-0.0789037
-0.0112818
-0.0147480
-0.0262923
0.0389099
0.0330465
-0.0071111
-0.0230489
-0.0445744
-0.0576596
0.0133118
-0.0214182
0.0446722
-0.0588305
0.0395112
-0.0370810
-0.0463065
0.0303033
0.0015094
-0.0344418
0.0501742
-0.0121632
0.0126449
-0.0002173
-0.0446498
-0.0065298
-0.0112462
-0.0495246
0.0291586
-0.0079084
-0.0141930
-0.0197078
0.0316688
-0.0042437
0.0532069
-0.0064243
-0.0177309
0.0294414
-0.0329512
-0.0102750
0.0662700
-0.0538433
-0.0390002
-0.0587806
0.0044723
-0.0806624
0.0098607
0.0595871
-0.0120232
-0.1411262
-0.1667169
0.4109949
-0.1615606
-0.1087212
0.0939498
0.0458797
-0.0018384
-0.0224381
0.0009605
-0.0550251
-0.0405725
0.0173953
-0.0444757
-0.0111866
0.0326426
-0.0191657
-0.0517942
0.0447722
0.0512823
0.0102193
-0.0530205
-0.0084977
-0.0323368
-0.0051245
0.0559032
0.0091288
-0.0984892
-0.0047821
0.0472902
0.0358683
0.0253980
0.0303211
0.0500398
-0.0153359
-0.0486478
0.0410503
0.0114941
-0.0026240
-0.0141023
-0.0558602
0.0622491
0.0365124
0.0012711
0.0578331
0.0582272
0.0243921
0.1072374
0.0418800
0.1076575
0.0185166
-0.1611606
0.0849586
0.3703732
0.3018202
0.0501041
-0.1764475
-0.0393073
0.0687094
0.0480710
0.0680055
0.0108854
0.0199931
-0.0476874
-0.0711288
0.0329431
-0.0401979
-0.0060867
0.0217193
-0.0127465
0.0187734
-0.0473234
-0.0355859
0.0600505
-0.0100037
0.0133062
0.0234462
-0.0209328
-0.0380080
0.0505463
-0.0296301
0.0320172
-0.0517382
-0.0134584
0.0195926
0.0346816
-0.0005557
-0.0196670
0.0565276
0.0102667
-0.0464817
-0.0290332
-0.0163017
0.0528504
0.0345732
-0.0155516
-0.0243388
-0.0433542
0.0291266
-0.0935937
-0.0667123
-0.0418006
-0.0612614
-0.0249532
0.0954411
-0.0213331
-0.1494100
-0.2683263
-0.2918826
-0.1593532
-0.4619424
-0.1041517
-0.0030324
0.0454115
