-0.2006871
-0.0082674
-0.0378992
0.0734986
0.0632001
-0.0379443
0.0191933
-0.0434864
-0.0217315
-0.0504418
0.0425798
-0.0209747
-0.0301242
0.0222842
-0.0799339
0.0213512
-0.0524261
-0.0408965
-0.0198103
0.0643286
-0.0065958
0.0515603
0.0425790
-0.0645048
0.0211255
-0.0309086
0.0075698
0.0273023
0.0483907
-0.0327624
-0.0590746
-0.0025310
0.0299242
0.0447692
0.0203372
-0.0480332
-0.0316321
0.0208926
-0.0246086
-0.0537065
0.0093704
-0.0313288
0.0465422
0.0365221
0.0820034
-0.0239709
0.5142594
-0.3897971
-0.1907921
-0.1226749
-0.0245777
-0.0519932
0.0675975
0.0615881
-0.0266273
-0.0090131
0.0003379
-0.0356543
-0.0310065
0.0609678
-0.0120463
0.0554078
-0.0181315
-0.0380842
-0.0474287
-0.0622101
0.0233674
-0.0582850
0.0202754
0.0607287
-0.0119706
-0.0005175
0.0249782
-0.0540462
0.0461256
0.0775905
0.1330262
0.0669384
0.0840730
0.0599361
-0.0630141
-0.1647269
-0.2981262
0.6059216
-0.4409408
-0.3161662
-0.0150653
0.1570104
0.0075511
-0.0009914
-0.0948404
0.0412815
0.0908866
-0.0349911
0.0452706
-0.0215154
0.0141402
0.0083159
0.0346235
-0.0475661
0.0395775
-0.0184628
-0.0515894
-0.0550673
-0.0195981
0.0606616
0.0193862
0.0107082
-0.0528991
0.0446866
0.0083924
0.0367192
-0.0111456
-0.0576089
0.0189632
-0.0588206
0.0329622
0.0537670
0.0562688
-0.0695111
-0.1705260
0.4879769
-0.3138059
-0.1894398
-0.0634317
0.0993578
-0.0154901
-0.0310086
-0.1002693
-0.0714311
0.0035067
-0.0043257
0.0523240
-0.0218334
0.0274706
-0.0488154
-0.0204633
0.0381734
0.0228673
-0.0116226
-0.0402077
-0.0119996
0.0412624
0.0742231
0.0112992
-0.0438176
-0.0636388
0.0584687
0.0822451
0.1415352
0.1363293
-0.0187461
-0.0864418
-0.3319058
-0.3282625
0.5432673
-0.0460995
0.0052436
0.0546257
0.0918471
-0.0593365
-0.0113895
0.0596370
0.0502921
-0.0306354
-0.0159356
-0.0096916
0.0554123
0.0066967
0.0748026
-0.0005726
0.0621656
-0.0309815
0.0412119
0.0191667
-0.0008233
0.0673274
0.0440799
-0.0080856
-0.0426873
-0.0192434
-0.0337592
0.0121536
0.0006720
0.0463274
0.0449255
-0.0141177
-0.0021515
0.0520147
-0.0090990
-0.0417530
-0.0444544
0.0294422
0.0461599
0.0438968
-0.0254307
-0.0683410
-0.1525091
-0.1784329
-0.0551669
