0.4946666
-0.0226525
-0.0359691
0.0294246
0.0239425
-0.0167471
-0.0001801
0.0690416
0.0100087
0.0565867
0.0323835
0.0328784
-0.0571880
0.6098152
0.0621667
0.0053413
-0.0262654
0.0007185
-0.0188205
0.0248744
0.0706221
0.0106167
-0.0397133
-0.0659625
-0.0284632
-0.0639778
0.0547528
0.0630213
0.1414991
-0.2438891
-0.1015390
0.2832782
-0.1225103
-0.0612819
0.0429843
-0.0914134
0.0873627
-0.0269111
0.0075152
0.0007265
-0.0232362
-0.0087291
-0.0109285
-0.0256007
-0.0515203
-0.0505465
-0.0234139
0.0306207
0.5201175
0.0214711
-0.0499586
0.0155249
0.0429204
0.0123942
-0.0238666
0.0657505
0.0565441
-0.1557872
-0.3336069
0.5999857
-0.2596174
-0.0363983
-0.0433675
-0.0037768
-0.0253051
-0.0285545
0.0156538
-0.0200805
-0.0152666
0.0468410
-0.0224672
-0.0880684
-0.0087621
-0.0226760
-0.0038705
0.1203259
0.0653803
-0.0779120
-0.1334769
0.6645518
-0.2447561
0.0038610
0.0076078
-0.0224348
-0.0348904
0.0013072
0.0854774
0.0885722
-0.1230721
-0.2466957
-0.3447550
0.0163114
0.0753474
-0.0111201
-0.0177602
0.0504343
0.0144234
-0.0063054
0.0283172
-0.0188535
