0.0094411
-0.0190524
-0.0235062
0.0003252
-0.0656241
0.0157563
-0.0003998
0.0038438
0.0613959
0.0642389
-0.1336381
-0.2850031
0.0581190
0.3535714
0.4796311
0.0598055
-0.2557009
-0.2241230
-0.0704297
0.1132859
0.1178218
0.1292636
0.0800348
0.0436196
0.0146415
-0.0720157
0.0190077
0.0191381
0.0412181
-0.0303946
0.0616576
-0.0183653
-0.0345481
-0.0364276
-0.0576879
-0.0290698
-0.0093056
0.0014164
0.0383015
0.0274664
0.0481946
-0.0253140
-0.0398956
-0.0172570
-0.0191075
0.0275509
0.0050686
0.0608961
0.0252511
-0.0359587
0.0183928
-0.0382383
-0.0336981
-0.0442375
-0.0314764
0.1109737
-0.2899842
-0.2002344
0.2888245
-0.3616805
-0.0649133
-0.0497753
0.0323239
0.0464084
-0.0079137
-0.0950674
-0.0010940
-0.0126913
0.0655526
0.0017002
-0.0233696
-0.0407746
0.0088958
-0.0102334
0.0287653
0.0583375
-0.0501211
0.0200779
0.0272617
0.0018744
-0.0504764
-0.0563986
-0.0396393
-0.0074510
0.0521016
0.0076542
0.0083607
0.0036766
-0.0318955
0.0294766
0.0123416
0.0085537
-0.0264927
0.0395264
0.0690102
0.1371823
0.0900066
-0.0033414
-0.0591305
-0.1079638
-0.3163886
0.6231437
0.2600159
-0.4545895
-0.4001013
-0.0879320
0.0644407
0.0439332
0.1204737
0.0589063
-0.0885346
-0.1110964
0.0312767
0.0437317
0.0801613
0.0716423
-0.0639038
-0.0078097
0.0144992
0.0273568
0.0531918
-0.0015134
-0.0141067
-0.0395414
0.0005680
-0.0093895
0.0015432
0.0018912
-0.0196321
-0.0013270
-0.0309576
-0.0273654
0.0182860
0.0317587
-0.0790155
-0.0380655
-0.0818343
0.0893484
0.0908641
0.0737836
-0.0903545
-0.0609641
-0.3839366
0.0238225
0.4569896
-0.4251396
-0.2106649
0.0082285
0.0688029
0.0697461
0.0058250
0.0352925
-0.0138117
0.0137800
-0.0289271
0.0462066
-0.0107899
-0.0535992
0.0486604
-0.0070854
0.0636252
0.0188729
0.0629095
0.0530523
-0.0295698
-0.0265366
-0.0068351
0.0396810
0.0198876
-0.0228872
-0.0327641
-0.0461723
-0.0733872
0.0420866
-0.0028101
0.0603323
0.0754754
0.0511715
-0.1284260
-0.3020652
0.1701136
0.5574814
0.3216341
-0.2625086
-0.4027466
-0.1233501
0.0585259
0.1054666
0.0315170
0.1045901
-0.0508226
-0.0367452
-0.0632262
-0.0444064
-0.0390944
-0.0370684
0.0276389
-0.0787048
-0.0142254
0.0288823
