0.4926449
-0.0512976
-0.0713844
-0.0347991
0.0130744
-0.0038498
-0.0301774
0.0585242
0.0086108
-0.0224511
0.0006046
-0.0406862
-0.0035387
0.4772085
0.0823460
-0.0487102
-0.0654499
-0.0491005
-0.0405024
0.0459690
-0.0032887
-0.0451131
-0.0409918
-0.0046588
-0.0089184
0.0320877
0.0458894
0.0701926
0.1705772
-0.0171079
-0.3373128
-0.1357973
0.3008957
-0.0548508
0.0807632
-0.0495444
0.0366884
-0.0032242
0.0403974
-0.0128006
0.0318690
0.0108256
0.0268634
-0.0194782
-0.0360249
-0.0788288
-0.0594383
-0.0286065
-0.0846809
-0.0231275
-0.0028677
0.0201404
0.0148265
-0.0156508
-0.0529395
0.0584037
0.0671350
0.0341835
-0.1320564
-0.2554324
-0.1812690
-0.2600904
-0.0911677
0.1096221
0.0451525
0.0071970
-0.0761922
-0.0458979
0.0572708
0.0200873
0.0691191
0.0402389
0.0110291
-0.0814918
-0.0179213
0.0381595
0.1079770
0.0057492
-0.3486829
0.1522511
-0.2308719
-0.0690334
-0.0047506
0.0112902
-0.0219960
-0.0455198
0.0966196
0.1067625
0.0114735
-0.0665339
-0.1333778
-0.0968387
0.0321732
-0.0208948
0.0272264
-0.0040588
0.0265328
-0.0386288
-0.0045691
0.0043847
