0.2924191
-0.0627974
-0.0578638
0.0117438
0.0249512
0.0388362
-0.0159969
-0.0315705
-0.0209887
0.0377547
-0.0094925
0.0342288
-0.0868046
0.4606748
0.0495229
0.0084656
-0.0358728
-0.0386516
0.0002922
0.0231564
0.0089341
-0.0343994
-0.0437375
0.0505299
0.0343344
0.0214596
-0.0116120
0.0486615
0.0547899
-0.1245438
-0.2202898
0.0656842
0.1369389
0.0102372
0.0493607
-0.0487643
0.0484200
0.0473622
0.0271852
-0.0056305
-0.0138017
0.0211765
0.0341436
-0.0374332
-0.0764023
-0.0569906
-0.0407588
-0.0562592
0.3637603
0.0791770
-0.0294028
0.0204601
-0.0532258
-0.0220187
0.0344211
0.0495948
0.0566141
-0.0156395
-0.1029520
-0.0713931
-0.2960366
-0.2498683
-0.0823478
0.0340679
0.0269715
0.0141750
-0.0198585
-0.0283214
0.0428192
-0.0202979
0.0398178
0.0356847
-0.0039717
-0.0923705
-0.0212419
0.0614399
0.1454339
0.0334255
-0.2749073
0.2762383
-0.3218244
-0.0032864
-0.0411642
-0.0192336
-0.0557164
-0.0523627
0.1423057
0.1238228
0.0275213
-0.0850381
-0.2360140
-0.1185912
0.1208243
-0.0878570
-0.0069215
0.0544068
0.0047227
-0.0316461
0.0232048
-0.0144851
