-0.1798151
0.0854412
0.1027348
0.0201360
0.0120842
-0.0492315
-0.0845954
0.0289452
-0.0172393
0.0679860
-0.0579749
-0.0486254
0.0087518
0.0105612
0.0372380
-0.0706580
0.0595289
0.0191296
0.0694490
0.0476965
-0.0242238
-0.0682550
-0.0276654
0.0440579
0.0640643
0.0299447
-0.0451746
-0.0390662
0.0483643
-0.0422682
-0.0382917
0.0393505
-0.1134576
-0.0494599
0.0741188
0.0743342
-0.0594869
-0.3338374
0.3410202
0.7624957
0.6154722
0.2790752
-0.4546914
-0.3792185
-0.2805598
0.1820329
-0.0342469
-0.0807756
0.0239009
0.0640478
0.0351991
0.0005184
-0.0197343
-0.0574919
0.0543245
-0.0005991
-0.0256498
-0.0099893
0.0007538
0.0061791
0.0245108
0.0254316
0.0383402
-0.0071870
0.0047090
-0.0504071
0.0913773
0.0830679
0.0212220
-0.0204743
-0.0244670
0.1149900
0.0867091
0.1247703
0.0886001
-0.0735881
-0.1601292
-0.3407709
-0.4131707
-0.1105019
0.3034279
0.6413740
-0.3453339
-0.1020433
0.1536370
0.1109544
-0.0470420
-0.0643690
0.0318894
0.0371038
-0.0090827
-0.0458923
-0.0500573
0.0217051
-0.0213591
-0.0619083
-0.0679814
0.0584564
0.0277625
0.0439691
0.0084174
0.0288002
0.0546326
0.0099071
-0.0501633
0.0430028
0.0230300
-0.0448576
-0.0323021
-0.0721003
0.0019504
-0.0362382
-0.0537327
0.0702229
0.0585537
0.0735699
-0.1017372
-0.0099297
-0.0232984
0.0260344
0.0707741
-0.0760463
0.1427376
0.6174326
0.4581172
-0.1209951
0.0472115
0.1114889
0.0753033
-0.0062216
0.0648336
0.0153742
0.0814810
-0.0574160
-0.0052426
0.0656705
0.0548608
0.0735325
0.0599721
0.0035802
-0.0211357
0.0226039
-0.0633654
-0.0187915
-0.0447132
-0.0574030
0.0159031
-0.0691262
-0.0816871
0.0587444
0.0850158
-0.0466571
-0.0102433
0.0677378
-0.0127776
-0.0708414
0.1230464
0.0351393
-0.0136112
-0.3762172
0.4636117
-0.0853007
-0.2606547
0.1014539
-0.0200388
-0.0402006
-0.1191722
-0.0027295
0.0123611
-0.0278975
-0.0012802
-0.0500532
-0.0354750
-0.0405937
0.0121861
-0.0729953
0.0422820
-0.0303274
-0.0069089
0.0187494
0.0738960
-0.0444047
0.0334216
-0.0332491
0.0499108
0.0487484
0.0352511
-0.0475212
0.0629192
-0.0387738
-0.0404484
-0.0404908
0.0293433
0.0436279
-0.0049305
0.0661351
0.0630378
0.0734808
0.1331265
0.0188864
