0.0484829
-0.0414337
-0.0314044
-0.0640232
-0.0286062
-0.0592011
0.0565036
-0.0310925
0.0173404
-0.0490911
-0.0478190
-0.0328676
-0.0106875
-0.0222609
-0.0416919
-0.0371804
0.0507573
0.0063504
0.0204862
0.0234163
-0.0445169
0.0227554
0.0032299
-0.0109580
0.0519507
0.0498524
-0.1980779
-0.2190240
-0.0328018
0.3778907
0.5675005
0.4168613
-0.1866942
0.0038372
0.0178346
0.0414768
-0.0202182
0.0167538
-0.0164905
-0.0550432
-0.0163523
0.0045701
0.0501779
-0.0294608
0.0073411
0.0335882
0.0485507
0.0246676
0.0513820
0.0136553
-0.0242051
0.0442922
-0.0272885
0.0432499
-0.0171744
0.0367589
-0.0237068
0.0210179
-0.0213257
-0.0109760
-0.0446245
-0.0272528
0.0291746
-0.0292665
0.0429033
0.0284110
0.0582169
-0.0222706
-0.0663388
-0.0647862
0.0112032
0.0072428
0.1215420
0.0533148
-0.0090886
-0.0626478
-0.2995160
-0.3084733
-0.1455143
0.2560048
0.6493432
0.2788797
-0.3044227
-0.0659485
0.0453288
0.1063787
-0.0726320
-0.0134102
0.0145681
0.0700674
-0.0305966
0.0424380
-0.0575161
-0.0323907
-0.0592089
-0.0454431
-0.0060146
0.0527930
-0.0573776
-0.0440853
0.0017344
0.0466629
0.0245239
-0.0587327
-0.0339390
-0.0070907
-0.0111219
0.0517058
-0.0501796
-0.0610126
0.0108569
-0.0068421
-0.0454520
-0.0594741
-0.0457429
-0.0251212
0.0513614
0.0481740
-0.0663667
-0.0236853
-0.0438798
0.0168763
-0.0422015
-0.0164254
0.0181876
0.0529187
0.0676959
0.0992537
0.0533149
-0.0197413
-0.0662502
-0.0950298
-0.0148104
0.0511150
0.0985866
0.0555695
0.1454826
-0.0684136
-0.0567295
-0.0490911
-0.0240467
0.0299583
-0.0129184
0.0130736
0.0541779
-0.0361327
-0.0104992
-0.0442116
0.0156808
-0.0272221
-0.0060677
0.0228261
0.0370158
-0.0041419
0.0199383
-0.0688077
-0.0408057
-0.0171773
-0.0571506
-0.0544480
-0.0557172
-0.0011482
0.0448672
-0.0089700
0.0041791
-0.0013610
-0.0326597
-0.0534176
-0.0464284
-0.0527730
0.0034549
-0.0458535
-0.0139966
-0.0162560
0.0284544
0.0144793
-0.0557918
0.0132356
0.0280944
0.0220557
0.1054575
0.0543402
-0.0613863
-0.0993097
-0.2276907
0.0980083
0.5026009
0.3395061
-0.0135041
-0.2617301
-0.0541290
0.0944282
0.0251116
0.0045890
-0.0606992
-0.0164107
-0.0344151
-0.0458506
0.0344769
0.0418529
