-0.0749075
-0.0367463
0.0053118
0.0588936
0.0139483
-0.0536804
-0.0171887
0.0227222
-0.0494006
0.0321628
0.0781770
-0.0603553
-0.0366047
0.0199668
-0.0190918
-0.1039781
-0.0891100
0.0120891
0.1140090
0.1618387
0.1315067
0.1226057
-0.0374871
-0.0455069
-0.3834048
0.8170582
-0.4620420
-0.1939109
-0.0462803
-0.0797217
0.0387809
0.0594243
0.0761671
-0.0721010
0.0043138
0.0368311
0.0815596
-0.0524027
0.0408198
-0.0246125
-0.0597273
0.0115371
-0.0403536
0.0352965
0.0222772
0.0074990
0.0541371
-0.0386211
0.0573769
-0.0425251
0.0541358
0.0123254
-0.0510961
0.0250657
-0.0023902
-0.0234788
0.0965482
0.0382440
-0.3575754
0.1401957
0.5740191
0.4233876
-0.0151635
0.0689312
0.0454716
-0.0465621
-0.0511402
0.0219159
-0.0015152
0.0741618
0.0303938
0.0816659
-0.0285022
-0.0674528
-0.0318015
-0.0410563
-0.0566476
0.0519048
0.0230355
0.0623787
0.0343569
-0.0165918
-0.0757799
0.0360119
-0.0104586
0.0271939
-0.0772589
-0.0540617
0.0332179
-0.0426173
-0.0292416
0.0269601
0.0637585
0.0794355
0.1091402
0.0270590
-0.0126801
-0.2205552
-0.3443890
-0.2201524
0.4665512
-0.3418885
-0.1733471
-0.1069264
0.0096044
0.1238271
0.0680235
0.0067329
-0.0699035
-0.0747135
-0.0275797
-0.0539161
0.0866807
0.0500250
0.0373907
-0.0132224
-0.0830137
0.0680712
0.0399792
0.0462147
0.0541694
0.0152178
0.0461244
-0.0322221
0.0340497
-0.0311311
-0.0363665
-0.0052490
-0.0070748
0.0310716
-0.0350883
-0.0013826
0.0066724
-0.0500016
-0.0165791
0.0182163
-0.0171346
-0.0854389
-0.1373555
-0.1682317
-0.3510115
-0.2080187
0.6191188
0.0780747
-0.2733577
-0.0440492
-0.0044808
0.0757711
0.0201910
-0.0434409
-0.0280113
-0.0870095
-0.0535440
0.0358388
0.0068725
-0.0400251
-0.0343288
0.0068121
0.0291799
-0.0046997
-0.0156987
-0.0846523
-0.0763699
-0.0303341
-0.0679170
0.0465447
0.0613053
0.0149932
-0.0345661
-0.0656704
-0.0093806
0.0183835
0.0731573
0.0927413
0.0628106
-0.0490497
-0.0076492
-0.1164205
0.0060344
0.0113564
0.1024726
0.1062258
0.0568947
-0.0198454
-0.1285046
-0.3459389
-0.1707376
0.4152945
0.7434855
0.7013116
-0.2243683
0.0704903
0.1151577
0.1415620
0.0514575
-0.1089616
-0.0667709
0.0375928
-0.0315204
-0.0139407
