-0.0276593
-0.0079705
0.0647508
0.0001793
-0.0019687
0.0224075
0.0550954
-0.0297731
-0.0398996
0.0353209
0.0503744
0.0191483
-0.0023436
-0.0257248
-0.0406886
0.0469235
-0.0587126
-0.0141069
0.0759910
-0.0367415
0.0190252
-0.0476973
-0.0721292
-0.0774959
-0.0051908
0.0663786
0.0429752
-0.0376101
-0.0709115
-0.1317834
-0.1947344
-0.3400115
0.6993289
-0.4108871
-0.3538193
0.1029242
0.0960263
-0.0212134
0.0183036
-0.0086957
-0.0029377
-0.0057703
0.0109977
-0.0243885
-0.0095042
-0.0144430
-0.0218194
0.0551051
0.0407548
-0.0366932
0.0527937
0.0148441
-0.0381657
0.0468894
0.0023203
0.0154763
0.0097096
0.0384458
0.0195187
-0.0238936
-0.0526259
-0.0204152
0.0322393
0.0208484
-0.0277460
-0.0556799
0.0664048
-0.0032631
-0.0466631
-0.0614426
-0.0576191
0.0519132
0.0786678
0.0697722
0.0522193
0.0408244
-0.0493410
-0.1239559
-0.1637958
-0.2128340
-0.3370867
-0.0771466
0.6447742
-0.3526455
-0.0370824
0.0587269
0.0511287
0.0245257
-0.0939915
-0.0582758
0.0546613
0.0236387
-0.0469568
-0.0107697
0.0416484
-0.0391634
0.0034494
0.0549319
0.0163167
0.0432649
0.0453173
0.0147891
0.0380824
-0.0318695
-0.0568048
-0.0328765
0.0074942
-0.0310648
-0.0103590
0.0078663
0.0398173
0.0290396
-0.0292195
-0.0423882
0.0123809
0.0533674
0.0500173
-0.0326136
0.0471258
-0.0106442
-0.0314378
0.0692514
0.0625468
0.0079693
0.0318340
-0.0638687
0.0852647
0.1102840
0.0801283
0.1235786
0.0733407
-0.2551315
-0.3095341
-0.0939389
-0.0529433
0.0184270
-0.0172754
-0.0608208
-0.0793042
-0.0164210
-0.0334724
-0.0378826
-0.0067145
-0.0018263
-0.0175577
0.0278249
-0.0151563
-0.0514639
0.0317166
-0.0503682
-0.0201209
-0.0121888
-0.0742975
-0.0469598
-0.0091675
-0.0028385
-0.0096555
-0.0471474
-0.0985798
0.1554152
-0.3317476
-0.5123758
0.1105265
-0.1850913
-0.1780337
-0.0069487
0.0909083
0.0805731
0.0614993
0.0062566
-0.0520289
0.0344173
0.0236269
-0.0020393
0.0271785
-0.0549012
-0.0149035
0.0501596
0.0292478
0.0029771
0.0306125
-0.0646893
0.0026379
-0.0005931
0.0101594
0.0148379
0.0363566
-0.0171212
-0.0428251
-0.0239872
0.0503741
0.0291570
-0.0400892
-0.0574237
0.0105491
-0.0065770
-0.0322811
0.0476355
0.0578308
0.0117494
