0.5196642
-0.3494469
-0.3666948
-0.0783466
0.0757618
0.0982111
-0.0042503
-0.0305711
0.0021395
-0.0225992
0.0156663
-0.0286466
-0.0505336
0.0049301
-0.0042307
0.0384138
-0.0431539
-0.0659351
-0.0428664
0.0032574
0.0674815
0.0300863
-0.0543380
-0.0314494
-0.0350132
-0.0088599
0.0521689
-0.0165852
0.0081995
0.0351864
0.0019211
-0.0787646
-0.0661814
0.0581564
0.1216203
-0.1402896
-0.3142644
0.2289153
0.3048325
-0.0496368
-0.3033190
-0.4441991
-0.2133473
-0.0272757
0.0658467
0.0411177
0.0086414
0.0679677
0.0274184
0.0772160
0.0066290
0.0038555
0.0014949
-0.0755726
0.0054122
0.0682464
-0.0345448
0.0446233
-0.0401279
-0.0153213
0.0142174
0.0002741
-0.0786319
0.0931109
0.1111419
-0.0018979
-0.0558949
-0.2909966
0.3922059
-0.0859832
-0.3734769
-0.0067317
0.0534076
0.0655835
0.0771930
0.0977389
-0.0241019
0.0143768
-0.0253575
-0.1006096
-0.0135663
-0.0109835
0.0243429
0.0152786
-0.0580968
0.0343166
0.0307458
0.0251632
0.0135175
-0.0427357
-0.0697233
-0.0286444
-0.0165869
-0.0359533
-0.0037396
-0.0120545
0.0434336
-0.0892724
0.0227080
-0.0584595
0.0075826
0.0563444
0.0979962
0.0076776
-0.0178435
-0.1579837
-0.1929829
0.1704245
0.3883373
0.3080906
-0.2217732
-0.2091012
0.0933840
0.1142491
0.0207590
0.0027540
0.0065934
0.0132218
0.0361469
0.0665110
-0.0100045
-0.0404341
-0.0501059
-0.0086081
0.0742078
-0.0300269
0.0215805
-0.0658439
-0.0542981
0.0126854
0.0525058
-0.0417925
0.0351838
0.0368321
0.0322864
0.0508348
0.0593156
-0.2224932
-0.2618578
0.0062590
0.5289186
0.5439983
-0.3910261
-0.1519506
0.0527772
0.0663786
0.0050729
0.0095897
0.0142859
-0.1045961
-0.0107643
-0.0303017
0.0595776
0.0386607
0.0458384
-0.0606005
-0.0512311
0.0359443
-0.0175208
-0.0204142
0.0329985
0.0327933
0.0606666
-0.0090976
-0.0104005
-0.0727669
0.0269286
0.0575950
0.0484227
0.0860211
0.0779721
0.0901113
0.0313638
-0.1148474
-0.2527227
-0.2344543
0.6220667
-0.0359045
-0.3814743
-0.0849013
-0.0293563
0.1338215
0.0955354
0.0455132
0.0789271
-0.0784602
-0.0429380
-0.0638571
-0.0253309
0.0046637
0.0913222
0.0160358
0.0451082
-0.0357120
0.0295916
-0.0022282
0.0075405
0.0162394
-0.0629339
-0.0339763
