-0.0556910
0.4693730
0.2101713
-0.4351853
0.0851152
0.0562265
0.0500561
0.0366748
-0.0419205
0.0109759
-0.0612381
0.0216221
-0.0326175
0.0672436
0.0220622
0.0371377
0.0170593
-0.0439735
0.0354588
-0.0523747
-0.0041407
-0.0113692
0.0189759
0.0022185
0.0425868
0.0264845
-0.0139323
0.0298987
0.0207990
0.0624435
0.0440848
0.0041901
-0.0241602
0.0307781
0.1022453
-0.0835969
-0.2329974
-0.0459659
0.3539881
0.4699474
0.3640561
0.0940505
-0.4014023
-0.3594376
-0.1965305
0.0658951
-0.0329001
-0.0022459
-0.0277888
0.0026926
0.0072176
-0.0237995
0.0505292
0.0011995
-0.0185477
0.0162064
-0.0244385
0.0184327
0.0368514
0.0015451
-0.0010204
-0.0359154
-0.0206434
0.1773363
0.1491750
-0.1622083
-0.1392453
-0.2209821
0.4254119
0.0442899
-0.3997840
0.0110483
0.0632203
0.0200008
0.1081535
0.0600408
0.0285489
-0.0117054
0.0230048
0.0020129
0.0030303
-0.0640150
-0.0696680
-0.0224187
0.0269360
-0.0325550
0.0202413
-0.0378222
-0.0115142
-0.0012732
-0.0187099
0.0363956
0.0194612
0.0468308
0.0381384
-0.0700632
-0.0343862
-0.1038560
-0.0212256
-0.0094295
0.0975007
0.0025703
-0.0195293
-0.1164711
-0.2093661
-0.1215168
0.1277283
0.4408707
0.1733039
-0.1521399
-0.0722117
0.0938735
0.0963249
-0.0202024
-0.0312079
-0.0229027
-0.0628653
0.0304489
0.0180850
0.0009842
-0.0234732
0.0203559
0.0430334
0.0434760
0.0542394
0.0105689
0.0108407
0.0464346
0.0357200
0.0000368
0.0138679
0.1334122
0.0773392
0.0020623
-0.0872654
-0.0779261
-0.1241169
0.3218519
0.0584358
-0.1174756
-0.3556884
-0.2260897
0.0847517
0.0714771
-0.0200267
-0.0351009
-0.0314822
-0.0208303
0.0011252
0.0263182
0.0283201
-0.0212497
-0.0070972
-0.0247652
-0.0005953
-0.0466975
0.0435173
0.0106807
0.0086177
0.0342983
0.0554769
0.0566102
0.0394875
0.0312607
0.0904559
0.0681181
-0.0269190
-0.1570423
-0.1155948
-0.1551225
-0.1018155
0.0035543
0.1339671
0.2960900
-0.1633829
-0.3626229
0.1227377
0.1402082
0.0485627
-0.0466045
-0.0292776
-0.0484267
-0.0198431
0.0657780
0.0456166
0.0099645
0.0364767
-0.0252847
0.0222833
-0.0322520
-0.0202128
-0.0055902
0.0321352
-0.0027492
0.0125023
0.0316601
0.0326202
0.0181997
0.0003871
-0.0186642
