-0.0199361
0.0109922
-0.0401854
-0.0357228
0.0694639
0.0850342
-0.0685174
0.1290653
0.1452467
-0.0940069
0.0227966
0.0338671
0.1295794
0.1074244
-0.0077570
-0.0077729
-0.0838251
-0.0672681
0.0118571
0.0179805
-0.0121330
0.0733001
0.0402451
0.0340398
0.0284085
-0.0157287
0.0605052
0.0052536
0.0505993
0.0455785
-0.0181784
-0.0381896
0.0369966
-0.0357766
-0.0284616
-0.0131334
0.0044285
-0.0155460
-0.0345985
0.0451570
-0.0247197
0.0013559
0.0550019
0.1078697
0.0078229
0.0401836
-0.0274750
0.1315674
0.1069373
0.0283918
-0.0472221
-0.0064773
-0.0148646
-0.0147423
0.0063837
0.0374567
-0.0337324
-0.0122622
0.0122955
-0.0414892
-0.0202036
-0.0252284
-0.0573994
0.0252250
0.0282169
-0.0769982
-0.0131070
-0.0376091
-0.0050422
0.0238341
-0.0644438
0.0929007
0.1470206
-0.0271422
-0.0170776
-0.0560451
-0.0358723
0.0018346
0.0628907
0.1400901
0.0392179
0.0125445
-0.0240390
-0.0472603
0.0135662
-0.0007420
0.0101383
-0.0720833
-0.0452255
0.0573468
0.0514828
-0.0422788
-0.0073185
-0.0421949
-0.0261330
-0.0131095
-0.0209045
0.0645978
0.0158065
0.0892994
-0.0361057
-0.0696421
-0.0280349
0.0099688
-0.0106014
0.0674308
0.0449092
-0.1703838
-0.0453605
0.0970340
-0.0219257
-0.1009145
0.0278582
0.1055156
0.0698424
0.0163185
-0.0125071
0.0170086
0.0133268
-0.0092870
-0.0263391
-0.0497683
-0.0334579
-0.0215854
0.0197867
0.0030364
-0.0456354
-0.0335316
-0.0601957
0.0188036
-0.0556351
-0.0470251
0.0152770
-0.0162095
0.0253930
0.0790632
0.0345067
0.1558504
0.0847770
0.0601452
-0.0728314
-0.0850168
-0.0118752
0.1374276
0.0510158
-0.1155153
-0.1204597
-0.0442292
0.0495258
0.0055788
0.0154642
-0.0048087
0.0301050
-0.0593732
-0.0092098
-0.0166310
-0.0352309
0.0275535
-0.0428058
0.0344508
0.0372611
0.0221080
0.0720841
0.0162080
0.0247828
0.1339345
0.0178897
-0.1222207
-0.1655676
-0.0453079
0.1549853
0.1568678
0.0665722
-0.1288700
-0.0639028
0.0348797
0.0795240
0.0100301
-0.0253107
-0.0883071
-0.0578338
0.0474360
0.0281774
0.0619758
-0.0169387
-0.0287595
-0.0317924
-0.0166530
0.0108543
0.0136297
0.0110795
0.0430353
0.0344817
0.0371115
-0.0124210
-0.0493367
-0.0522538
0.0269080
0.0384245
0.0469870
