0.4470145
-0.0464944
0.0326889
0.0876001
-0.0261939
0.0130645
0.0133512
0.0456267
0.0060954
-0.0470979
-0.0396436
-0.0551065
-0.0172764
-0.0110785
-0.0214030
0.0235650
-0.0391640
0.0097298
-0.0554287
0.0021565
-0.0477870
-0.0064342
-0.0096321
-0.0402335
0.0032573
-0.0308860
-0.0320941
0.0520314
-0.0455807
0.0306867
-0.0020548
0.0109435
0.0281430
-0.0120102
-0.0344990
0.0071847
-0.0219293
0.1397129
-0.0852702
-0.0453007
0.0892718
0.3524496
0.4974840
0.0525612
-0.3623046
-0.6673682
-0.2178010
0.2453227
0.0385269
-0.0025064
0.0154857
0.0448678
0.0140194
-0.0069981
0.0421357
-0.0155892
-0.0371101
-0.0265241
0.0303268
-0.0313001
0.0325198
-0.0371859
-0.0613362
-0.0451139
-0.0594002
0.0228064
-0.0377489
-0.0344502
0.0137003
0.0113706
0.0361049
0.0128594
0.0475822
0.0092892
-0.0473202
-0.0206957
-0.0000940
0.0014201
0.0370022
-0.0236613
0.0437366
0.0422021
-0.1488635
0.0024985
-0.0253122
0.0412423
-0.0171994
0.0123078
0.0108713
-0.0290689
-0.0067854
0.0060684
-0.0636942
-0.0259147
0.0278113
0.0316183
-0.0458080
-0.0037962
-0.0226223
-0.0209327
