-0.0107098
0.0248197
-0.0123435
0.0190892
0.0253321
-0.0224565
0.0283728
-0.0177225
0.0000537
-0.0432290
-0.0222606
0.0159795
-0.0273848
-0.0264189
0.0054929
0.0145424
-0.0438031
0.0042772
0.0345127
0.0102823
0.0633770
0.0238787
-0.0343195
0.0225276
0.0170515
-0.1270134
0.1080392
0.2885604
0.1707898
-0.0687175
-0.2063603
-0.2787240
0.1158680
0.1294008
0.0197719
-0.0385779
-0.0180842
0.0346781
-0.0131721
0.0107802
-0.0220339
-0.0192527
-0.0438715
-0.0188982
-0.0576187
0.0125365
-0.0306221
-0.0024363
-0.0150247
0.0169325
-0.0308510
-0.0193653
-0.0191443
0.0309896
0.0293639
0.0184462
-0.0340550
-0.0148330
-0.0235821
0.0059345
-0.0347130
-0.0274439
0.0170857
0.0114960
-0.0285702
0.0010458
-0.0301561
-0.0512079
-0.0143873
-0.0129697
0.0349090
0.0411521
-0.0340722
-0.0773104
-0.0768289
0.0010011
-0.0343988
-0.0027071
-0.0288463
0.0886064
0.1672546
0.2263774
-0.1794462
-0.0752336
0.2633375
0.1648556
-0.0832795
-0.0969907
-0.0353278
0.0355273
0.0537909
-0.0140926
-0.0198300
-0.0025233
0.0231091
0.0489270
0.0120716
-0.0050694
0.0131936
0.0069614
-0.0370650
0.0274981
0.0249915
-0.0046601
-0.0003158
-0.0379997
-0.0424018
-0.0270461
0.0269378
-0.0031627
0.0203647
0.0342875
0.0170040
-0.0271028
-0.0153078
0.0324818
-0.0136626
0.0043413
-0.0370157
-0.0389766
-0.0143695
-0.0363801
0.0228121
0.0174845
-0.0393431
-0.0089977
0.0398106
-0.0369953
-0.0091977
-0.0299235
0.0116427
0.0218614
0.0268884
0.0021940
0.0039121
0.0049398
0.0159243
-0.0031557
0.0169963
-0.0186270
-0.0000752
0.0453824
0.0014956
0.0028854
0.0323604
-0.0170410
-0.1478563
-0.0439161
0.1053614
0.2044053
-0.0027578
-0.3024364
-0.1850790
0.0587236
0.0945698
0.0526220
-0.0597673
0.0243007
0.0276074
0.0133317
-0.0039913
0.0003460
-0.0096110
0.0202420
-0.0192086
0.0084742
0.0259357
-0.0095446
-0.0240379
-0.0210696
0.0445124
0.0430881
-0.0068645
0.0325898
-0.0266962
0.0334168
0.0107329
0.0053320
-0.0137765
0.0222556
0.0023449
0.0001756
0.0118278
-0.0164812
0.0290213
-0.0334863
0.0192795
-0.0151552
0.0350127
0.0411116
-0.0367380
0.0012708
-0.0002092
-0.0073213
0.0370910
-0.0289501
-0.0216648
-0.0195865
0.0342274
-0.0245889
