0.1201973
-0.0070451
-0.0956434
-0.1080521
0.1217732
0.1264809
-0.1316611
-0.0736826
-0.0133220
0.0184941
0.0590452
-0.0416061
-0.0732733
-0.0466958
-0.0333070
0.0250577
0.0259379
0.0177594
0.0045954
0.0406689
-0.0328496
0.0149060
-0.0215155
0.0172953
-0.0245265
0.0290227
0.0443700
0.0330302
0.0382941
-0.0207256
0.0262776
-0.0481311
-0.0575386
-0.0055071
0.0193496
-0.0404819
-0.0764636
0.0428122
0.0507702
0.0138565
-0.0017774
-0.1013648
-0.0999866
0.0146586
0.0530870
-0.0499729
0.0240272
-0.0259680
-0.0320833
-0.0487796
0.0232086
-0.0171903
0.0653109
0.0201035
-0.0092311
0.0185368
0.0259132
0.0110991
0.0138161
-0.0147355
0.0041645
-0.0485108
0.0110227
-0.0740902
-0.0402163
-0.0098767
0.1056251
0.1229942
-0.1783387
0.0602357
0.1560829
0.0396674
0.0046537
-0.0453828
-0.0069084
-0.0090868
0.0200609
0.0144138
-0.0140516
0.0250542
0.0302738
0.0062656
-0.0601726
0.0571002
0.0451138
-0.0451954
-0.0174787
-0.0248778
0.0342093
0.0414347
-0.0352025
0.0059005
-0.0165933
-0.0212202
0.0215086
0.0298632
-0.0208393
0.0555254
0.0505095
0.0126897
-0.0105048
-0.0918346
-0.0666960
0.0437604
0.0302296
0.1585351
0.0187440
-0.1308059
-0.1988427
-0.2587907
0.1371679
0.3014745
-0.1824598
-0.4590268
-0.1211981
0.1514054
0.0156409
0.0199596
-0.0316041
0.0399503
-0.0287648
-0.0373403
0.0427455
-0.0464196
-0.0091927
0.0290175
0.0315040
-0.0010397
0.0245078
0.0149066
-0.0018969
-0.0326180
-0.0261463
-0.0225950
-0.0351010
-0.0495085
0.0665022
-0.1521195
-0.1683750
-0.2750878
-0.1290682
-0.0158998
0.3976534
0.2934563
-0.4049405
-0.0034804
0.0141882
0.0483592
0.0059246
0.0745670
0.0581916
-0.0121401
-0.1153812
-0.0632655
-0.0618378
0.0122833
-0.0499153
0.0061959
-0.0497881
0.0557147
0.0357442
-0.0101224
-0.0464268
-0.0392496
-0.0242006
-0.0776260
-0.0217562
-0.0119658
0.0209707
0.1355930
0.1381734
0.1250063
0.0550982
-0.0934598
-0.1744206
-0.1683720
0.3377520
0.4224449
-0.1544709
-0.3267957
0.0608099
0.1493264
0.0954838
0.0832163
-0.0023820
-0.0630081
0.0182266
0.0010821
-0.0230650
0.0143909
-0.0673996
0.0393048
0.0070104
0.0306480
-0.0002795
0.0160584
0.0185521
0.0323156
0.0081796
-0.0041789
