0.0072565
0.0356421
-0.0140159
-0.0233716
0.0151293
-0.0039490
-0.0072447
-0.0124838
0.0028411
-0.0151381
-0.0088316
0.0077395
0.0002746
-0.0057544
-0.0074118
0.0124715
0.0171359
-0.0163704
-0.0237913
-0.0405381
0.0258741
0.0315284
-0.0095704
-0.0148887
-0.0129948
0.0241221
-0.0823007
0.0024973
0.0596101
0.0595564
0.0492754
0.0560708
-0.0189505
0.0057175
-0.0186071
-0.0040377
-0.0086072
-0.0170491
-0.0244975
-0.0213375
-0.0037941
-0.0042207
-0.0017569
0.0172607
0.0266201
0.0062203
0.0026491
0.0053364
0.0022457
0.0151664
0.0247824
0.0221892
-0.0738216
0.0015845
-0.0061469
-0.0363374
0.0089656
0.0040013
-0.0164719
-0.0180084
-0.0035294
0.0096072
0.0043376
-0.0191593
0.0010626
-0.0021923
0.0174754
-0.0034589
0.0216561
0.0314601
0.0084046
-0.0588031
0.0176294
0.0366091
0.0753380
0.0360062
-0.0081259
-0.0462540
-0.0457805
-0.0436211
-0.0273130
0.0093711
0.0156643
-0.0147438
0.0052431
0.0115612
0.0021534
0.0070634
0.0087191
-0.0110565
-0.0178533
-0.0053893
-0.0013645
0.0151459
-0.0150294
0.0005501
0.0179309
-0.0085789
-0.0095130
0.0019519
0.0175298
0.0190248
-0.0041109
-0.0095448
-0.0042291
-0.0093342
0.0006221
0.0028398
-0.0109831
0.0018548
-0.0040558
0.0131188
-0.0037028
0.0075485
-0.0067679
0.0133022
-0.0150730
-0.0139608
-0.0130541
-0.0039799
-0.0065624
-0.0067369
0.0070592
0.0075589
0.0029483
0.0082945
0.0033993
-0.0021861
-0.0086554
-0.0113230
-0.0103406
-0.0315385
-0.0129745
-0.0112240
0.0033742
0.0287117
0.0474414
0.0044221
-0.0122170
0.0003720
0.0037740
0.0225201
-0.0068364
0.0117674
-0.0168448
-0.0018107
0.0037625
0.0159158
0.0021167
-0.0154675
0.0083962
-0.0027073
0.0099844
0.0059723
0.0061310
-0.0239583
-0.0049407
0.0371037
0.0316433
-0.0009624
0.0683987
0.1158137
0.0260606
0.0318231
0.0319201
0.0232436
0.0241370
-0.0075949
-0.0168548
-0.0252895
0.0079667
0.0025114
-0.0165883
-0.0125509
0.0044889
0.0192594
0.0026006
-0.0088985
-0.0145749
0.0100523
-0.0158989
0.0118244
0.0035753
0.0030309
-0.0002291
0.0233505
0.0095713
0.0408763
0.0349556
-0.0010921
-0.0713942
0.0138493
0.0389770
0.0040763
-0.0323834
-0.0001514
0.0207762
0.0110380
0.0054419
0.0189244
