-0.0137796
0.0159783
0.0055142
-0.0047910
-0.0059450
-0.0287195
0.0237934
0.0359072
0.0211952
0.0055719
-0.0448638
0.1206106
0.1162425
0.0455483
-0.0023744
-0.0904600
-0.0504479
-0.0519949
0.0096797
0.0265354
0.0180515
0.0167869
-0.0047811
-0.0233412
-0.0019698
-0.0008213
0.0027288
-0.0005915
0.0079932
-0.0182057
0.0113286
-0.0215848
-0.0155636
0.0446370
0.0270381
-0.0703758
-0.1136205
0.1184746
0.0409234
-0.0005592
-0.0446935
-0.0546900
-0.0661706
-0.0502878
-0.0128063
0.0092719
-0.0014662
0.0088750
0.0237297
0.0272184
0.0159082
0.0121089
-0.0138965
-0.0280457
0.0080631
0.0412213
0.0088131
0.1453211
-0.0182847
-0.0571294
-0.0226886
-0.0181239
0.0136597
0.0101563
-0.0258109
0.0091486
0.0114218
0.0082336
0.0057957
-0.0008095
-0.0181208
0.0096690
0.0150420
0.0166466
0.0339567
0.0412703
0.0023081
-0.0425573
-0.0873919
-0.0880391
-0.0942515
0.0495920
0.1218412
-0.0752397
0.0028566
0.0047948
0.0183255
0.0226337
-0.0035869
0.0128499
0.0043865
0.0281897
0.0061066
-0.0135626
-0.0099990
-0.0250794
0.0045649
0.0339260
0.0320498
0.0392373
0.0337935
-0.0800756
-0.1039131
-0.0145889
0.0769631
0.0946757
-0.0491319
-0.0865160
-0.0370075
-0.0173943
0.0149526
0.0246034
0.0169621
-0.0291745
-0.0183003
-0.0140002
0.0058465
-0.0129179
-0.0193384
-0.0115362
-0.0307521
0.0204228
-0.0127807
-0.0582546
-0.1367500
0.1389599
-0.0616873
-0.0646231
-0.0633493
-0.0347831
-0.0158581
-0.0227125
-0.0279766
-0.0168824
0.0256009
0.0287191
0.0159106
-0.0343490
-0.0276590
-0.0173708
-0.0156682
0.0153040
0.0267389
0.0154035
-0.0340678
-0.1402764
-0.0048276
0.1398255
0.0815044
-0.0544824
-0.0915343
-0.0507744
-0.0174587
0.0092995
0.0136760
0.0198839
-0.0247801
0.0183440
0.0038722
0.0226506
-0.0155354
-0.0143071
0.0065268
-0.0305723
-0.0797231
-0.0399590
0.1297123
0.1162175
0.0388639
-0.0265605
-0.0760852
-0.0492463
-0.0442122
0.0204455
0.0098019
0.0404993
-0.0130139
-0.0081381
-0.0144278
-0.0274810
0.0098439
0.0023785
0.0128615
0.0045682
0.0080613
-0.0266496
-0.0134851
-0.0370104
-0.0182511
-0.0034004
0.0342793
0.0035339
-0.1320454
-0.0649145
0.0133999
-0.0316185
-0.0629739
-0.0359077
-0.0201312
0.0139202
