0.0079115
0.0181051
-0.0037081
-0.0098031
0.0111177
-0.0004429
0.0042706
-0.0137206
0.0107678
0.0113572
-0.0056750
-0.0169739
-0.0466244
-0.0088787
-0.0134057
0.0309980
0.0170980
0.0193132
-0.0267007
-0.0048438
-0.0134736
-0.0107377
0.0073645
-0.0106877
-0.0038628
-0.0085170
-0.0128880
-0.0024347
0.0185951
0.0016228
-0.0026275
-0.0086669
-0.0151991
0.0083925
0.0021855
-0.0110288
-0.0054823
-0.0148528
-0.0153867
-0.0046026
-0.0115050
0.0110220
0.0113962
0.0366641
0.0294936
-0.0195736
0.0440937
-0.0285948
-0.0024240
0.0073076
0.0077004
-0.0153402
0.0221956
-0.0144607
0.0054590
-0.0131067
0.0028377
-0.0202937
-0.0143693
0.0023944
-0.0061478
-0.0090213
-0.0113756
-0.0090939
0.0228615
0.0265776
-0.0034482
-0.0088910
-0.0281200
0.0338904
0.0549029
-0.0109180
-0.0135339
-0.0285649
-0.0094456
0.0132429
0.0164842
0.0079918
0.0076390
0.0036520
-0.0186459
-0.0130563
0.0065897
0.0053044
0.0230186
-0.0131862
-0.0203709
-0.0146604
0.0173785
0.0017726
-0.0168384
-0.0231668
-0.0079413
0.0178343
-0.0009253
0.0330524
0.0060449
-0.0195419
-0.0167294
-0.0446047
-0.0245356
0.0388642
0.0265379
-0.0312425
-0.0467442
-0.0127122
0.0082893
-0.0091971
0.0014869
0.0243022
0.0018116
0.0003136
0.0034196
0.0132163
0.0023028
-0.0069971
-0.0228080
0.0046139
-0.0140176
0.0184592
0.0144337
-0.0256268
0.0058450
0.0163497
0.0247628
0.0150491
-0.0455243
-0.0224409
-0.0106787
0.0164815
0.0565884
-0.0017097
0.0285836
-0.0027218
0.0059396
-0.0046099
0.0036858
0.0028742
0.0117122
0.0238266
0.0019417
-0.0074492
-0.0163162
-0.0012275
0.0107640
-0.0149285
0.0113026
-0.0060170
-0.0164824
-0.0095583
-0.0059866
-0.0197164
-0.0068566
0.0124459
0.0334041
-0.0087016
-0.0134513
0.0636550
0.0560513
-0.0352829
-0.0001815
0.0205588
-0.0068462
-0.0190298
0.0056682
0.0000418
0.0043726
-0.0083171
0.0194133
-0.0066176
0.0083271
0.0088692
-0.0064459
-0.0095331
-0.0239569
0.0099609
0.0303158
0.0194353
0.0175437
0.0038169
-0.0436875
-0.0653404
0.0113499
0.1084463
0.0698176
-0.0395635
-0.0246745
-0.0298378
-0.0082619
0.0005329
0.0112764
0.0065388
-0.0164792
-0.0136412
0.0032698
0.0168897
-0.0094762
0.0089793
0.0148249
-0.0014203
