0.1034742
-0.0172449
-0.0192052
-0.0097020
0.0015075
0.0023098
0.0057139
-0.0026769
-0.0078262
-0.0051362
-0.0065965
-0.0113825
-0.0053723
0.0033335
0.0022993
0.0162818
0.0115359
0.0137841
0.0093113
-0.0019302
0.0084895
-0.0057731
-0.0051350
0.0128502
-0.0146973
0.0051252
-0.0139969
0.0000770
-0.0004906
0.0019215
0.0030724
0.0189358
0.0111859
-0.0053977
0.0040851
-0.0572846
0.1009714
-0.1004580
0.0248717
-0.0031873
-0.0123492
-0.0122951
-0.0234033
-0.0068047
-0.0125575
-0.0246985
0.0134309
-0.0102669
-0.0002292
0.0113297
0.0124149
0.0101530
0.0107644
-0.0007164
-0.0114592
-0.0341870
-0.0448166
0.0320695
0.0778980
-0.0161429
-0.0154588
0.0044225
-0.0046749
0.0014530
-0.0186430
-0.0118239
0.0122507
0.0057911
-0.0114389
0.0069395
-0.0141038
-0.0058023
0.0153089
-0.0074483
0.0034713
0.0082514
-0.0058715
0.0028220
-0.0039509
0.0112115
0.0155076
-0.0036587
-0.0086401
0.0035658
0.0006532
-0.0037034
0.0096558
-0.0095264
0.0033677
0.0071878
-0.0106270
0.0045539
0.0033996
0.0112681
-0.0007362
-0.0077524
-0.0038252
0.0076854
-0.0024371
0.0160200
