0.0007339
-0.0149866
0.0088350
-0.0169338
0.0182122
0.0169063
0.0050092
-0.0081178
0.0099393
-0.0183903
0.0431323
0.0390294
-0.0021679
-0.0076247
-0.0450767
-0.0140040
0.0024561
-0.0183179
-0.0048077
0.0004341
0.0222823
0.0177631
0.0036157
-0.0001572
0.0090374
-0.0164235
0.0172036
-0.0119862
-0.0152836
-0.0111712
0.0057980
-0.0014861
0.0077912
0.0136389
0.0049293
-0.0135691
-0.0024548
0.0053282
0.0258231
-0.0025073
-0.0168747
-0.0048658
-0.0350919
-0.0260249
-0.0548935
0.0805423
-0.0292926
-0.0029428
0.0097639
0.0250593
0.0087678
-0.0074780
-0.0033881
0.0114489
-0.0057311
0.0120918
-0.0046220
-0.0165722
-0.0102077
0.0079413
0.0399528
0.0138554
0.0033552
-0.0549357
0.0561815
-0.0028537
-0.0382112
-0.0280973
-0.0061620
0.0353750
0.0204961
-0.0059432
0.0114459
-0.0210583
0.0033252
-0.0016947
0.0025345
-0.0027535
0.0119852
0.0018658
-0.0124493
0.0073267
0.0093921
-0.0038579
0.0090656
0.0019351
0.0066861
-0.0060354
0.0017656
-0.0054653
-0.0185657
0.0258367
0.0329262
0.0182155
-0.0180315
-0.0196354
-0.0415806
0.0057577
0.0154966
0.0346556
0.0589107
-0.0033933
-0.0236876
-0.0134823
-0.0017540
-0.0060839
0.0158365
-0.0007540
0.0009437
-0.0230613
0.0059811
0.0200858
0.0109121
0.0047297
-0.0129580
-0.0116302
0.0125678
-0.0095913
-0.0094580
-0.0200570
-0.0186497
-0.0002758
0.0329103
-0.0092692
-0.0244908
-0.0145582
0.0507692
0.0563233
0.0007353
-0.0447171
-0.0457848
-0.0175458
0.0017623
-0.0166730
0.0065072
0.0018847
-0.0047466
0.0156224
-0.0200205
0.0147263
-0.0092129
-0.0175940
-0.0156173
0.0049311
0.0077950
0.0082507
-0.0230298
-0.0086295
0.0123511
-0.0146825
0.0251603
0.0349703
0.0237181
-0.0050297
-0.0045100
0.0029789
0.0113039
-0.0375760
-0.0428318
0.0086486
-0.0019021
-0.0097079
-0.0158770
-0.0169164
0.0057611
-0.0192335
0.0008992
-0.0164389
0.0099432
-0.0096676
0.0142452
0.0070311
-0.0085623
0.0152314
0.0007712
-0.0068727
-0.0062051
-0.0180304
-0.0028405
0.0163343
0.0028677
0.0125088
-0.0155526
-0.0498552
-0.0133926
0.0214747
0.0380113
0.0383939
0.0169794
-0.0211749
-0.0276484
0.0285546
0.0120638
0.0104380
0.0212276
0.0055363
-0.0094020
0.0199367
0.0143427
0.0195423
