0.0349151
0.0116601
-0.0363157
-0.0410474
-0.0222980
0.0321596
-0.0148303
0.0239064
0.0101882
0.0381568
-0.0362364
0.0186694
-0.0382709
0.0067400
0.0039977
0.0006706
0.0286790
-0.0389014
0.0279330
-0.0383398
-0.0090150
-0.0005131
-0.0326958
0.0230579
0.0375038
-0.0270091
0.0364239
0.0293263
-0.0333034
-0.0008345
0.0012897
0.0427518
-0.0276107
0.0116943
-0.0255843
-0.0513242
0.0456001
0.0242139
-0.0091365
0.0006257
-0.0318894
0.0406533
-0.0213598
0.0481345
-0.0040190
-0.0579829
0.0161173
-0.0285088
-0.0048130
0.0198841
0.0235772
0.0176942
-0.0207730
0.0119739
-0.0015557
-0.0448395
0.3767504
0.2337652
-0.4095941
0.2716490
0.1461279
0.1130254
0.0038252
-0.0670366
0.0030366
-0.0011801
0.0729406
0.0141492
-0.0710954
0.0026758
0.0092816
0.0632038
-0.0361643
0.0358316
0.0304006
-0.0148428
0.0378106
-0.0027497
-0.0411870
0.0311225
-0.0063467
-0.0244711
-0.0156104
-0.0514502
0.0039372
0.0224074
0.0060429
-0.0139904
0.0389902
-0.0225580
0.0015271
-0.0469268
0.0209832
-0.0452369
0.0456421
0.0406727
-0.0004027
0.0017217
-0.0417123
-0.0280345
0.0190293
-0.0441742
0.0394824
0.0292619
-0.0367602
-0.0040568
0.0093419
0.0159640
0.0269204
-0.0116046
0.0218061
0.0142443
0.0027009
0.0318607
-0.0125031
0.0202810
-0.0423324
-0.0472009
-0.0444076
0.0052868
0.0450519
0.0342661
-0.0341884
-0.0020216
-0.0373444
0.0268408
0.0562999
-0.0116174
0.0175497
-0.0245509
0.0616494
0.0130862
0.0808630
-0.0039929
-0.0143149
-0.0208168
0.0111087
0.0604504
0.0672112
0.2236969
0.4125049
0.2310080
-0.5924020
-0.0809559
0.2460280
0.0514887
-0.0811815
-0.1089272
-0.0346862
0.0006676
0.0616269
-0.0066292
0.0512932
0.0552858
-0.0327817
0.0038839
0.0397083
-0.0189229
0.0455588
-0.0151406
-0.0415923
-0.0191304
0.0085625
0.0441942
-0.0221941
0.0385889
0.0353063
-0.0521808
-0.0280432
-0.0206741
-0.0041698
0.0180419
-0.0349699
-0.0062408
-0.0091174
0.0343476
-0.0138822
0.0222665
0.0093053
-0.0318103
0.0408616
0.0001349
0.0474623
0.0347483
-0.0467095
0.0179862
-0.0212498
0.0001074
-0.0019931
0.0293535
-0.0201689
-0.0312027
0.0168203
-0.0450659
-0.0187855
0.0496585
0.0238184
0.0186379
-0.0262835
-0.0291924
