-0.0272249
-0.0037041
0.0179874
0.0143701
-0.0397762
-0.0413125
0.0521963
0.0619641
0.0206335
-0.0348330
0.0047965
0.0171895
0.0356098
0.0141539
-0.0090234
0.0187215
-0.0047936
-0.0039049
-0.0197150
0.0203387
-0.0007975
0.0090848
0.0097319
0.0126796
0.0048911
-0.0120905
0.0120246
-0.0147647
-0.0305074
-0.0185156
-0.0037026
0.0027008
-0.0002822
0.0322290
0.0023403
-0.0351504
-0.0101264
0.0783247
0.0149216
-0.0111554
-0.0260429
-0.0506694
-0.0186942
-0.0179132
-0.0096119
0.0075477
-0.0212173
-0.0106898
0.0487962
0.0575546
0.0213527
-0.0211954
-0.0022712
-0.0111488
-0.0083700
0.0046596
0.0051137
0.0296825
-0.0217343
-0.0292403
0.0116736
0.0542744
0.0559646
-0.0199398
-0.0114406
-0.0072078
0.0071612
0.0591791
-0.0095936
0.0109917
0.0098501
-0.0057843
-0.0136645
-0.0073281
-0.0057934
-0.0014480
0.0012016
-0.0149263
0.0075457
0.0055904
-0.0157756
0.0016018
-0.0066791
0.0061056
0.0244216
0.0169353
-0.0171687
-0.0271597
0.0156005
-0.0379450
-0.0011632
-0.0002421
-0.0063859
0.0246850
0.0096914
0.0073915
0.0020424
-0.0026038
-0.0061322
-0.0054383
0.0010770
-0.0193895
-0.0201232
-0.0061814
0.0125752
-0.0138928
-0.0142063
-0.0053576
-0.0087777
0.0115339
-0.0119581
0.0164584
0.0280093
0.0381248
0.0055052
-0.0299163
0.0177111
0.0486706
0.0530462
-0.0534875
-0.0131040
0.0334019
-0.0170755
0.0032695
-0.0248529
0.0086014
-0.0127113
0.0113110
-0.0022618
0.0121938
-0.0197514
-0.0246411
-0.0242939
-0.0050378
0.0269132
0.0312375
0.0612329
-0.0549840
-0.0552941
-0.0393289
-0.0098737
0.0419886
0.0664139
-0.0044901
-0.0601687
-0.0163333
0.0013189
0.0261793
0.0176285
0.0079856
0.0026298
-0.0148734
-0.0045447
-0.0120699
0.0006451
0.0318028
-0.0056662
-0.0202513
-0.0127110
-0.0245248
0.0171299
0.0292296
-0.0120804
0.0429613
0.0320091
-0.0241594
-0.0343356
-0.0034846
0.0112082
0.0056921
0.0204449
0.0107377
-0.0115420
-0.0004425
-0.0139571
0.0144872
-0.0107656
0.0093456
-0.0146591
-0.0370993
-0.0287103
-0.0089485
0.0451555
-0.0127575
-0.0431503
0.0124349
0.0137794
0.0151597
0.0220819
0.0018724
-0.0252953
0.0277908
0.0066590
0.0013976
0.0121358
0.0222739
0.0086484
0.0272501
0.0152874
0.0141311
