0.0219190
-0.0665625
0.0593087
-0.0004880
0.0737920
-0.0959090
-0.0366455
-0.0794424
-0.0653930
0.0433508
0.0747793
-0.1054577
-0.0232906
-0.0807755
0.0476329
-0.0212341
0.0798944
0.0058853
0.0856046
-0.0472407
-0.1507999
-0.0850659
-0.0966806
0.0323134
-0.0454764
-0.0054865
-0.2091060
0.0148820
0.0665130
0.1756679
0.1647134
0.1655562
0.0185335
-0.1220893
-0.0503533
-0.0101320
-0.0425441
-0.0380928
-0.1075030
-0.0098714
-0.0302407
0.0036414
-0.0315941
0.0532264
-0.0599337
-0.0493423
0.0283557
-0.0457270
0.0680273
-0.0022317
0.0170382
-0.0373412
-0.0043496
-0.0347333
0.0445641
0.0555960
-0.0225868
0.0811364
0.0110376
-0.0102055
-0.0692274
0.0598368
-0.0136724
0.0047241
-0.0373728
-0.0323774
0.0701090
-0.0608417
0.0848885
-0.0499761
0.0890823
0.0746060
0.0251578
-0.0584405
0.0631187
0.0265237
-0.0015350
0.0287398
-0.0389507
-0.0339948
-0.0544907
-0.0568691
-0.0033654
0.0039615
0.0638258
-0.0466921
-0.0503577
0.0570751
0.0671315
0.0261237
0.0573589
0.0433336
-0.1304370
-0.0814350
-0.1213997
-0.0359395
0.2341954
0.1464821
0.1068637
-0.2414819
-0.4220334
0.2274529
0.2673443
0.0002397
-0.0074181
-0.0556417
-0.1657724
-0.0774168
0.1017336
0.0559308
-0.0043321
0.0844077
0.0216178
0.0437105
0.0581423
-0.0861917
0.0722223
0.0252129
-0.0523555
-0.0992357
0.0874946
0.0316953
0.0324316
0.0582451
0.0042806
0.0135522
-0.0174006
0.0492750
-0.0899720
0.0364164
-0.0438783
-0.0281032
0.0792719
-0.0856483
0.0363466
0.0059531
-0.0129842
-0.0728991
-0.0678337
0.0498943
-0.0217163
-0.0906090
0.0565914
-0.0269801
-0.0407019
0.0058643
-0.0956505
-0.0684494
-0.0387263
0.0329664
-0.0731790
-0.0664994
-0.0864015
0.0621737
-0.0980849
-0.0453097
0.0337136
0.0617896
0.0423478
-0.0553877
0.3184918
0.2035605
-0.0406813
0.1140206
0.1313849
-0.0345548
-0.1214681
-0.0489762
-0.0991649
-0.0382601
0.1074776
0.0951817
0.0520711
-0.0606376
-0.0553451
-0.0490855
0.0627843
-0.0114143
0.0079589
0.0853143
-0.0004717
0.0310119
0.0897403
-0.0538419
-0.0793108
-0.0468548
0.0296204
0.0445661
0.0216717
-0.0120563
-0.0021798
-0.0681293
0.0151539
0.0862002
-0.0707560
-0.0911213
0.0118460
-0.0770910
0.0364813
-0.0636648
