-0.0628799
0.0113455
-0.0388060
-0.0526817
0.1500458
0.0347074
0.0417875
0.0911813
-0.1715254
-0.4491874
0.6047810
0.1697590
-0.3134947
-0.3653682
-0.3776507
-0.1985359
-0.0309928
0.2587861
0.1691795
0.0484605
0.0977190
-0.1345740
-0.1695349
0.0496413
0.0529266
-0.0768128
-0.0985806
0.0592765
0.0343358
-0.0479428
-0.1465565
-0.0825033
0.0939101
-0.0941572
0.1750271
-0.0189257
-0.2453532
-0.2165156
0.4096334
0.3664300
0.1957700
-0.1270802
-0.2074694
-0.2294097
-0.3501122
0.1108831
-0.0634893
0.0449139
0.0057474
0.0779269
0.1481770
-0.0083301
0.1666370
0.0090220
0.0316765
-0.0365983
0.1835888
0.1623245
-0.3330732
0.4392138
0.2422457
0.1488587
-0.0655562
0.1487863
0.1727210
-0.0618314
-0.1558961
-0.0082967
0.0700595
0.0698854
0.1563915
-0.0929549
0.0441936
0.0856723
-0.0681924
-0.1490775
0.0283406
0.0717508
-0.1196373
0.0336221
0.0928588
0.0653686
0.0485655
0.2071838
-0.4630275
0.1215202
0.2312406
-0.1345350
-0.2636636
0.1462330
0.1033793
-0.0711204
-0.0424621
0.0529541
0.0128835
-0.1075528
-0.0011018
-0.0312819
0.0098298
0.1564946
0.1201114
-0.0016884
-0.1691599
0.1146806
0.1157043
0.1505626
0.1539271
0.0130334
-0.0910080
0.1963888
-0.6348545
-0.5708883
0.4789491
0.1157344
-0.1690457
-0.3813553
0.1957738
0.1226213
0.1616476
0.0677937
0.0732608
0.0745206
0.0840525
0.1294238
-0.0920507
-0.0898508
-0.1341705
-0.0654817
0.1214798
0.0029029
0.0243574
0.6714918
0.6093950
-0.0817079
-0.1770864
-0.1590053
-0.1727886
0.1273362
0.0190798
0.0359256
0.0069020
-0.0238618
-0.0567846
-0.0147027
0.1091670
-0.0561108
0.1351510
-0.0348358
0.0986379
-0.0167037
0.0962536
-0.0731560
-0.0527541
-0.1186622
-0.0966875
-0.0310025
-0.2918164
-0.2536205
0.0118230
-0.0706304
0.0527530
0.0433434
0.1401837
0.0505734
-0.1526850
-0.1212560
-0.0008166
0.1448115
-0.0228101
-0.0367863
0.0714936
-0.0247333
0.1053089
0.0929673
-0.0928161
-0.0785234
0.0644627
0.0149590
0.1698450
0.0113459
0.0742991
0.0847417
-0.2960697
-0.1428987
0.2245584
0.2977699
0.0433339
-0.0807645
-0.1599526
-0.3374107
0.0446954
0.1680499
-0.0580398
-0.1784021
-0.1615152
-0.0737762
-0.0777841
-0.0265934
0.1552469
-0.0663323
