-0.0256030
0.1062530
0.1489934
0.1205520
-0.0714401
-0.0360089
-0.1095607
0.1094686
-0.0522881
0.2080386
-0.0774161
-0.1583384
-0.6056033
-0.4513065
-0.1057310
0.9037225
0.2175527
-0.4125463
-0.3729626
0.0589664
0.1269758
0.0490209
0.1034672
0.2589923
0.1069501
-0.0821711
-0.0298147
0.0441739
0.1481733
0.1105485
0.0142023
0.1013859
0.0630759
-0.1296389
0.1264697
0.0468177
-0.1063099
0.1199460
0.1100751
-0.0497147
-0.0933704
0.1091382
0.0043308
0.0216383
0.0757011
0.0627190
-0.1228663
-0.0569673
0.1194855
-0.0653086
0.1098987
-0.0770601
0.1224373
-0.0356239
-0.1689651
0.0839361
-0.0996613
-0.2090107
0.3131132
0.7661232
-0.3965646
-0.4867292
-0.3244336
0.2555390
-0.0411153
-0.0118608
-0.1269599
-0.0727684
-0.0206251
0.0937555
0.0288130
-0.0316073
0.0508505
-0.1135578
0.0826377
0.1003931
-0.0371190
0.0573765
0.1035372
-0.1081755
0.0975611
-0.0244231
0.0632705
0.1322615
0.0926359
-0.0701033
0.0930861
0.0511822
-0.1332631
-0.1338346
0.1235536
-0.0046042
0.0752254
0.0438461
-0.0411394
-0.1608380
-0.1106423
-0.1635751
0.0994804
0.0079692
0.0815025
0.0567760
0.0879902
-0.0687274
-0.4739055
0.0027575
1.1639200
0.3878642
-0.6653088
-0.5559375
0.0154514
0.1066638
0.0462832
0.1361178
-0.1368552
-0.2050561
0.1026981
-0.0521046
-0.0475498
0.0964626
-0.1384262
0.0461137
0.0727693
-0.0064248
-0.0570149
-0.1265314
0.0354262
-0.0214349
0.1092367
0.0640667
0.1220307
0.0438885
0.0104234
-0.1004559
-0.0421647
0.1328231
-0.0916639
-0.1738998
0.0773023
-0.0724463
0.0601062
-0.1376136
0.1302138
0.0066962
0.0922864
-0.2855191
-0.5442214
-0.1010897
0.7009930
-0.0701615
-0.6649687
-0.3836950
-0.0627059
-0.0380616
0.2555032
0.0714561
0.0938762
-0.1141241
-0.0409596
-0.1065893
0.0617402
-0.1328484
0.0505476
0.0788285
0.0985067
-0.0105709
-0.0670336
-0.0083833
-0.1167609
0.0555822
0.0504133
0.0861157
0.0722304
0.0778609
0.0719448
-0.1228104
-0.0741776
0.0858178
-0.0675548
-0.0587567
-0.0035925
0.0112083
0.1549659
0.0525503
-0.0734000
-0.1666478
-0.1718097
-0.0100669
-0.1306422
0.0487811
0.1366157
-0.0228607
-0.4173351
-0.4513189
-0.5885277
0.0336069
-0.6369991
-0.1635928
-0.0081185
-0.1261183
