-0.1591342
0.0901581
0.0105633
0.1330413
0.0040751
-0.0915768
0.0215750
0.1206143
0.0126797
0.1208289
0.1364942
0.1083395
0.0989515
0.1293860
0.0508046
-0.0724345
-0.0933605
-0.1262219
-0.0459558
0.0312901
-0.1009419
0.0939197
-0.0136331
0.0208821
-0.0631953
0.1141177
-0.1282554
-0.0209408
0.0174180
-0.0490109
-0.0426638
0.1258538
0.1423712
-0.0039771
-0.1184910
1.4467581
-0.2180753
-0.6213109
0.0623144
0.1705920
0.2473915
0.2787841
0.2086004
-0.0359768
0.0610005
-0.0088137
-0.0217549
-0.1191080
0.1009770
0.0955033
0.0761980
-0.0138001
0.1013996
0.1417615
-0.1235269
0.0966606
0.0001600
-0.0855013
-0.0008330
0.0154780
0.0694374
-0.0257632
-0.0279268
-0.1507689
-0.1308174
0.0089403
0.1557822
0.2284908
-0.3810005
-0.5812162
1.0465922
0.2144232
-1.0234508
-0.7986062
-0.1865916
-0.1598205
0.1707538
0.3302249
0.0507259
-0.0080932
0.0396980
0.0906241
-0.1622438
-0.1326751
0.0984345
-0.0382600
-0.0433356
0.0390162
-0.0908627
-0.0876453
-0.0067642
0.0912824
-0.0662561
-0.0986660
0.0308444
0.0338615
-0.0262623
-0.0378995
-0.0103075
-0.1294269
-0.0361712
0.0778738
0.0919657
-0.0843904
0.0472652
-0.0889341
0.0001794
-0.1872632
-0.1531653
0.0912867
0.1104132
0.2749748
-0.1191652
-0.1520878
-0.8711183
-0.2003094
-0.4420454
-0.0144339
0.0759836
0.2726950
0.0529290
-0.1993100
-0.0292487
-0.0004697
0.0537371
0.0120792
-0.0343992
-0.1070942
0.0282648
0.0746741
-0.0115287
-0.0446199
-0.0143097
-0.1312279
0.0718210
-0.1207819
-0.0525955
-0.0308734
-0.0212146
0.1359357
0.1319799
0.0903526
-0.0383601
-0.1264129
0.0401508
-0.0562943
-0.0582408
0.1492983
0.2563765
0.1408536
0.1360633
-0.2880951
-0.9873351
-0.2541548
0.9410535
-0.8588918
0.1054040
0.2951602
0.2706533
0.0249358
0.0907213
0.0218243
0.0451732
-0.0505777
-0.0289787
0.0629991
0.0806483
-0.0318217
-0.0189013
0.1255709
-0.0625254
0.0511267
-0.1297022
0.1182922
-0.0137443
0.1394542
-0.0453814
-0.1014017
0.0494476
0.1115656
-0.1169117
0.0181800
0.1805662
0.0324122
0.0859594
0.0703167
-0.0966283
0.0060934
-0.0330334
0.0384259
0.1055640
0.2687585
-0.3053964
-0.5364845
-0.8646189
0.8769647
-0.0802314
-0.5766792
-0.1265196
-0.0930414
