-0.0679087
-0.1456639
0.0379276
0.0508222
-0.1155442
0.0327724
-0.0317746
-0.1152729
-0.1174105
0.1131348
-0.1067012
0.0403690
0.1305083
0.0658728
0.1223103
0.1347495
0.0288010
-0.0730917
0.0485181
0.0572522
0.1289290
-0.0616300
0.1548235
0.2771812
0.1500493
-0.5213195
0.7281905
1.2280175
0.3667746
-0.3364675
-0.6997939
-0.7349283
-0.0055101
0.2892984
0.0423292
0.0033762
0.0067468
-0.1024036
-0.0351850
-0.0880141
0.0858519
-0.0774233
0.0365163
0.0389972
0.0002920
-0.0882097
-0.1081347
0.0282837
-0.0435138
0.0670923
-0.0075695
-0.1138031
0.0314518
0.0829108
-0.1399935
0.0874955
0.1400951
0.0991978
-0.0891626
-0.0087729
-0.0375538
0.1254080
0.1239610
-0.2827466
-0.7171946
1.5763757
0.8547354
-0.9604703
0.0176350
0.1767896
0.1899027
0.1279630
-0.0763088
0.0427453
0.0251802
-0.1209431
-0.1147344
-0.0040934
-0.0100672
0.0570352
-0.0746667
-0.0178499
-0.0354169
-0.1123920
0.0274668
0.0211751
0.0745713
-0.1081572
-0.1486231
0.0646167
0.0769549
0.0810094
-0.1061455
0.0235956
-0.0058874
-0.0736965
-0.0480975
0.1242014
0.0964959
-0.0376711
0.0937724
-0.0098537
-0.0041387
-0.1731362
-0.1815321
0.1651772
0.1916484
0.1001504
0.2158468
-0.0456345
-0.6834806
-0.7766845
1.4810413
0.1953112
-0.9677003
-0.1935184
0.2501941
0.1411879
-0.0221602
-0.0277011
0.0441057
0.1455026
-0.1040027
0.0999598
-0.1497596
0.1069031
-0.0308874
-0.1001602
0.0066738
0.0003246
0.0187143
-0.0054727
0.0338185
-0.0408631
-0.0986961
-0.0780538
0.0765089
-0.0170905
-0.0512929
0.1109356
0.0394547
-0.0604810
0.0628065
0.0684832
-0.1694724
-0.1072408
0.1840862
0.1538630
0.0431467
-0.0310680
-0.2750608
-0.5823168
-0.3190862
1.2783260
1.1130490
-0.4273472
0.1806689
0.2103059
0.0634082
-0.0392296
0.0112101
-0.0268161
0.0046952
0.0220682
-0.0615232
-0.0708416
0.1387095
0.0162223
0.0661665
0.0767002
0.1043388
-0.0687961
-0.0631959
-0.1400075
-0.0158997
0.0988130
-0.0538982
0.1293658
-0.0162194
-0.0749030
0.0306237
-0.1260481
-0.1247918
-0.0292890
0.1352354
0.0977998
0.0941599
-0.0163484
-0.0782418
-0.1072454
0.0067295
0.1890313
0.1442799
0.1475699
0.1311497
-0.3617034
0.3911823
0.8017384
-0.1712565
-0.7225051
