-0.0481400
-0.1544650
0.0518318
0.0727271
0.0824193
-0.1111613
0.0773236
0.1182013
-0.0754429
-0.0194358
-0.1253203
0.0461600
0.1066603
0.0580805
0.0522455
0.1104020
0.1419250
0.1341428
-0.1276845
-0.0618426
-0.0545955
-0.0914089
-0.0606512
0.0640032
0.0194729
0.0462962
-0.6323306
-0.7747606
0.0900630
1.0927083
1.4953553
1.4457315
-0.3127709
0.0827188
0.2560507
0.0803194
-0.0686711
-0.1112241
-0.1296739
-0.0169767
0.0782510
0.1387391
-0.0218180
-0.0560584
0.0597402
0.0664610
0.0503467
0.1213850
-0.1254152
-0.0878357
-0.0979116
-0.1036289
0.0802931
-0.1435024
0.0514704
0.0357261
-0.1936321
-0.0785922
-0.0098799
0.0884917
0.1261738
0.0259582
0.0895144
0.9796345
1.3905903
-0.6011356
-0.1723261
-0.0070331
0.2778484
0.1396893
-0.1527305
-0.0300985
-0.0081967
-0.1173436
0.0984309
-0.0982623
0.0115456
0.1611791
0.0260655
-0.0195053
-0.0121442
-0.0498422
0.0539119
0.0394706
0.0386101
-0.0004069
-0.0206489
-0.0765291
0.0320250
-0.0684077
0.0715882
0.1546481
0.0537993
0.0832207
-0.1057000
-0.1885081
-0.0274779
-0.1368811
-0.0831903
-0.0263949
-0.0297696
0.1456922
-0.0742612
-0.2908025
-0.2778610
-0.5934798
1.1851511
0.8742756
-0.7520745
-0.8702782
-0.0639995
0.0299397
0.1793851
-0.0294028
0.0880254
-0.2003307
0.0462202
-0.0208886
0.1637802
0.0161833
0.0869937
0.0333120
-0.0824801
-0.0408230
0.1035029
0.1128726
-0.1233099
-0.0161812
-0.1036353
0.0943835
-0.0701044
-0.0608822
-0.0961258
-0.1121417
-0.1478056
-0.1984364
-0.1473697
0.1106215
0.1922095
0.1248359
-0.2461983
-0.5155460
-0.3486174
1.2343667
-0.1860443
-0.4797680
-0.0282336
-0.0210479
0.0852319
0.0157119
-0.0529008
-0.1652914
-0.0028652
-0.0555967
-0.1563125
0.0656538
-0.0034754
-0.0486669
-0.0266105
0.0656285
-0.1014730
0.0037998
-0.0273464
-0.0516255
-0.0714495
-0.0765896
0.1249528
-0.1032782
0.0746083
-0.0845459
0.1390588
-0.0048327
0.1383127
-0.1483220
0.0447972
-0.0289326
0.0948246
0.0618162
0.2380479
0.0983789
-0.0638721
-0.4435785
-0.9063587
0.5355177
1.4896756
-0.3648474
-0.7405175
-0.2766493
-0.1252705
-0.1509614
0.1016155
0.0558934
-0.0831302
-0.0171545
-0.0129573
0.1211604
0.0010855
-0.0643794
-0.0402880
0.0374113
