0.1267582
-0.0041186
0.1070677
0.0306237
0.0962775
0.1352354
0.1350866
-0.0163484
-0.0782418
-0.0674771
-0.0587986
0.1890313
0.2252715
0.1904533
0.1442799
0.1311497
-0.0644297
-0.3059602
-0.3617034
1.2838602
1.3228456
0.8017384
-0.7225051
-0.7295961
-0.3206200
0.1413031
-0.0376252
-0.0153512
-0.0187717
-0.0938806
0.0553184
-0.1176043
0.0527491
-0.0255585
-0.0356633
-0.1477928
-0.0201115
0.0701653
0.0475496
0.0658450
0.0343330
-0.1324140
-0.1303629
0.0960558
0.1028304
-0.0554365
-0.1234728
0.1224759
0.0049798
-0.0061607
-0.0843651
0.0911027
-0.0936439
0.1581991
-0.1304007
0.0266840
0.0077131
-0.0353651
-0.5865626
0.7288198
1.1040947
0.3860757
-0.4721891
0.1195032
0.2548277
-0.0233756
-0.1660733
-0.0726666
0.1056384
0.0850341
0.1460377
0.1020790
-0.1300048
0.0213233
0.0569509
-0.1170586
-0.0349695
-0.0145920
0.1038426
0.0306247
-0.0724986
0.0139893
-0.1188847
-0.0546814
0.1431116
0.0067260
-0.1002365
-0.0719309
0.0664857
0.0020185
0.0728533
0.0726233
-0.1499597
-0.1002256
0.0145842
-0.0249710
-0.1755697
0.0530744
0.1019094
0.2440299
0.2435771
-0.0867820
-0.4860098
-0.6227351
-0.1205320
1.1133134
-0.3112458
-0.8294381
-0.1955705
0.0294192
0.1180641
0.1348964
-0.0648460
-0.0780972
-0.1735086
-0.1933623
0.0520539
-0.0041101
0.1155884
-0.0689180
-0.0702375
-0.0689285
-0.0384339
-0.1380526
-0.1119276
0.1133597
0.1388436
0.0344728
-0.0741626
-0.1077071
-0.0135864
-0.0708050
0.0466771
0.1562281
0.0794516
-0.0972816
0.1060894
0.0143123
0.0579087
0.0205427
0.3125575
0.0628693
-0.1230509
-0.3806560
-0.3544502
1.3460546
-0.2640271
-0.8516295
-0.1858357
-0.0489300
0.1734607
0.0773948
0.0747513
0.0307770
-0.0039631
-0.0244935
0.0757021
0.0080790
0.0313184
-0.0810161
0.0297462
-0.0538553
0.1149914
0.0030160
-0.0409232
0.0460064
-0.0837284
0.0265203
0.1407974
-0.0528559
0.0925787
0.0187753
-0.0630321
-0.1144263
-0.0041429
-0.1182911
-0.0487849
0.0136215
-0.0129962
0.0097293
-0.2076291
-0.0707779
0.0715346
0.1613524
0.1948395
0.0848732
0.0444225
0.0316923
-0.2178955
-0.5152981
1.5028093
-0.4447984
-0.2271042
0.0639865
0.0624294
0.1967701
0.0706346
0.0199782
-0.1826113
-0.0321215
