0.7100009
-0.0092447
0.0555961
-0.0401513
0.0758011
0.0213143
0.0129929
0.0067386
-0.0774670
-0.0001260
0.0388749
-0.0791067
0.0521279
0.0825804
-0.0795465
0.0620817
-0.0218841
-0.0189744
0.0016246
-0.0102089
-0.0475831
-0.0975596
0.0236333
0.0187031
-0.0096934
0.0452761
0.0219314
0.0345895
-0.0187494
0.0051313
0.0745742
0.0069598
-0.0753074
0.0221211
0.0140058
0.0217457
-0.0440893
-0.0178871
0.0422410
-0.2317801
-0.2572139
-0.1730739
0.7106754
0.8076268
0.3490024
-0.2957160
-0.3554728
-0.1194061
-0.0699363
-0.0720685
0.0573364
0.0684775
-0.0269687
-0.0826122
0.0425375
-0.0250535
-0.0788167
0.0556391
0.0121390
-0.0595678
-0.0054131
-0.0124905
-0.0663221
-0.0919029
0.1055483
-0.0337415
-0.0398608
-0.0531787
0.0294187
0.0450036
-0.0314888
-0.0678746
-0.0178483
-0.0278652
-0.0112079
0.0209303
-0.0604317
-0.0903047
0.0264127
0.0722902
0.0640021
0.6119273
-0.0798097
-0.1187474
0.0190123
-0.0922734
-0.0122979
0.0614973
-0.0595144
-0.0134347
-0.0142046
0.0026777
0.0515848
-0.0007461
-0.0837257
0.0308091
-0.0147137
0.0573589
-0.0281096
0.0453648
