1.1511417
-0.0538246
-0.1609050
-0.0321915
0.1378244
-0.0387179
-0.1114215
-0.0277575
0.1459563
0.0324607
-0.0625962
0.0942353
-0.1212858
1.2030317
0.1937997
-0.1007606
-0.1792962
-0.0180714
-0.0577380
0.1733218
-0.0008590
-0.1100874
-0.0687554
-0.1134341
0.0906368
-0.0946194
0.2186415
0.1778270
0.3085579
-0.0781451
-0.5839708
-0.1835409
0.4231739
-0.0251103
0.3130348
0.0838959
0.0940974
0.0077844
0.0201007
0.1258267
-0.0637984
0.1321749
-0.0064796
-0.1272741
-0.0374529
-0.2390739
-0.0936633
-0.1638121
1.0046278
0.2979696
-0.1704695
-0.0605240
-0.0139767
0.1403454
-0.1314122
0.0564715
0.2352719
0.0619738
-0.4354062
0.4734900
-0.7745064
-0.1534738
0.0745220
0.1172051
0.0332088
-0.1244605
-0.0904850
0.1280506
0.1249705
0.1435930
-0.0317857
-0.1170040
-0.1420094
0.0111396
-0.1879310
0.0389092
0.1426284
-0.0082202
-0.8045182
1.2979418
-0.6349797
0.0709937
-0.0648435
-0.0369848
-0.1109993
-0.0515288
0.1012053
0.2231052
-0.0608224
0.0064436
-0.6405140
-0.0412335
0.1788142
0.1592624
-0.0579015
0.0671767
-0.0829294
0.0276002
-0.0066608
0.0257363
