0.1251704
0.0551045
-0.0720284
0.0742991
-0.2740458
0.2245584
0.2979433
-0.0807645
-0.1599526
-0.3230373
0.1007387
0.1680499
-0.0394001
0.1492911
-0.0580398
-0.1615152
0.0588122
-0.1427614
-0.0737762
0.0866521
0.1434457
-0.0265934
-0.0663323
-0.0846526
-0.0232197
0.0026140
-0.0727672
0.1419885
-0.0253087
0.1646889
0.0427443
0.1337262
0.1633614
-0.4601842
-0.3712241
-0.0018607
-0.1565345
-0.0719270
0.2379781
0.1178268
0.0853632
0.0842015
-0.0272036
-0.0154314
-0.0008328
0.0702340
0.0427769
-0.0362558
-0.1018341
0.0082343
-0.1513230
0.0203291
-0.1332467
0.1407172
0.1140996
-0.3269288
0.1657314
-0.2507915
-0.2496211
0.1809873
0.1085111
0.0551657
0.0091019
-0.0999043
0.0623341
0.0191031
0.1156089
0.0931593
0.1013096
0.0433067
-0.1254513
-0.0707019
0.0211032
0.1234978
0.0482140
0.0940187
0.1073407
-0.0301308
-0.1315195
0.0256985
0.1308146
-0.0764807
0.0827108
0.0290918
0.0475796
0.0341481
-0.0674689
0.0248549
0.0837690
0.0412466
-0.1540606
0.1407546
-0.1933390
-0.3275630
-0.1245741
0.0261451
0.0796671
0.1667820
-0.0645388
0.0113080
-0.0484200
-0.0454454
0.0311180
0.0669348
0.0229002
0.0112689
-0.0902496
-0.0436252
-0.0314707
0.0970894
0.0327634
-0.0304669
-0.0494625
0.1375043
-0.0888624
-0.1317669
-0.0005781
-0.0552910
0.1193289
0.0224050
0.0314323
0.0837603
0.0467825
-0.1991219
-0.1533850
-0.0485045
-0.0642399
-0.0716495
0.0877061
-0.0787188
0.0712408
0.1201429
-0.0793326
0.0025566
0.1249824
-0.1203694
-0.0484253
-0.0187811
0.0652138
0.0311495
-0.0650334
-0.0354782
-0.0130228
0.0106303
0.0018215
-0.1023587
0.0931525
-0.1227125
-0.1000781
0.0171488
-0.0987059
-0.0875198
-0.0421022
-0.0958895
0.1055053
0.0908325
-0.1529401
0.0942778
0.1332369
0.0970421
-0.0998194
0.0495272
0.0829930
0.0069418
-0.0373748
-0.0023106
-0.0214272
0.1268875
0.0071908
0.0078981
-0.0716641
-0.0789691
-0.0024057
-0.0465888
-0.0601917
-0.1059119
0.0530903
0.0383763
-0.1121294
-0.0291840
-0.0813604
-0.0967094
0.0346967
0.0634908
0.0695817
0.0499434
0.0007916
-0.0575342
0.0337954
0.1401850
0.0162101
0.0861635
-0.0125877
-0.0009067
-0.0742548
-0.2483935
-0.4709042
0.2588870
0.0953753
0.0018307
