0.0184281
0.2475031
0.1407458
-0.0754309
-0.4951158
0.5775394
-0.3610450
-0.5164136
-0.2728695
0.0356182
0.1131572
0.1622200
0.1212556
0.0977689
-0.0980597
-0.0590735
-0.0073720
-0.0160820
-0.0613134
-0.0868218
-0.0286437
-0.0937511
-0.0977462
-0.0136092
-0.0549952
0.1132206
-0.0201460
0.1169779
0.0823005
0.1395510
-0.1103725
-0.0539219
-0.0788980
0.1044750
-0.0515461
-0.1281117
-0.0585050
-0.0421867
-0.0219193
0.0302704
-0.1335167
-0.0248183
0.0085144
-0.0774083
0.0655748
-0.0559725
0.0627119
0.0607192
0.1095548
0.1241799
0.0947578
0.1319103
-0.2804171
-0.2859716
-0.4836998
-0.0130146
-0.0630359
-0.1101203
0.0535931
0.1042471
0.1186588
0.1095821
-0.0746335
-0.0620497
0.0902314
-0.0347053
0.0661197
0.0572896
0.0329697
-0.1023065
0.1032967
0.0972168
-0.1040235
0.0854738
-0.0185884
-0.1152526
-0.0424155
0.1244746
-0.0770249
0.0582529
0.1162849
-0.1123735
0.0952605
0.0341294
0.0049281
0.0088043
-0.0540498
-0.1084816
0.0863454
0.2478074
-0.0129116
-0.0720439
0.0130445
0.5320680
0.9886007
-0.4134873
-0.5479130
-0.2725126
0.0545231
-0.1282804
0.2770210
-0.0694388
-0.0397538
-0.0642200
-0.0159893
-0.0287990
-0.0907732
0.1600628
-0.0222455
-0.0583107
0.1033744
-0.0627228
-0.0055609
0.0049835
0.0233044
-0.1154985
-0.1170727
0.0749774
-0.0771161
-0.0094796
-0.0165139
0.0172560
0.1098042
-0.0429931
-0.0561940
0.0843393
0.0645288
-0.0089591
-0.0716061
-0.0201310
0.0119206
0.1318095
0.1313998
-0.0575337
-0.0123863
-0.2532684
-0.6244487
-0.4768276
-0.5468351
-0.4530999
-0.0586584
-0.0953368
0.2210214
0.1267805
0.0069181
0.0336005
-0.1655663
-0.1064904
-0.1187892
0.0421117
0.1013887
-0.0387736
-0.0580701
-0.0660525
-0.0519549
0.1096544
-0.0799960
0.1058541
-0.1007954
-0.0886270
0.1036538
0.1187380
-0.1145572
0.0382931
-0.0539888
-0.0992621
0.1146218
0.1710330
-0.0430303
-0.1062347
-0.1095879
-0.1540780
-0.0861135
-0.1091276
-0.0366431
-0.1084414
0.1125972
0.0460565
0.0336333
-0.3499965
-0.7409386
-0.3976484
1.1442551
0.6508421
-0.3519476
-0.5024649
-0.0772225
-0.1587184
-0.0583303
0.2686526
0.1663312
-0.1451423
0.0563458
0.0415345
0.0154755
0.0320785
-0.0423532
0.0588229
-0.0184689
0.0114062
