-0.0476040
-0.1041648
-0.0946466
-0.0501358
-0.0933618
0.0678247
-0.0872981
-0.1591307
-0.1093390
-0.0488494
0.0915280
-0.0923525
-0.0800967
-0.0728592
0.0286295
0.1083250
-0.0801830
-0.1016227
0.0926019
0.0285897
-0.0240184
0.1034076
0.1201369
0.0394794
0.0935736
-0.1302208
-0.0880744
0.1885956
0.1731972
0.1095914
0.0180568
-0.0520000
-0.2157527
0.0522543
-0.0819229
0.2218081
-0.2028854
-0.8788000
0.7114278
1.4262460
1.5235103
0.6571611
-0.7999629
-0.7925730
-0.5565277
0.2361403
-0.0650802
-0.0977036
0.0500871
-0.0753510
0.0847916
-0.0741052
-0.0107906
0.0488929
-0.0008061
0.1594110
0.1042752
-0.0508923
-0.0045236
-0.0279885
-0.0601146
0.1052497
0.1162543
-0.1109766
0.1365453
0.1701328
0.1764387
0.1145663
-0.0640377
-0.1313071
0.1426365
0.1941841
0.1944187
-0.0198943
-0.1043446
-0.0713168
-0.9094195
-0.6242176
0.5207005
1.4012262
1.6493977
-0.0547341
-0.5989722
0.2074809
0.0849786
0.1345785
-0.1234213
0.0593380
0.0605156
-0.0014703
-0.0767369
-0.1465947
-0.0107354
-0.1391818
-0.0802862
0.0891990
-0.0535281
-0.1014384
0.1005078
-0.1120236
0.0247221
-0.1360350
-0.0106289
0.0082126
0.1144572
-0.0651770
0.0719959
0.1129189
-0.0887346
0.0477338
-0.0005841
0.1441383
0.0502568
0.1226526
-0.1721455
-0.1678350
0.1078835
0.1728202
0.2838228
0.0431468
-0.3522186
1.2972000
-1.0193584
-0.4701817
-0.2016572
0.1184594
0.0761334
-0.1535126
0.0074611
-0.1144833
-0.0407504
0.0975734
0.1071142
-0.1160662
0.0787695
0.1057643
0.0479721
0.1158698
-0.0473391
-0.0635011
0.0637041
-0.1289119
-0.0994604
0.0678633
0.1142493
-0.0123757
-0.0466233
0.1051220
-0.1069061
-0.1081864
-0.0814323
0.0837184
0.1117925
0.0134989
0.0178117
-0.2140757
-0.0052570
0.3042235
0.3045791
-0.1301129
1.1102498
1.5452797
-0.7076336
0.3104368
0.2300696
0.0114141
0.0000233
-0.1800803
-0.2041972
-0.0312192
0.1139417
0.0166089
-0.0843016
-0.0224644
0.0071418
0.0435084
-0.0239309
0.0312631
-0.0230919
0.0115382
-0.0835121
0.0272184
0.1432985
-0.0143860
0.1047942
-0.0476622
0.1146242
0.1188197
0.1065210
0.0668923
0.0454744
0.1225568
-0.0556585
-0.1343012
0.0231149
0.0019401
-0.0509893
-0.0888900
-0.0030410
-0.1369820
