1.0291195
-0.0789157
0.0039026
-0.0669345
0.0412207
-0.0637605
0.1441700
-0.0038697
0.2166914
0.0436939
0.0201298
-0.0792807
-0.1792366
0.9959277
0.2284524
-0.0428694
-0.1447595
-0.0810907
0.1058317
0.1052807
-0.0754617
-0.0198086
-0.0135963
0.0301999
0.0360294
0.0018885
0.0305429
0.2717885
0.2455070
-0.4511989
-0.0306049
0.6620064
-0.4237337
0.0081331
0.3600218
-0.0656085
0.0510647
0.0344080
0.0186881
-0.0896318
0.0580524
-0.0586425
0.1021140
-0.1925418
-0.0467794
-0.1452801
-0.0853062
-0.1310368
1.3529756
0.1618866
-0.0069044
0.0501516
0.0188674
-0.1158514
-0.0176877
0.1830501
0.1457195
-0.1548216
-0.6275660
1.1470595
-0.5671723
-0.1560162
0.1229893
-0.0122102
-0.0921611
0.0526615
-0.0560096
0.0854341
-0.1115882
-0.1085301
-0.0554802
-0.0911260
-0.1623413
-0.1696622
-0.0898976
0.0204964
0.2110697
0.0178527
-0.4512482
1.4035909
-0.4953705
0.0763007
0.1131053
-0.0943863
0.0118787
-0.1122526
0.1314084
0.2489080
0.0628697
-0.3293175
-0.9338160
-0.0859409
0.1703227
-0.0548426
0.0600017
0.0027562
0.0252319
-0.0229360
-0.0006916
-0.0501096
