0.8629271
-0.0158841
-0.0862566
0.0856508
-0.0393599
0.0375065
0.1090782
-0.1163247
0.0541598
-0.0846633
0.0998222
-0.0146130
0.3096273
-0.3843185
-0.0908124
-0.0279141
-0.0567693
-0.0820384
-0.0057287
-0.0508512
0.1038208
0.0814197
0.1279428
0.1132596
-0.0869904
0.1569362
-0.8823565
0.0259578
0.9845547
-0.4466274
-0.3257502
-0.0683721
0.0697196
-0.2271958
-0.1634437
-0.0379594
-0.1069662
0.0792588
-0.0196493
0.2721185
0.0083378
0.0604772
0.1031437
0.1419144
-0.0537990
-0.2572882
-0.8127324
0.3524594
0.1364991
0.0151215
-0.0887303
-0.0369652
-0.0076799
-0.7332804
0.6567676
-0.0780128
0.0931375
0.0237965
0.0904077
-0.1115550
0.0200976
-0.1099176
0.0232163
0.0325665
-0.1548303
0.0068295
-0.0568057
-0.0479720
0.1037199
-0.0185927
-0.0532612
0.0308040
-0.0089336
-0.0165823
0.0887483
0.0015077
-0.1559663
-0.1789684
0.0188962
0.1059336
-0.0562169
0.2289371
0.0366493
-0.0690725
0.0668898
0.1295156
-0.0044348
-0.0423997
-0.1070414
-0.1457692
-0.0791302
-0.0094215
-0.0244789
-0.1636356
-0.1377360
0.1550309
0.3437536
-0.1650548
-0.1413139
0.5304512
