-0.2180298
0.4501497
-0.2435308
-0.4531156
0.0509351
0.1286901
0.1125620
-0.1307121
-0.1295012
-0.0234166
-0.1050790
-0.0056768
0.0652054
0.0028436
0.0162776
0.0232212
-0.0308420
0.0175694
0.0899093
-0.0989616
0.0864368
0.0900420
-0.0616531
-0.0149534
-0.0960421
0.0416858
0.1135772
-0.1155442
0.0641836
0.0327724
-0.1144674
-0.0875014
-0.1174105
0.0098437
0.0311487
0.1305083
0.1223103
-0.0631964
-0.1019298
-0.1121402
0.0485181
-0.1546318
0.1289290
-0.0616300
-0.0234466
0.2063738
0.7281905
-0.3364675
-0.7349283
-0.3886673
-0.0701830
-0.1997242
0.2558814
0.0423292
-0.1607473
0.0512464
-0.0774233
0.0365163
-0.0905562
-0.0882097
-0.0573808
-0.0913362
-0.0065678
0.0282837
-0.0435138
0.1042588
-0.0865693
0.0117907
-0.0558280
-0.1399935
-0.0612951
-0.0612581
0.0053037
-0.0402188
0.0187453
0.1026819
0.0991978
0.0552498
-0.1913934
-0.0377564
-0.0891626
-0.0266123
-0.0375538
0.1317886
0.0645484
-0.2375217
-0.3382176
1.5763757
-0.9074604
0.0176350
0.3067388
0.1899027
-0.0945519
-0.0763088
0.0251802
-0.1209431
-0.1198908
-0.0040934
-0.0100672
0.0570352
0.0182299
-0.0266473
-0.1661313
-0.1123920
0.0812417
0.0274668
0.1089273
-0.1101065
0.1074062
-0.0861298
-0.1486231
0.0789576
0.0646167
0.0769549
-0.0210188
-0.1038979
0.1118786
-0.0480975
0.1145806
-0.0376711
0.0937724
-0.0098537
0.0766009
0.0953367
0.1661808
0.2158468
-0.2317133
-0.6834806
-0.7766845
0.1554879
1.1203056
0.0690848
0.2618958
0.1411879
-0.0221602
-0.0506738
0.0066899
0.0387528
0.1455026
0.0032243
0.0812492
0.0400310
0.0799096
-0.1026785
-0.0322320
-0.0907075
-0.0308874
0.0066738
0.0003246
-0.0457250
0.0216866
0.1139573
0.0846876
-0.1332545
-0.0776282
-0.1003205
-0.0968915
0.0210802
-0.0945865
0.1109356
0.0628065
0.0070825
-0.0379440
0.0564316
0.0431467
-0.0310680
-0.3901184
-0.5858284
-0.3190862
0.5978614
1.1130490
0.5224282
-0.3001482
-0.4273472
-0.0310201
-0.1256902
0.2329025
0.0634082
-0.0395146
-0.0392296
-0.0194445
-0.1695530
-0.0329421
-0.0268161
0.0662956
-0.0335853
0.1337381
0.0042772
-0.0800268
-0.0423707
0.1285236
0.1162734
0.0661665
0.0767002
0.0878905
-0.1400075
0.0822901
0.0013940
0.1088604
0.1060232
