-0.0999765
0.0839823
-0.0485745
-0.1599465
0.1327614
0.1160693
0.1955796
-0.6071471
-0.8383116
0.2185570
-0.0285424
0.0698228
-0.1252466
-0.0297787
-0.1735980
-0.0068083
0.0685597
0.1135954
0.0560069
-0.0205905
-0.0133234
-0.1028480
-0.1233256
-0.0235059
0.0796145
0.0186970
-0.0683329
0.1158135
-0.1093546
0.0464650
0.0168800
0.0727938
-0.1143442
0.0318686
-0.1298116
-0.0014191
-0.0946601
0.1433085
-0.0694602
-0.1424306
0.0351167
-0.0469705
-0.1252494
-0.1660186
-0.1595444
0.2244921
0.0956136
0.2098668
-0.1024079
-0.2012414
-0.1613175
-0.2320353
-0.0077190
0.0965267
-0.0812001
-0.1477269
0.1407210
0.1257489
-0.0996345
0.0006528
0.0913711
-0.0087776
0.0764626
-0.1404085
0.0241259
-0.0633783
0.0267639
-0.0445657
-0.0604089
-0.1564675
-0.1557851
0.1078981
-0.0065129
0.0615657
0.0864160
0.1282413
-0.7179311
-0.4232467
0.1303455
0.5021026
0.4020428
-0.0555661
-0.0869456
-0.1427851
0.1435216
-0.0875225
0.0086121
0.0439412
0.1169253
-0.0022267
0.0755682
-0.0665454
-0.0439011
0.1281326
-0.0229962
0.0712041
-0.0089407
-0.0728398
-0.1071257
0.1305369
-0.0403985
-0.0886227
0.0497273
-0.0560628
0.1256903
-0.0112622
-0.0820912
-0.1784136
0.0711940
0.0064253
0.1068307
0.0558675
0.2384637
-0.0401552
-0.6500792
0.2532277
-0.0899222
-0.0631919
-0.1988334
-0.0283796
0.0223081
0.0347083
-0.0034817
-0.1223717
0.0634670
0.1383384
0.0640399
-0.1478770
0.0299314
0.0545805
-0.1281243
-0.0351942
0.1111685
0.0793322
-0.0664304
0.0917950
0.1096399
-0.1648320
-0.0813664
-0.1560188
-0.0366358
-0.0733953
0.1157631
0.0683665
-0.2907548
-0.3670877
0.6414567
0.1309355
-0.0643825
-0.2173251
-0.2357525
-0.1644477
-0.0535481
0.1399402
-0.0224697
0.0453381
-0.1268712
0.0741333
0.1277636
-0.0379494
0.0970134
0.1118275
0.0616289
-0.0386218
0.0541378
-0.0237124
0.1512963
-0.1073548
0.0031421
-0.1026349
0.0931396
-0.1442521
0.0013833
0.0378541
0.0857759
0.0861736
0.1636243
0.1517428
0.3026765
-0.6760522
0.1629337
0.4155670
0.1880394
0.0336221
-0.0890126
-0.0150393
-0.1310668
0.0667617
-0.0476925
0.1331177
0.0944023
0.0508351
-0.0396787
0.0591769
0.0822294
-0.0184945
-0.0965158
-0.0844931
-0.0404299
-0.0673925
