-0.1960142
-0.1027434
-0.0787274
0.0433283
0.0875013
-0.0913137
0.0806164
-0.1016942
0.0955106
-0.0330248
-0.0368545
-0.0100576
0.1242081
-0.1264365
-0.0150424
-0.0567364
0.0308637
0.1280616
0.0352285
0.1190754
-0.0702599
-0.0435749
0.1056307
-0.1165760
-0.0637677
0.0517125
0.0264343
0.1063990
0.0675372
0.0565136
0.1483745
-0.0092975
0.0570012
0.0557098
-0.1420066
0.0817828
0.1863926
-0.3123008
-0.6045416
-0.2418341
0.7600354
1.2963698
0.4578067
-0.4402215
-0.6773206
0.0447494
-0.1281952
0.0075021
0.0225367
0.0490593
0.0492681
0.0839681
0.0557839
-0.0603232
-0.0205301
-0.0210599
-0.0440670
0.0381829
-0.0063217
0.1376029
-0.0192626
-0.1083618
-0.0523758
0.1073813
0.0703482
-0.1074542
-0.0290354
-0.0457472
-0.0156101
-0.1585385
0.0478256
-0.0771609
0.0285468
0.1129020
0.1477973
0.0539574
-0.1090408
-0.0673817
-0.1421894
-0.3804507
-0.6048317
-0.1194876
0.9631274
-0.6866823
-0.1123499
0.1325534
-0.0224316
-0.1243258
-0.0767101
0.1133134
0.0894800
-0.0070874
-0.1100736
-0.0116625
-0.0462371
0.0414715
0.0706853
-0.0899000
0.0569154
0.1454987
-0.0762018
0.0947078
0.0609382
-0.0698330
0.1075214
-0.0129511
0.1264400
0.0475852
-0.0470954
-0.0294437
-0.1003851
-0.1159221
0.0179002
-0.0264191
-0.0710287
0.0880766
-0.0383789
0.0179151
-0.0388891
-0.0564788
0.1824900
0.1035230
-0.5692208
-0.7864818
0.7997453
-0.7498878
0.0380524
-0.0319057
-0.0017940
0.2306509
0.1560426
-0.0410522
0.1271841
-0.0729885
0.0253841
0.0171029
-0.0007176
-0.0184887
-0.0456148
0.1402682
-0.0422184
0.0582542
-0.0135166
-0.1009348
-0.0083103
0.0095514
0.0617889
-0.1169595
0.0276054
0.0392026
0.0627983
0.0439546
-0.1008717
-0.1277458
-0.0035241
-0.0928723
-0.0889115
-0.0613022
-0.0466625
-0.0031675
0.0963136
0.2540198
-0.0241568
1.0032770
0.2807661
-0.6837837
-0.2383448
0.1219187
0.1528569
0.1108550
0.0237272
0.0362194
-0.0247098
0.0412803
-0.2174230
0.0156871
0.1387790
0.1341318
-0.0136973
-0.0633893
-0.0649843
0.0294626
-0.1265580
0.1114034
-0.0940844
-0.1064568
0.0720758
0.0783930
-0.1198777
0.1468599
-0.0385889
-0.0341325
0.1194950
-0.1090558
0.1239720
0.0633434
-0.0593405
0.0652288
-0.0713709
0.0670049
