-0.0978553
-0.0375538
0.1254080
0.1317886
0.0645484
-0.2827466
0.2688351
1.5763757
0.8547354
-0.9074604
0.0176350
0.3067388
0.1525024
0.1899027
0.1341854
0.1279630
-0.0763088
0.0427453
-0.1209431
-0.0028670
-0.1147344
-0.0040934
0.0570352
-0.0746667
-0.0178499
-0.1661313
-0.0035410
0.0274668
0.0211751
0.1089273
0.0920739
-0.1101065
0.1254475
0.0789576
0.0512974
-0.0210188
-0.1038979
-0.1061455
-0.0058874
0.0516626
-0.0736965
-0.0480975
0.0644951
0.1242014
0.0964959
-0.0695051
0.0766009
0.1916484
0.1001504
0.2121233
0.2158468
-0.0456345
-0.2317133
-0.4703541
-0.7148670
-0.0260410
0.1411879
-0.0506738
-0.0009734
-0.1357852
0.0387528
0.1455026
0.0032243
-0.1026785
-0.1334209
-0.0907075
0.0421737
0.0066738
0.0983759
0.0458274
-0.1181808
-0.1332545
-0.0510711
0.1438072
-0.0054727
-0.1003205
-0.0780538
0.0765089
-0.0987296
-0.0968915
-0.0052948
-0.0945865
-0.0170905
0.0394547
0.0628065
0.0070825
-0.1694724
-0.1072408
0.1401615
-0.1326134
-0.2750608
-0.5858284
1.1130490
0.5224282
-0.7216344
-0.4273472
-0.0571118
0.0100323
0.1146759
0.1806689
0.2103059
-0.0718686
-0.0392296
-0.0194445
-0.1695530
0.0112101
0.0662956
0.0046952
0.1211914
0.1337381
0.0256402
0.0827912
0.1160624
0.1162734
0.0548060
0.0661665
-0.0631959
0.0822901
-0.0158997
0.1060232
0.1267582
0.1070677
-0.1184733
-0.1247918
-0.0292890
0.1350866
-0.1072454
-0.0674771
-0.1177927
0.0307606
0.0067295
-0.5414134
-0.6980446
0.3911823
1.2838602
1.3228456
0.8017384
0.1812669
0.1935745
0.1413031
0.0452832
0.1140819
-0.0153512
-0.0938806
-0.1068332
0.0209964
0.0132288
-0.0255585
0.0380704
0.0780706
-0.0758469
-0.1477928
-0.0201115
-0.0756910
0.0701653
0.0343330
0.0534435
0.0895961
-0.1390773
0.0858935
0.1197902
0.0581734
0.0049798
0.1581991
0.0197842
-0.0497918
-0.1304007
-0.1112807
-0.1986000
0.0266840
-0.0902874
0.0768865
0.1202570
0.0540162
-0.0718831
-0.0353651
-0.5865626
0.0242205
1.2500991
-0.4721891
-0.5381974
-0.2658759
-0.1406944
0.2777690
0.1195032
0.0339935
-0.0966166
-0.0233756
-0.1660733
0.0468124
-0.0004741
-0.0718378
0.1603879
-0.0973403
0.1020790
-0.1170586
-0.0437834
-0.0145920
0.1038426
0.0306247
