0.0559675
0.0094790
-0.0348481
-0.1684199
-0.2012367
0.0275797
0.0695079
0.3018227
0.1913667
-0.1108055
0.0974036
1.4222641
0.4411694
-0.5032320
-0.9032990
-0.2931443
-0.0286571
0.0055833
0.1203158
0.0059285
0.0949395
0.0088906
-0.1903541
-0.1870754
-0.2169638
0.0159676
0.0835582
0.0040751
-0.0879761
-0.0915768
-0.1343142
-0.0548826
0.0126797
-0.1016312
0.0095299
0.0989515
0.0508046
-0.1104853
-0.1099836
-0.1219709
-0.0459558
0.0615410
-0.1009419
0.0939197
0.0843322
0.1664562
-0.1282554
-0.0490109
0.1258538
0.2285660
0.0470365
0.2716765
-0.0014299
-0.1184910
1.2804552
-0.9510542
0.2787841
0.2086004
-0.2020185
-0.0088137
-0.0042498
-0.1398620
-0.1303868
-0.1191080
0.1009770
-0.0168841
0.1138515
-0.0231899
0.0911510
-0.1235269
-0.0237979
-0.1190990
0.0413881
0.0226565
0.1153546
-0.0429145
-0.0855013
0.0828642
-0.1161907
0.0278364
-0.0008330
-0.0014647
0.0694374
-0.0495309
-0.0401260
-0.0239845
0.0811634
0.0089403
0.2686446
-0.3810005
-0.8508988
1.0465922
-0.7698665
-1.0234508
-0.1865916
-0.1598205
0.1237783
0.3302249
0.0507259
-0.0080932
-0.0131933
-0.0186851
-0.0052860
-0.1326751
0.0432429
0.0984345
0.1117647
0.1268224
0.1236657
-0.0796978
-0.0908627
-0.0915351
-0.0876453
-0.0067642
-0.0036702
-0.0276262
-0.0741468
-0.0262623
-0.0635801
-0.1294269
-0.0361712
0.0778738
0.0264981
-0.0001540
-0.1806694
-0.1531653
0.1845560
0.1104132
0.2749748
0.2852710
0.0258168
-0.9531490
-0.7651526
-0.0144339
0.0759836
0.1126135
0.0767803
-0.1047457
-0.1993100
-0.1222016
0.0242878
-0.0157381
-0.0368909
-0.0389237
-0.0309341
-0.0374451
-0.0343992
0.0282648
0.0746741
-0.1117110
-0.1326697
0.1106520
0.0563225
0.0136407
0.0626656
-0.0997056
-0.0509350
0.0762553
0.0291913
0.1359357
-0.0383601
0.1434343
-0.1463754
0.0362669
0.2563765
0.1408536
-0.1450361
-0.4821994
-0.9873351
-0.8193539
0.9410535
1.5271288
1.5090813
-0.8588918
-0.3312818
-0.1134525
0.1112141
0.2706533
0.0673121
0.0249358
-0.1455601
-0.1055967
-0.0071642
0.0218243
0.0860919
0.0441765
-0.0440216
-0.0390935
0.0785088
-0.1280066
-0.1261369
0.0897407
-0.0189013
0.1255709
-0.0258253
0.1182922
0.0066400
0.1242049
0.1031285
0.1460905
