0.1428403
0.0443999
0.0183565
0.0203059
-0.0549948
0.0892131
-0.0852689
0.0233049
0.1421088
-0.0103709
-0.0673033
0.1019456
-0.1190300
-0.1032715
0.1439109
0.0794743
-0.0185677
-0.0283996
-0.1063256
-0.1328835
0.0384051
0.0753823
-0.0216734
-0.0056192
0.0813977
0.1211282
0.1038165
-0.0935190
0.0789703
0.0477391
0.1412509
0.1208768
-0.0422173
-0.2049251
-0.0386480
0.1308147
0.3354798
0.0909826
-0.5332145
-0.7969800
-0.8836992
-0.3612681
1.3366496
1.4807572
0.9930478
-0.1164949
0.2063805
-0.2143839
-0.1912623
-0.1370941
-0.0696678
-0.1608831
0.1044851
-0.0024953
0.0112878
-0.0304063
-0.0688210
-0.1306885
0.0424248
0.0673940
0.0748055
0.1351198
0.0348528
-0.1135610
-0.0162555
-0.0430489
0.0534866
0.1118718
0.0460357
-0.0122568
0.0184121
0.1464654
0.1167307
0.0852801
0.2357725
0.1956081
-0.0193824
-0.3382880
-0.6239997
-0.8679289
-0.4013577
1.3349379
-0.0538082
-0.1374050
0.2901571
0.2507939
0.0495215
-0.1882571
-0.0510656
0.0698940
-0.0208806
0.0535348
-0.1517613
0.0660828
-0.0128757
-0.0798143
0.1213677
0.1643226
0.0430393
0.0521582
-0.1100024
-0.0988913
0.0054170
0.0506354
-0.0724797
-0.0903738
-0.0536058
-0.0562025
-0.0155148
0.0498034
-0.0088787
-0.0302086
0.0106712
0.1543167
0.0367644
-0.0039350
-0.0437972
0.0305451
0.0714536
0.0556298
0.0860546
-0.6059946
0.1509413
-0.6015708
-0.7841603
0.2508163
0.0819285
0.1142067
-0.0513627
0.0650149
-0.0716935
0.0876394
-0.0008501
-0.1059469
0.0100012
-0.1190267
0.0268693
-0.0712520
0.0257298
-0.0797105
-0.1443180
-0.1189307
-0.1322339
0.1384455
-0.0736015
0.0076277
-0.0290675
-0.0360983
0.0872859
-0.1086681
0.0971224
0.1446791
0.0808385
0.0763919
-0.0937788
0.0642117
-0.0801417
0.1796051
0.1312955
0.1303011
-0.0562548
1.0074352
0.5627309
0.2529753
0.1120196
0.0242454
-0.1464131
-0.0265681
-0.0587701
0.0455512
0.0589161
0.0328297
-0.0300732
-0.0036243
0.1746103
-0.0081632
-0.0813938
-0.0123083
0.0004063
-0.1075997
0.1104187
0.0122348
-0.0010008
0.0979024
0.1159140
-0.1360052
0.0302867
-0.1266814
-0.0123657
-0.0444136
-0.1031985
-0.0077773
-0.1131276
-0.0485834
-0.0570642
-0.0582380
0.1302442
-0.1213486
-0.1202375
0.0389304
