-0.0562481
-0.0144378
0.0270784
-0.0063401
0.0177306
-0.0524401
0.0222128
0.0079753
0.0016884
0.0322087
0.0013649
-0.0105790
-0.0214883
-0.0489951
-0.0278474
-0.0011210
0.0015004
-0.0408859
0.0470466
0.0268562
0.0847613
0.0343476
0.0121407
-0.0202523
-0.0967451
-0.0293394
0.3350260
-0.0657426
-0.3399101
-0.4820328
-0.4054594
-0.1141402
0.1197110
0.0152285
-0.0181470
0.0087480
0.0101724
0.0431642
0.0142626
0.0163744
-0.0038122
-0.0379688
0.0076615
0.0211251
-0.0503964
-0.0010998
-0.0548108
-0.0164465
0.0343926
0.0098053
0.0553066
0.0515501
0.0214668
-0.0761891
0.1609605
-0.0227483
0.1821675
0.1288660
-0.0907940
-0.0186413
-0.0540074
-0.0312364
-0.0152586
0.0327633
-0.0127379
-0.0171268
0.0082684
0.0458537
0.0392669
0.0351108
0.0219039
0.0110190
0.0015817
0.0428053
-0.0210482
-0.0462764
-0.0181113
-0.0354468
-0.0507331
-0.0437238
-0.0257503
-0.0139379
0.0339319
-0.0332815
-0.0364079
-0.0407586
0.1111926
0.0044009
-0.2611221
0.0996895
0.0212620
-0.0272080
-0.0525477
-0.0215978
0.0101465
0.0133412
-0.0288219
0.0099721
0.0184981
0.0036838
-0.0124087
-0.0214053
-0.0252627
-0.0205174
0.0220519
0.0385437
0.0150463
0.0049478
0.0456247
-0.0060704
-0.0469429
-0.0854206
0.0183040
0.0958510
0.2214489
0.1271243
-0.0532948
0.0952839
0.0671437
-0.0634516
-0.0254578
0.0075614
0.0379716
-0.0128784
0.0206259
0.0171469
0.0322154
0.0247705
0.0316669
0.0127046
-0.0255138
-0.0170251
0.0075621
-0.0003362
0.0339460
0.0115335
0.0342389
-0.0220775
0.0171460
0.0092704
0.0319897
0.0450541
0.0641699
0.0513613
0.0054168
-0.0418917
-0.0858811
0.0091312
0.0828814
0.2282498
-0.0565740
-0.3752247
-0.0784267
0.1223818
0.1253205
-0.0165672
-0.0405696
-0.0124437
0.0254582
0.0063977
-0.0093016
0.0106089
-0.0187784
-0.0126820
0.0253492
0.0002234
-0.0058275
-0.0113733
-0.0183697
-0.0465574
0.0328012
-0.0005047
-0.0182684
0.0582382
-0.0005144
0.0195692
-0.1489537
-0.0448260
0.0056732
0.3146216
0.0792457
-0.1495088
-0.3814437
0.0236143
0.1346999
0.1078550
0.0221607
-0.0121641
-0.0167864
-0.0078550
-0.0409379
0.0065726
-0.0138533
-0.0062492
0.0252471
0.0048786
-0.0223969
-0.0348085
0.0209075
-0.0116124
