-0.0173146
0.0469818
-0.0280886
-0.0155457
0.0206066
0.0193319
0.0319797
0.0673478
0.0092608
0.0538266
-0.0589315
-0.0516107
0.0548708
0.1287763
0.1876189
0.2354606
-0.2187136
-0.3173132
-0.0232053
0.0985920
0.1076403
0.1307391
0.0594908
0.0385224
-0.0553654
-0.0542331
0.0322597
0.0242107
-0.0111625
0.0053548
0.0137006
-0.0408221
0.0200476
0.0270507
-0.0309938
0.0073436
-0.0402844
0.0233406
-0.0145225
-0.0180348
-0.0485590
-0.0001270
-0.0130902
-0.0301834
-0.0312568
0.0052318
-0.0987233
-0.0207549
0.1108510
0.1587922
0.2210925
0.1940451
-0.2751072
-0.0519905
0.0363206
-0.0624823
-0.0090304
0.0399851
0.0063211
0.0100264
0.0259495
-0.0083955
0.0312241
-0.0215028
0.0390441
0.0189369
0.0297270
-0.0015339
-0.0000432
0.0127177
0.0478613
-0.0272914
-0.0063462
-0.0340930
-0.0823137
-0.0818815
0.0134587
0.1237974
0.2259890
0.2735220
0.2687556
-0.2117845
-0.1407570
0.1382389
0.0156626
-0.0285574
-0.0065565
0.0005652
-0.0092137
0.0121409
-0.0482845
-0.0511849
-0.0291072
-0.0256873
-0.0179162
0.0344160
-0.0019657
0.0365310
0.0289149
-0.0284642
0.0078111
0.0273491
-0.0489550
-0.0289067
-0.0527528
-0.0208576
0.0340713
0.0750428
0.0690510
0.0183830
-0.0888947
-0.0820572
-0.0118941
0.1595729
0.2433886
-0.0198053
0.0514228
0.1242288
0.0211858
-0.0760596
-0.0163676
-0.0197393
-0.0097571
0.0332446
0.0229747
0.0251837
0.0073462
-0.0027638
-0.0228958
-0.0261110
-0.0250872
-0.0150884
-0.0028539
0.0058521
-0.0067692
0.0394838
0.0191979
-0.0596139
-0.0933442
-0.0715697
-0.0925781
-0.0367537
0.2177848
0.2851978
-0.3476111
-0.0401450
0.1607368
0.1408316
0.0235120
-0.0431828
-0.0129128
-0.0167677
-0.0427617
-0.0422561
-0.0185447
0.0632922
0.0193615
-0.0179708
0.0269633
-0.0077923
-0.0313145
0.0056283
-0.0221133
-0.0225834
0.0011657
0.0167146
0.0085658
-0.0312504
0.0237308
-0.0485432
-0.0418010
-0.0831541
-0.0875277
-0.0043822
0.1220639
0.2083941
-0.3004316
-0.2271870
0.0770936
0.1422087
0.0254950
-0.0214930
-0.0546722
-0.0532126
-0.0672361
0.0048315
0.0262240
-0.0005791
-0.0071910
-0.0131826
-0.0037703
-0.0011359
0.0013249
-0.0188937
0.0049877
0.0448788
-0.0008905
0.0047659
0.0160544
0.0090871
