0.0254886
-0.0552485
-0.0145178
-0.0243690
0.0891516
0.0285255
-0.0629689
-0.1991572
-0.0729697
0.1310277
-0.1073001
-0.1691494
-0.1893402
-0.0866384
-0.0030814
0.1797186
0.0550368
0.0531309
-0.0090367
-0.1147801
-0.1017716
-0.0166632
-0.0278812
-0.0727313
-0.0296939
-0.0334082
-0.0704186
-0.0184350
0.0405705
-0.0557978
-0.0218610
0.0238349
-0.0478874
-0.0216570
0.0214871
0.0196184
-0.0185827
0.0129526
0.0372769
-0.0455106
-0.0934668
-0.0078015
-0.0630686
-0.0111724
0.0645984
0.0209734
-0.1931497
0.2108453
0.1903131
0.0796545
-0.0885457
-0.0888942
-0.1917823
0.0264704
0.0735062
-0.0376488
0.0583523
0.0028773
0.0157598
0.0018360
-0.0234196
-0.0504990
-0.0362934
-0.0453827
0.0196414
-0.0412633
0.0399137
-0.0383824
0.0110422
-0.0205133
-0.0484931
0.0004446
0.0338364
0.0056590
0.0136905
0.1127753
-0.0260273
-0.1179865
-0.0769079
-0.1808331
-0.1049147
-0.0364732
0.1815395
0.0186066
-0.2185184
-0.1412640
0.1252411
0.0158042
-0.0680245
-0.0255347
0.0633167
0.0348879
-0.0238527
0.0097029
0.0120462
-0.0372263
-0.0712542
0.0568636
-0.0332438
0.0223059
0.0165850
-0.0174251
-0.0129100
0.0164834
-0.0553574
-0.0021533
-0.0198697
0.0311197
-0.0145257
-0.0160065
0.0132983
0.0321671
0.0821817
-0.0148011
-0.0377426
-0.0513756
-0.0735885
0.2156403
0.1499764
-0.1432743
-0.1033528
0.0715853
0.0144246
-0.0066444
-0.0426100
-0.0296558
0.0659665
-0.0199540
0.0011133
-0.0743616
-0.0740963
-0.0179959
0.0273972
-0.0593141
0.0004063
-0.0470439
0.0302805
-0.0071942
0.0094915
-0.0023488
0.0369170
-0.0012526
-0.0177042
-0.0603362
0.0264460
0.1165695
0.0454877
-0.0223491
-0.0842045
0.0115900
0.1211912
0.1513392
0.1262109
-0.0599712
-0.0689439
-0.1013426
0.0807344
-0.0684945
-0.0352062
-0.0586913
0.0850819
0.0091775
-0.0479477
0.0024298
-0.0379020
0.0522273
0.0339308
-0.0557726
-0.0080061
-0.0178455
0.0283996
0.0107490
-0.0430178
-0.0438953
0.0333059
0.0259943
-0.0077108
0.0310189
0.0179837
0.0566961
0.0231527
0.0003339
0.0127951
-0.0240846
-0.0105078
-0.1954008
-0.0057432
0.1078381
0.1925338
0.2818907
-0.0726035
-0.1580917
0.0588762
0.1813513
0.1034875
-0.0073528
-0.0011079
0.0200578
0.0118025
0.0402048
