0.1463765
0.0258508
0.0907097
-0.0534540
-0.0016275
-0.0109494
-0.0130692
-0.0263910
0.0253956
0.0508290
0.0499445
0.0073869
-0.1751499
-0.1368615
0.0097841
0.1005328
0.0017814
0.0178817
0.0106129
0.0286329
0.0154964
0.0266710
0.0155344
-0.0425459
0.0030733
0.0427207
0.0265130
-0.0354415
-0.1389798
0.1742798
-0.0835651
0.0352941
-0.0810699
-0.0446052
0.0084433
-0.0886523
0.0510664
-0.0060081
0.0304870
0.0144926
-0.0634628
-0.0748500
0.0165510
0.0023196
0.0096488
0.0226107
0.0215374
-0.0059390
0.0062961
-0.0176436
0.0333472
-0.0043715
-0.0111894
0.0393035
0.0539671
0.1922653
0.1275045
-0.0624845
-0.1058782
0.1565287
-0.1153425
-0.0341806
0.0504856
0.0017379
-0.0139056
0.0157896
-0.0039319
0.0284085
-0.0017856
-0.0602623
0.0982835
0.0232223
-0.0410223
-0.1663942
0.1988199
0.1384368
-0.1826673
-0.0653307
0.1015857
-0.0564152
0.0115788
0.0131895
-0.0368666
0.1060640
-0.1066996
0.0970015
-0.1395313
0.0115251
0.1020578
0.0686601
-0.0185967
-0.0204670
-0.0488650
-0.0507465
-0.0245763
-0.0333208
0.0165657
0.0047952
0.0722526
-0.0427386
