0.3807051
-0.0474529
-0.0547073
-0.0513063
-0.0066843
-0.0171696
0.0299615
-0.0062080
-0.0318342
-0.0250512
0.0028874
0.0454681
-0.0248527
-0.0338242
0.0182247
-0.0077611
-0.0191863
-0.0486758
0.0128954
-0.0064187
0.0012516
0.0091095
-0.0260921
0.0356214
0.0379433
0.0256396
-0.0116043
-0.0206180
-0.0056410
-0.0295705
0.0125716
0.0585482
-0.0182649
0.0248631
0.0529788
-0.0234582
0.0403201
-0.0030845
0.1106153
0.1081537
-0.1374099
-0.2363873
-0.1785709
-0.0992278
-0.0109505
-0.0268553
0.0690452
0.0424541
0.0409352
-0.0276568
0.0131352
-0.0071968
-0.0055001
0.0350041
0.0218435
0.0172887
0.0055772
-0.0100577
-0.0189276
0.0552513
0.0463259
-0.0409997
0.0684226
0.0330924
0.0160477
0.0189067
-0.0357084
-0.0294785
-0.0285232
-0.0152521
0.0129985
0.0086469
0.0024566
-0.0132223
-0.0092053
0.0078459
0.0029812
0.0513380
0.0060588
-0.0095110
0.0403922
-0.2254970
0.0551893
-0.0639050
-0.0048686
0.0521493
-0.0042233
0.0072542
0.0190453
0.0580968
-0.0323440
0.0400720
-0.0375319
-0.0149870
0.0001643
0.0249440
0.0288450
0.0059032
0.0016044
-0.0157395
