-0.0042600
0.0140847
-0.0496923
0.0164279
0.0029301
0.0249057
-0.0181085
-0.0171080
-0.0311217
-0.0129709
0.0181985
0.0999815
0.0632175
-0.0235929
-0.0340298
-0.1446363
0.0239875
0.0763218
0.0203610
0.0750928
-0.0041195
-0.0236945
0.0330290
-0.0138959
-0.0571117
0.0353649
-0.0141712
-0.0507805
-0.0080384
-0.0475955
0.0298251
-0.0498956
0.0435719
-0.0004158
0.0128696
-0.0206884
0.0176394
0.0804652
0.0480271
-0.0350920
-0.0888687
-0.0840989
-0.0641073
-0.0270992
0.0254440
0.0479444
0.1030417
0.0442945
-0.0425827
0.0259425
0.0256493
-0.0111349
-0.0425500
0.0523230
0.0232106
-0.0220812
0.0198378
0.0164990
0.0023480
0.0475435
-0.0063035
0.0176218
0.0255649
0.0891800
0.1358779
-0.0374605
-0.0927915
-0.0837789
0.0249007
0.0707131
-0.0438220
-0.0487262
0.0078724
0.0230315
0.0321887
0.0583337
0.0611240
-0.0009815
0.0329202
-0.0239439
0.0489882
-0.0347875
0.0465795
-0.0075803
0.0502353
-0.0242088
-0.0367232
0.0063013
0.0445660
0.0064817
0.0037347
0.1403623
-0.1673388
-0.1261399
-0.0510833
0.0669083
0.0887721
-0.0223932
0.0227261
-0.0277340
0.0006796
0.0146878
-0.0426887
-0.0199651
-0.0331094
-0.0524165
0.0025022
0.0087014
-0.0412935
0.0535270
0.0516755
0.0330622
0.0037548
-0.0603415
0.0075027
0.0241155
0.0675089
-0.1218540
-0.1300877
0.0102130
0.1611702
-0.2531600
0.0662373
0.0527077
0.1086217
-0.0331185
-0.0345389
-0.0671249
-0.0511903
0.0219368
0.0014172
0.0142335
-0.0370782
0.0445140
0.0241206
-0.0089554
-0.0432041
0.0308334
0.0648348
0.0762348
-0.0114457
-0.0520127
-0.1063456
-0.0250276
0.0761079
0.2566545
-0.2168111
-0.2673694
0.0522770
0.0190105
0.1175134
0.0086982
0.0110964
-0.0819470
-0.0873070
0.0053010
-0.0383655
-0.0331837
-0.0075317
0.0464187
-0.0480469
0.0375801
-0.0465166
0.0651642
-0.0075004
-0.0729349
-0.0167741
-0.0151650
-0.0204711
0.0768449
0.1794385
0.1813137
0.0588577
-0.1618530
-0.0055732
0.0976280
0.0249512
-0.0185917
-0.0105569
-0.0282407
0.0282857
0.0437911
-0.0472469
0.0167067
-0.0400915
-0.0282973
-0.0218415
0.0397199
0.0277129
0.0057670
-0.0229248
-0.0279462
-0.0074852
-0.0177640
0.0459708
-0.0158302
-0.0694476
-0.0744209
-0.0682779
-0.0427644
