0.2814918
-0.0458446
0.0621634
0.0501351
-0.0409645
-0.0438176
0.0029149
0.0785191
0.0205143
-0.0331139
-0.0150856
0.0293037
-0.0222773
0.1830040
0.1178657
-0.0025545
0.0273658
0.0171000
-0.0124618
-0.0413031
-0.0573588
-0.0481347
0.0445152
-0.0553947
-0.0180469
-0.0986182
-0.0312701
0.0762967
0.0599687
-0.1416226
-0.0270847
0.1469324
0.0144866
0.0799525
0.0982898
0.0941742
-0.0786423
-0.0346915
0.0058639
0.0130138
0.0315243
0.0301464
0.0711614
-0.0305582
-0.0400255
-0.0133272
-0.1022341
-0.0250701
0.1693741
0.1251613
0.0586953
-0.0047306
-0.0276663
0.0494626
0.0134481
0.0108478
-0.0053603
-0.0163413
-0.1550165
0.1603824
-0.2059014
-0.1485426
0.0310081
-0.0951834
-0.0432152
-0.0728859
0.0209176
0.0644019
-0.0906513
0.0007786
-0.0165173
0.0583825
-0.0313057
-0.0350541
0.0089557
0.0378970
0.0504502
0.0233044
-0.1173804
0.2546886
-0.1963931
-0.0078346
0.0409109
-0.0262848
-0.0529516
-0.0025543
0.0275683
0.0705072
-0.0322073
-0.0353721
-0.1858860
0.1056718
0.0298842
0.0794385
0.0073425
0.0308631
0.0563387
-0.0154930
-0.0141464
-0.0141279
