0.0012417
0.0318725
0.0221150
0.0073665
-0.0591327
-0.0602406
0.2859720
0.1628659
-0.0732197
-0.3862128
0.1440198
0.0567576
-0.0177941
-0.0441615
-0.0192000
-0.0210255
-0.0795143
-0.0536917
-0.0328782
0.0282903
0.0536430
0.0276117
0.0220545
0.0478300
-0.0281876
0.0357670
0.0240214
-0.0115515
-0.0158634
-0.0311957
-0.0149471
0.0187713
-0.0367884
-0.0181248
0.0134073
0.0127296
-0.0078490
0.0614911
0.0156354
-0.0436456
-0.0566238
-0.1050522
-0.0856874
-0.0484939
-0.0345134
0.1786446
0.1338908
0.0604446
-0.0502821
-0.0354333
-0.0547357
-0.0869034
0.0278509
0.0512433
0.0036004
-0.0330163
0.0348845
-0.0029596
0.0453101
-0.0118577
0.0128517
-0.0155745
-0.0005337
0.0320561
0.0863858
-0.0458304
-0.0612715
-0.0835452
0.0193144
0.2829629
0.1401539
-0.3728124
-0.0589066
0.0587534
0.1136850
0.0963908
-0.0128466
-0.0068749
-0.0425804
-0.0471976
-0.0720823
-0.0304041
-0.0049092
-0.0153804
0.0389741
0.0401340
-0.0329208
0.0295716
-0.0052403
-0.0350679
0.0311312
-0.0321973
0.0213306
-0.0233542
-0.0037785
0.0102837
0.0078745
0.0521296
0.0572221
0.0668593
0.0119006
-0.0337021
-0.0673368
0.0022001
0.0136853
0.1350078
0.1991387
-0.1268357
-0.2869284
-0.1722873
0.1480561
0.0707391
0.0156175
-0.0603565
-0.0113774
-0.0156078
0.0623708
-0.0274768
-0.0298396
-0.0343963
-0.0543188
0.0194487
0.0282738
0.0240753
-0.0123954
-0.0466991
0.0012091
-0.0332418
0.0134714
-0.0109145
0.0547749
0.0031481
0.0238266
0.2215425
0.2984508
0.2738804
0.1242441
0.1458368
0.1232665
0.0493133
-0.0293541
-0.0495460
-0.0745735
-0.0691728
0.0069939
-0.0033237
0.0561584
0.0166908
-0.0069437
-0.0432372
-0.0124365
0.0095393
-0.0161479
0.0228222
-0.0021165
0.0069800
-0.0040015
-0.0539046
-0.0001725
-0.0178336
0.0150883
0.0254441
-0.0357189
0.2691825
0.2725281
-0.3238795
-0.1659386
0.1180528
0.1006645
0.1269756
0.0811262
0.0880482
-0.0247691
-0.0181214
-0.0130038
0.0056374
0.0569819
0.0345285
0.0638359
0.0171676
0.0311596
-0.0201210
-0.0013211
-0.0158969
-0.0341648
-0.0321880
0.0253978
-0.0117721
-0.0301427
0.0224970
-0.0318499
0.0185913
0.0186075
0.0196359
0.0318138
0.0191458
-0.0115672
0.0182778
-0.0147475
-0.0117948
