0.1227226
0.0247868
-0.0287962
0.0195968
-0.0234529
-0.0293299
0.0183119
-0.0287493
-0.0206267
-0.0151916
-0.0738484
-0.0538420
-0.0220945
0.0266112
-0.0114678
-0.0113006
0.0164583
0.0464841
0.0380340
-0.0125246
-0.0583151
-0.0430191
0.0082481
-0.0096087
-0.0774390
0.1567179
-0.2202828
-0.1098440
0.0569730
0.0291227
-0.0389697
0.0007608
-0.0154767
0.0150662
0.0263698
-0.0149128
-0.0218760
0.0316748
-0.0067385
0.0864792
0.1940488
0.1247060
-0.0536245
-0.1809377
-0.2227612
-0.1502384
0.0113734
0.0180699
0.0439942
-0.0069084
0.0057820
-0.0604701
-0.0767980
0.0018708
-0.0513605
0.0023516
0.0565895
-0.0385215
-0.0486600
-0.0174294
-0.0124621
0.0117153
0.0436231
-0.0077965
0.0510670
-0.0189041
-0.1120846
0.0064821
-0.0628321
0.0311574
-0.0697380
-0.0232512
0.0489998
-0.0085325
0.0090290
0.0441642
0.0345133
-0.0054693
-0.0018163
-0.0354551
0.0308710
-0.0892708
0.0112824
0.0063901
0.0328224
-0.0358416
-0.0355767
0.0002367
-0.0468099
0.0570676
0.0370346
-0.0625755
0.1557817
0.0060798
-0.0341847
-0.0543183
0.0738334
0.0493066
-0.0119716
-0.0390300
