0.0391266
0.0376833
-0.0418771
0.0526099
0.0302684
0.0497280
-0.0320160
0.0121600
-0.0471670
0.0065920
0.0265725
0.0503676
0.0177253
0.0398213
-0.0280407
-0.0416461
-0.0627538
0.0045460
0.1673033
0.0747302
0.0180401
-0.1399400
-0.1995881
-0.0603700
0.0895682
0.0421045
0.0187603
-0.0559355
-0.0156628
-0.0251211
-0.0593538
-0.0129737
-0.0191538
-0.0429037
-0.0601082
-0.0191930
0.0009574
0.0488526
0.0194263
-0.0595168
-0.0515424
-0.0429803
0.0537241
0.0372785
0.0668545
-0.0341695
0.0126218
0.1185009
-0.0925369
-0.2056447
-0.1377651
-0.0930017
0.0391373
-0.0057651
-0.0228895
-0.0552133
-0.0475956
0.0094327
0.0094798
-0.0222926
-0.0361439
-0.0243234
-0.0341406
-0.0333342
0.0689541
0.0060069
-0.0696306
-0.0839913
0.1072085
0.0402354
-0.0572130
-0.0828555
-0.0026212
0.0182307
0.0859407
0.0206873
-0.0158679
0.0558508
0.0166860
-0.0620401
-0.0334056
-0.0743490
0.0530925
-0.0141372
-0.0275545
-0.0284729
0.0316862
-0.0363939
-0.0566706
0.0161315
-0.0479169
0.0079251
0.0035687
-0.0484282
-0.0686076
-0.0497937
-0.0631043
0.0611410
0.1380411
0.0817270
-0.0381136
0.0385030
0.0148119
0.0042515
0.0148403
0.0397182
-0.0339345
0.0408519
0.0381471
-0.0538561
-0.0167331
-0.0040373
0.0232377
-0.0315818
-0.0413598
0.0276999
-0.0136166
0.0342433
-0.0538399
-0.0299494
0.0831037
-0.0382545
-0.0334281
-0.0113367
0.0404196
-0.1286972
0.0339674
0.0593872
0.0409133
0.0868527
0.0618004
-0.0109506
0.0258991
-0.0228670
0.0543201
0.0271694
-0.0458046
-0.0236481
0.0473664
0.0457326
0.0333108
-0.0553058
-0.0015646
0.0023782
-0.0254146
-0.0074537
-0.0092881
-0.0220247
-0.0381087
0.0347600
0.0317601
0.0412520
-0.0028855
0.0070566
0.0004751
0.0040817
0.0024685
0.0059740
-0.0265031
-0.0135989
-0.0077658
0.0077704
0.0399212
-0.0428203
0.0102685
-0.0348009
-0.0486268
-0.0220065
0.0196424
0.0478653
0.0345158
0.0031094
-0.0341635
-0.1012925
-0.0243743
-0.0212543
0.1634381
0.1731428
-0.1510164
-0.1239499
0.1019447
0.0903178
0.0171004
0.0233504
0.0048133
-0.0496517
-0.0309511
-0.0715398
-0.0652343
0.0246535
0.0665832
0.0222805
-0.0368672
0.0169280
0.0284434
0.0190332
0.0082437
-0.0122689
0.0086362
0.0419392
