0.2466885
-0.0478252
0.0286682
0.0208047
-0.0047002
-0.0259028
-0.0234089
-0.0312495
0.0050592
0.0344186
0.0334303
0.0473246
-0.1035178
0.0602252
0.0225372
-0.0146685
0.0675942
0.0025387
-0.0262587
-0.0395014
0.0207522
-0.0313513
-0.0140936
0.0251490
-0.0076745
0.0455832
0.0682568
0.0143316
-0.0482551
-0.0406890
0.0166211
0.0827598
-0.0640076
0.1219533
0.0997775
0.0247108
0.0012495
0.0276639
-0.0178732
-0.0232774
0.0156345
0.0094877
-0.0465152
-0.0049748
-0.0206890
-0.0409545
-0.0463987
-0.0072335
0.2864020
0.0333083
0.0372863
-0.0285113
0.0373336
-0.0343834
-0.0368038
0.0125477
0.0067507
-0.0521573
-0.0328979
0.2826159
-0.0562995
0.1335011
0.1471829
-0.0595494
0.0165934
0.0309342
0.0342615
0.0119678
-0.0496418
-0.0131479
0.0085812
0.0110183
-0.0455202
0.0052084
0.0613844
0.0570710
-0.0219141
-0.0761902
0.0765562
0.0986299
0.0090775
0.0234619
0.0381060
0.0101512
-0.0186789
0.0039618
-0.0347862
-0.0352740
-0.0783730
-0.0645381
0.0471077
0.0786450
-0.0376114
-0.0174323
-0.0162608
0.0015866
0.0279217
0.0169213
0.0003146
0.0357208
