-0.0205162
0.1951701
0.0552510
-0.1754143
0.0487505
0.0481644
-0.0307645
-0.0057631
0.0102720
-0.0398639
0.0412246
-0.0163017
-0.0132699
-0.0111003
0.0116711
0.0252760
-0.0480416
0.0037443
0.0279404
0.0586258
-0.0197154
-0.0433091
-0.0282014
0.0013649
0.0088382
0.0215665
-0.0072611
-0.0606106
-0.0673000
-0.0548025
-0.0253811
-0.0103249
0.1665215
0.0624711
-0.1296845
0.0364700
0.0155771
0.0260633
-0.0434504
-0.0283576
0.0131368
-0.0491251
-0.0245651
-0.0023162
0.0072096
0.0164488
0.0519944
-0.0288586
0.0150165
-0.0539124
-0.0027986
-0.0208628
-0.0055768
0.0732163
-0.0482345
-0.0026189
-0.1692056
0.0775924
0.0854782
-0.0245397
-0.0618271
-0.0063645
-0.0276297
0.0551139
0.0422681
-0.0004963
-0.0571104
-0.0023323
-0.0470205
0.0350123
-0.0248439
-0.0403444
-0.0254560
0.0308465
-0.0006661
-0.0153571
-0.0692975
-0.0048916
-0.0609696
-0.0633693
-0.0551964
-0.0571456
0.1555069
-0.0417832
-0.0349485
0.0163283
0.0372177
-0.0147948
0.0124260
-0.0204992
0.0097939
0.0451673
0.0183914
0.0337309
-0.0331451
-0.0394204
0.0041329
-0.0196173
-0.0515787
-0.0511030
-0.0356773
-0.0359344
0.0482025
0.0332094
-0.0362221
0.0047360
-0.0337284
-0.0842267
0.0168641
0.0593579
-0.0125875
-0.1001528
-0.0060250
-0.0015352
-0.0042754
0.0465927
-0.0345487
0.0122354
0.0468608
0.0410053
-0.0189458
-0.0462324
-0.0131186
0.0176126
0.0062727
-0.0259974
-0.0069729
-0.0025516
0.0117294
0.0342752
-0.0221270
-0.0040765
-0.0969744
-0.1093511
-0.1100526
0.0099331
0.0383202
-0.0017697
-0.0388974
-0.0765913
-0.0282167
-0.0388780
0.0528758
0.0383804
0.0503767
-0.0506807
0.0418141
-0.0028069
0.0047219
0.0505828
-0.0393493
-0.0050482
0.0432059
-0.0507003
-0.0254902
0.0689143
-0.0301521
-0.0505932
-0.0748599
0.1079752
-0.0201174
0.0715094
0.0159570
-0.0329192
-0.0245265
0.0466099
0.0275588
0.0504378
0.0433022
-0.0019334
-0.0371941
0.0274023
0.0275344
0.0197697
0.0539078
0.0478445
0.0031955
-0.0395806
-0.0409756
-0.0416635
-0.0236409
0.0058818
0.0638677
0.0025576
-0.0304850
-0.0981100
-0.0132736
-0.0405841
0.0031378
0.0520800
-0.0931256
-0.1190155
0.0650993
0.0688391
0.0720220
-0.0247046
0.0047113
0.0113154
-0.0464556
0.0401204
