-0.0135072
0.0561445
0.0227029
0.0562189
-0.0071416
-0.0993473
0.0006182
0.2515061
0.1897260
0.0344482
-0.1460913
-0.1279542
0.0382284
0.1653052
0.1722201
0.0494031
-0.0411754
0.0307576
0.0020629
-0.0226862
0.0086562
-0.0264771
0.0003209
-0.0300495
-0.0121771
0.0272036
-0.0527915
-0.0575837
-0.0340839
-0.0431830
-0.0187028
-0.0375458
-0.0464785
0.0202777
0.0387681
0.0329765
0.0031906
-0.0313520
-0.0271632
-0.0382167
0.0004421
0.0259654
0.0459161
0.0050329
0.0461290
-0.0236512
0.2530150
-0.0856315
-0.0624648
-0.1523813
-0.1536314
-0.1354865
0.0389164
0.0626565
-0.0389058
0.0191759
-0.0214733
-0.0091987
-0.0435029
-0.0327314
0.0694313
0.0773307
-0.0311452
-0.0419038
0.0356988
0.0503483
-0.0350944
0.0151800
-0.0325702
-0.0781455
0.0637070
0.0997065
0.0790032
0.0934500
0.0727953
-0.0743948
-0.1526710
-0.1008791
-0.0426619
0.0497807
0.1655909
0.1710001
-0.0211046
-0.1601533
0.0552359
0.1185353
0.0339640
-0.0624315
-0.0976091
0.0516458
0.0561265
0.0311938
-0.0200418
-0.0795865
0.0157016
-0.0529112
-0.0285586
-0.0104695
-0.0227946
0.0585941
0.0131684
-0.0538803
-0.0446730
-0.0071758
-0.0262511
0.0717100
0.0533498
0.0333262
-0.0887398
-0.0754161
-0.0319026
0.0264191
0.0243881
-0.0215587
-0.0554145
-0.0935071
0.0926473
0.0793588
-0.0515308
-0.1585733
-0.0689802
0.0811170
-0.0169608
-0.0726400
-0.0718863
0.0198349
0.0480729
-0.0274976
0.0584640
-0.0298316
-0.0741276
-0.0622428
-0.0504101
-0.0711853
-0.0737860
-0.0342725
0.0185669
0.0567659
-0.0433067
0.0496186
0.0034455
-0.0580927
0.0027953
0.0202514
0.0815619
0.0293739
0.0425639
-0.0506304
-0.0848823
-0.0438319
0.0094619
0.2082937
0.0875519
-0.0541150
-0.1509721
-0.0063375
0.0966700
0.0120045
0.0179753
-0.0140226
-0.0017565
0.0640228
0.0457842
-0.0005113
0.0154468
-0.0099295
-0.0107356
0.0333723
-0.0149557
-0.0452612
0.0078474
-0.0394153
-0.0659427
0.0632279
0.0307618
0.0279421
-0.0548980
-0.0570382
0.0199369
-0.0164671
-0.0243690
-0.0082349
0.0005873
-0.0020754
0.0285255
-0.1041796
-0.1715946
-0.1991572
-0.0729697
0.0182301
0.0136277
-0.1691494
-0.0030814
0.1246744
0.1797186
-0.0090367
0.0079588
-0.0166632
-0.1031007
-0.0278812
