-0.0424083
0.0049191
-0.0237329
-0.0015549
-0.0571139
-0.0504427
-0.0694780
0.0279902
0.0670588
0.0590050
0.0513190
-0.0743802
-0.0246367
0.0443814
-0.0545026
0.0397057
-0.0123964
0.0041838
0.0043036
0.0384544
0.0289180
-0.0578095
0.0159238
0.0482345
0.0318352
0.0498329
-0.1367625
-0.0417394
-0.1103609
-0.0122821
0.0660945
0.1373295
-0.0470310
-0.1229190
-0.1968183
0.0436589
0.0020062
-0.0481920
-0.0240550
-0.0806117
0.0200896
-0.0435462
0.0773508
0.0598678
0.0221099
-0.0022657
-0.0214982
-0.0112214
-0.0122117
-0.0461361
0.0485978
-0.0104962
0.0375314
0.0389108
-0.0044730
-0.0843562
0.1047499
-0.0190278
-0.0492055
-0.0885685
0.0770441
0.1784547
0.2427155
-0.1252366
-0.0201944
0.0545535
0.0859435
0.0026507
-0.0499325
0.0098204
0.0419623
0.0114209
0.0058508
-0.0138380
0.0133569
-0.0548233
-0.0447647
-0.0061293
0.0228610
0.0495088
0.0704567
0.0429196
0.0630857
-0.0387334
0.0138435
0.0583234
0.0546044
0.0271393
0.0135993
0.0033188
0.0139634
0.0563717
-0.0137074
-0.1217082
-0.1381669
-0.0956392
0.0815833
0.2041087
0.0166346
-0.0330099
-0.0470167
-0.1230477
-0.0465612
0.1484321
0.1248988
0.0525625
-0.0196123
-0.0821080
-0.0999323
-0.0180330
0.0240793
-0.0247543
0.0142996
-0.0104339
-0.0086606
0.0027020
-0.0100291
0.0488276
0.0103257
-0.0222423
-0.0124557
0.0019995
0.0168643
0.0014432
-0.0844493
0.0710405
0.0171479
0.0037165
0.0239435
-0.0748811
-0.1332501
-0.0087943
-0.1522731
-0.0860319
-0.0218473
0.0449593
0.0996318
-0.0636550
-0.0074999
-0.0472083
0.0178036
0.0308537
0.0385779
0.0794048
0.0075513
-0.0315335
0.0016708
-0.0417951
0.0234960
-0.0230001
-0.0260447
-0.0075850
-0.0326448
-0.0609710
-0.0480489
0.0649436
-0.0240265
-0.0657181
0.0177806
0.0018529
-0.0186281
-0.0473342
-0.0975884
-0.0552378
-0.0227985
-0.0917294
-0.0122487
0.0475009
0.0549088
0.0812489
0.0289654
-0.0047121
-0.0752720
0.0030894
-0.0203976
0.0314374
0.0689747
-0.0328350
-0.0274620
-0.0053552
-0.0711415
-0.0454309
0.0471499
-0.0491867
0.0672638
-0.0013476
0.0164720
-0.0400244
-0.0434459
-0.0607009
0.0300826
-0.0155864
0.0619195
0.0047902
0.0139734
0.0005357
-0.0143318
0.0319381
0.0770885
0.0084442
