0.0277652
0.0431671
0.0467260
-0.1785199
0.0706992
0.0233917
-0.0323145
-0.0078180
0.0024396
0.0158728
0.0431514
-0.0040260
0.0051024
0.0249468
-0.0097904
-0.0190218
-0.0227941
-0.0397291
0.0088841
0.0387827
-0.0390874
-0.0397228
-0.0093075
-0.0331495
0.0382324
0.0711384
-0.0357881
0.0011552
-0.1098234
-0.0680889
-0.0708413
-0.0580970
0.2278726
-0.0839401
-0.2359455
0.0084607
0.0774008
-0.0574799
-0.0363918
-0.0740593
0.0043702
0.0226429
-0.0325185
-0.0021258
0.0333654
0.0079521
0.0046950
-0.0384166
0.0215711
-0.0404131
-0.0211219
-0.0057337
0.0507190
0.0739780
-0.0556473
-0.0142110
-0.1906001
-0.0303598
0.0013228
0.0557738
-0.0632019
-0.0608853
0.0028280
0.0140758
0.0476444
-0.0535464
-0.0384625
0.0026450
0.0452388
0.0181799
0.0352955
0.0257177
0.0314140
0.0742468
0.0256862
0.0548115
-0.0226610
-0.0806738
-0.0231409
-0.1118873
-0.0771029
0.0128689
0.1167159
-0.0466722
-0.0500657
0.0289729
0.0383329
0.0525565
-0.0652620
0.0000638
0.0256582
0.0254247
0.0149485
-0.0396540
0.0305412
-0.0161165
0.0037232
-0.0086865
-0.0091123
0.0190371
0.0349750
0.0311134
0.0596488
0.0845933
-0.0010817
0.0516172
-0.0835621
-0.1088247
-0.0296774
-0.0380157
0.2166499
0.2287673
-0.2270510
0.0157125
0.0608643
0.0876373
-0.0261333
-0.0287735
-0.0745894
0.0028949
0.0291922
-0.0547484
-0.0507534
0.0247347
-0.0383066
-0.0113291
0.0097032
-0.0181130
-0.0213857
0.0526593
-0.0100661
0.0554631
0.0326588
0.0772853
-0.0769121
-0.1564885
-0.1601401
0.0676639
-0.0200157
-0.0528177
0.0180605
0.0237147
-0.0568718
0.0093566
-0.0405551
0.0544112
0.0130246
0.0048256
0.0274901
0.0429676
0.0245571
-0.0358792
-0.0396267
-0.0163947
-0.0020535
0.0071892
-0.0540275
-0.0215949
-0.0791369
0.0867578
-0.1199574
-0.0541495
0.0160935
-0.0383975
0.0331277
0.0084310
-0.0270959
0.0334830
-0.0448433
0.0210294
0.0311144
0.0556581
-0.0450180
-0.0044062
0.0033776
0.0420070
-0.0483723
-0.0127817
-0.0406013
-0.0332256
-0.0364008
-0.0074923
0.0436553
-0.0435634
0.0223198
-0.0603391
-0.0774364
-0.0343657
-0.0209013
0.1237859
-0.0412786
-0.0133592
0.0830587
0.0828207
0.0808216
0.0266337
0.0367605
-0.0188537
0.0398385
0.0239953
