-0.0573257
-0.0140291
-0.0099031
-0.0811866
0.0948484
0.1652762
-0.1378863
-0.1985581
-0.3611842
-0.0146667
-0.1287694
-0.3200238
-0.1128160
-0.0919196
-0.0893836
0.0917395
0.1322110
0.1340632
0.0392593
-0.0065107
0.0044797
-0.1066137
-0.1049100
-0.0174868
0.0597660
0.0646846
0.0290174
0.0155339
-0.0161010
0.0152906
-0.0425859
-0.0547506
0.0126124
0.0776361
0.0229885
-0.0365989
-0.0451583
0.0511431
0.0291660
0.0556423
0.0749522
0.0128158
-0.0635807
0.0213526
0.0176119
0.0220132
-0.0354567
-0.0098689
0.0265981
-0.0412926
0.0379929
-0.0332482
0.0983428
0.0569995
-0.1349762
-0.1936983
-0.3371001
0.0457422
0.1030107
0.0534390
-0.0466362
-0.1003695
-0.0403904
0.0469565
0.0375963
0.0177668
0.0409946
-0.0204952
0.0067033
0.0282928
0.0359282
0.0103633
0.0354514
0.0202667
-0.0220860
0.0486260
0.0199844
0.0364813
0.0630630
0.0593488
0.0373899
0.0623781
-0.0096580
-0.0233916
0.0510293
0.0692546
-0.0470013
-0.0028921
-0.0048067
-0.0621283
-0.0056431
0.0135317
0.0023516
-0.0560976
-0.0122527
-0.0254376
0.0552433
0.0459850
0.0359843
-0.0143625
-0.0185545
-0.0081923
0.0383617
-0.0362869
0.0201948
-0.0347914
-0.0180056
0.0311653
-0.0630008
-0.0792334
-0.0141032
-0.0534316
-0.0199114
0.0647359
0.0482674
0.0462976
-0.3692953
0.6306709
0.6986605
-0.4131798
-0.1389706
0.1327043
0.0718591
0.0276308
-0.0691616
-0.0163143
0.0532367
0.0001842
0.0703179
-0.0199813
-0.0611830
0.0715264
-0.0600955
0.0182269
0.0678661
-0.0236479
-0.0683348
-0.0140464
-0.0233336
-0.0628813
0.0206610
-0.0260642
0.0092038
0.0043229
0.0029516
0.0699147
-0.0541337
-0.0182092
0.0437801
-0.0020758
-0.0526181
0.0703452
0.0682589
0.0373057
0.0613872
0.0671069
0.0134140
0.0435732
-0.0359956
-0.0547648
-0.0459345
-0.0072756
-0.0655413
-0.0487460
0.0229903
0.0382888
-0.0008521
0.0193596
0.0085589
-0.0412945
0.0465742
-0.0485626
-0.0136041
-0.0190221
0.0166797
-0.0028304
0.0414892
-0.0158284
0.0085163
0.0180649
0.0766838
-0.0336106
0.0685430
0.0829430
-0.0528880
-0.0570956
-0.0612833
-0.0450580
-0.0442626
-0.0366593
0.3363822
-0.4716307
0.1062235
0.1586518
0.1858906
-0.0857028
-0.0080414
-0.0994649
-0.0044880
0.0027509
