0.4440906
-0.0381952
0.0176846
0.0632644
0.0836529
-0.0642986
-0.0799700
-0.0272014
-0.0801295
-0.0688750
0.0370425
0.0406655
-0.1282847
-0.4597693
-0.0252721
0.0436337
-0.0209572
0.0656163
0.0417924
-0.0657092
0.0054019
0.0471322
-0.0187908
0.0421301
-0.0109091
0.0244302
0.0098021
-0.0849403
-0.0615624
0.1354954
0.2551000
-0.0524834
-0.1190065
0.0395652
-0.0879047
0.0047811
0.0482674
0.0324353
-0.0733054
0.0593932
-0.0272318
-0.0224844
0.0421446
0.0026380
0.0856395
0.0355347
0.0228737
-0.0069361
-0.0556784
-0.0777772
0.0517033
0.0320045
0.0471605
0.0405612
0.0599525
-0.0901788
0.1055827
-0.0330600
-0.4088391
0.0436836
0.0594668
-0.0116924
-0.0141336
0.0453758
0.0138677
0.0308097
-0.0133434
-0.0076839
0.0185599
-0.0004553
0.0728909
-0.0210856
-0.0349240
-0.0192479
-0.1015586
0.3026175
-0.1316441
-0.4574419
0.1037109
0.0817817
-0.0406191
-0.0124344
-0.0004469
0.0618665
-0.0265981
-0.0515555
0.2551872
-0.3650683
-0.1433599
0.0788638
0.1193733
-0.0219740
0.0488636
-0.0163440
-0.0681145
-0.0103114
-0.0409015
0.0049693
0.0788935
-0.0041907
