0.3210927
-0.0946933
0.0581963
0.0023530
0.0627342
-0.0182593
0.0090926
-0.0718196
-0.0141438
-0.0408949
-0.0407563
0.0238516
0.2920202
-0.0371311
-0.0894004
-0.0343011
0.0269514
0.0581642
-0.0679032
0.0245314
-0.0150580
0.0194506
0.0618391
0.0019477
0.0479572
-0.0211887
-0.1889552
-0.0032706
0.3210725
-0.3234117
0.0724097
0.0996842
0.0407868
-0.1206799
-0.0430282
-0.0309595
0.0688333
0.0126596
0.0530537
0.0197805
0.0327657
0.0156089
-0.0735754
-0.1133821
-0.0931274
-0.0804318
-0.1290460
0.0262350
-0.0235325
0.0725243
-0.0761887
-0.0506123
0.0701130
-0.1083118
-0.0076204
-0.1791938
0.0510409
0.1361117
0.0293882
-0.0278340
0.0225050
0.0476598
-0.0252855
0.0091302
0.0089402
0.0795492
-0.0045749
-0.0029921
-0.0518428
-0.1249926
0.2362637
0.1199304
-0.3396603
-0.1474802
0.0626125
0.0511677
0.0211081
0.0157539
-0.0621709
0.0552561
-0.0181257
0.0124667
-0.0678181
0.2933566
0.1526145
0.1539307
-0.0611615
-0.0180903
0.0164102
0.0405059
0.0689767
0.0215607
0.0315078
0.1050808
0.0235721
-0.1407479
-0.1713962
0.2153285
-0.1060715
-0.2789361
