-0.0252509
-0.0284692
-0.0302079
0.0557205
0.0652343
-0.0293032
-0.0450441
-0.1268338
-0.0642146
0.0365846
-0.1453169
-0.5334498
-0.0620758
0.0658201
0.1473395
0.1690554
0.0381560
0.0324288
-0.0196727
-0.0908976
-0.0888541
-0.0298294
0.0416151
0.0246740
0.0823454
0.0241920
-0.0260573
-0.0095550
-0.0059246
-0.0427939
-0.0241787
0.0548908
0.0087025
-0.0304935
0.0100803
-0.0144077
0.0450498
0.0370566
-0.0441593
0.0084985
-0.0443830
-0.0327261
-0.0290723
-0.0051202
0.0470079
0.0055480
-0.0372638
-0.0075529
-0.0355537
0.0243447
0.0273984
-0.0111253
0.0120895
-0.0050669
-0.0364039
0.0279589
-0.0210220
-0.0385103
0.0008614
-0.0085628
0.0302395
0.0239962
-0.0493338
0.0162146
0.0145792
0.0120387
-0.0249023
0.0112861
0.0053207
-0.0193840
-0.0292516
-0.0139971
-0.0445420
-0.0290639
-0.0377399
-0.0156661
-0.0525109
-0.0488339
-0.0041600
0.0405368
-0.0078923
-0.0001900
-0.0279154
0.0016878
0.0208709
0.0257597
-0.0314169
-0.0132292
0.0418237
-0.0568851
0.0188601
-0.0034918
0.0006434
0.0532221
-0.0547448
-0.0129799
-0.0437385
0.0704138
0.1088887
0.1989804
-0.0208439
-0.0584419
0.0297775
0.0212711
0.0293893
0.0768357
0.0216659
-0.0633884
-0.0621906
-0.0726746
-0.0350507
-0.0486095
0.0301210
-0.0135020
-0.0036942
-0.0573022
0.0132957
-0.0122034
-0.0457493
-0.0484897
0.0252627
0.0382525
0.0334383
-0.0222328
0.0122438
0.0385666
0.0234186
-0.0272844
-0.0294694
-0.0461989
-0.0507699
-0.0375249
-0.0372092
0.0399779
-0.0172739
0.0213866
-0.0289857
-0.0378583
0.0339217
0.0016204
0.0197205
-0.0498719
0.0131479
0.0515656
-0.0405444
-0.0143675
0.0404097
-0.0446658
-0.0141923
0.0299621
-0.0210256
-0.0054759
-0.0138750
0.0270571
-0.0233622
-0.0190934
-0.0018795
-0.0329738
-0.0386118
-0.0353553
0.0527544
-0.0001701
-0.0198694
0.0234415
-0.0038988
0.0065471
0.0143078
-0.0156120
0.0393347
-0.0043516
0.0033451
-0.0035724
0.0400085
0.0320895
-0.0081088
0.0413702
0.0337010
-0.0159545
0.0052255
-0.0356793
-0.0223936
0.0869090
0.0492113
0.0367989
0.0619196
-0.0543048
-0.1039139
-0.1758672
-0.1712260
0.0651097
-0.3110718
-0.1213975
0.0857358
0.0914461
0.0518645
-0.0596066
-0.0764721
-0.0247076
-0.0031253
0.0113304
