0.0394280
0.0676783
0.0099743
-0.0501744
-0.0407275
-0.0168962
-0.0433622
-0.0602832
0.0751363
0.0475884
-0.0666833
0.0575526
-0.0475619
0.0337127
-0.0727783
-0.0084254
0.0072097
-0.0269895
0.0148978
0.0221215
-0.0055414
0.0064047
0.0042404
-0.0716427
-0.0045692
0.0340842
0.0675063
0.0530749
0.0234499
-0.0121857
-0.0640122
0.0662060
-0.0457210
0.0634397
0.0570129
-0.0904148
-0.0116179
-0.0147004
-0.0003922
-0.0320896
0.0493557
0.0281908
-0.0963950
-0.1031242
-0.1248667
0.3796591
0.0790100
0.1209357
0.0716792
0.0320990
0.0043795
-0.0074092
-0.0603848
0.0265363
0.0165964
0.0331447
-0.0184903
0.0313273
0.0472406
-0.0416827
0.0284506
0.0232560
0.0535502
0.0556958
-0.0184766
-0.0655631
0.0391223
0.0342029
-0.0543442
-0.0211100
-0.0133245
-0.0524890
0.0058046
-0.0161546
-0.0435628
-0.0357554
0.0092569
-0.0378845
-0.0342205
-0.0151477
0.0132798
0.0737313
-0.0390285
0.0615533
0.0176788
-0.0584958
0.0296186
0.0308931
0.0205918
0.0255154
-0.0180040
0.0274884
-0.0054540
-0.0391061
-0.0122167
-0.0243034
-0.0440445
-0.0833440
-0.0038308
-0.0290286
0.1416390
-0.0027085
-0.0538086
-0.2010315
-0.3056600
-0.2245196
0.6935758
0.4478985
-0.4471115
-0.3522323
-0.1054002
0.0434679
0.1542418
0.0762183
-0.0540521
0.0275131
-0.0070785
-0.0087387
0.0805527
-0.0544225
0.0553319
-0.0655654
0.0445518
0.0767407
-0.0231025
0.0210775
0.0006344
-0.0606044
0.0099343
0.0394998
0.0244645
0.0324855
0.0109644
-0.0677504
-0.0306090
0.0079387
-0.0285208
-0.0689280
-0.0519761
-0.0664654
-0.0643463
-0.0168602
-0.0665548
-0.0366070
0.0523859
-0.0047753
-0.0517406
-0.0074186
0.0253499
0.0547213
-0.0323759
-0.0158133
-0.0520281
-0.0312033
-0.0058849
0.0296543
-0.0718975
-0.0682188
0.0222660
0.0154432
-0.0723096
-0.0191350
-0.0219476
0.0213288
0.0391656
-0.0607333
-0.0273879
-0.0565171
0.0048520
-0.0163916
-0.0302888
-0.0050817
0.0531638
-0.0612258
0.0176219
-0.0343841
-0.0552702
-0.0173666
0.0032368
-0.0284693
-0.0259014
-0.0412075
0.0217840
-0.0493676
-0.0372625
-0.0523692
0.0230337
0.0379746
0.0104222
0.0534590
-0.1027508
-0.0971336
0.1250718
0.2118853
0.3268542
-0.1620488
-0.0116564
0.1798090
0.1238793
0.0403092
