0.2939097
0.0072350
-0.0069589
0.0661716
-0.0428790
-0.0986110
0.0083043
-0.0336331
-0.0586546
-0.0174154
0.0350804
-0.0129741
-0.1657782
-0.2436585
0.0188310
-0.0492729
-0.0448246
-0.0008833
-0.0020727
0.0237650
-0.0161054
-0.0148892
0.0543940
0.0606163
0.0439501
0.0092380
-0.1037806
-0.0970111
-0.0792673
0.4362399
-0.1450373
-0.3945858
0.1076812
0.0631171
-0.0079535
-0.0037134
-0.0374005
0.0581071
-0.0052851
-0.0564332
-0.0665086
-0.0452181
0.0914212
0.0030341
0.0060760
-0.0248362
0.0211155
-0.0193861
-0.1032426
-0.0577772
-0.0296106
0.0086850
0.0378595
0.0490988
-0.0619635
0.1683108
0.5323789
-0.4982135
-0.2314936
0.1824920
-0.0259353
-0.0603551
-0.0183927
0.0553870
0.0445062
0.0022910
0.0481041
-0.0230852
-0.0262482
0.0294609
-0.0204190
-0.0567374
-0.0603388
-0.0628819
-0.0945792
0.2595899
-0.1488991
-0.5317650
0.1407418
0.0720104
-0.0860668
0.0324641
-0.0093880
-0.0148950
-0.0888255
-0.0548908
0.0132353
-0.4405909
0.0793273
0.1124348
0.0413744
-0.0052187
-0.0186151
-0.0477019
0.0269548
0.0142908
-0.0439462
0.0172515
-0.0051112
0.0534115
