0.3874775
0.0383461
-0.0443001
-0.0511633
0.0115825
0.0081366
0.0323889
-0.0543818
-0.0434010
0.0031889
0.0014570
0.0323172
0.0008854
0.0056451
-0.0218603
-0.0099266
0.0238496
-0.0398325
0.0076255
-0.0602088
-0.0009671
-0.0102619
0.0124350
0.0038106
0.0434153
-0.0239120
0.0057244
0.0272047
0.0433530
-0.0267586
-0.0141394
0.0326245
0.0136106
-0.0139670
0.0623710
0.0364258
-0.0595272
-0.0020677
-0.0263543
-0.0628241
-0.1782666
-0.2351052
-0.1489930
0.0816256
0.3060944
0.3642506
0.1831513
-0.1227473
-0.0175198
-0.0246581
0.0487480
0.0042609
0.0361120
0.0171747
0.0205998
-0.0486795
0.0418719
-0.0019759
-0.0520227
-0.0299058
-0.0068224
0.0058585
0.0089459
0.0212841
-0.0118907
0.0004338
-0.0107788
0.0132601
0.0128172
0.0232530
0.0140205
0.0444298
0.0178647
0.0174970
-0.0041537
0.0183351
-0.0392927
0.0019083
0.0609397
0.0174912
-0.0527828
-0.2071835
-0.0123262
0.0514913
-0.0103418
-0.0161226
0.0228649
0.0433834
0.0201195
0.0185895
0.0059955
-0.0311322
0.0348953
0.0076643
0.0210330
0.0291260
0.0188024
-0.0270164
-0.0100775
-0.0388774
