0.0540874
0.0102355
0.0893561
-0.0218204
-0.0264087
-0.0636430
-0.0159496
0.0116553
0.0238850
0.1363300
-0.0743987
-0.1887883
-0.3654670
-0.1087643
0.2151910
0.7240573
-0.1072210
-0.3467476
-0.1685986
-0.0153327
0.0718025
0.0628319
0.1153742
0.0344627
0.0457404
-0.0730364
-0.0086877
0.0649761
0.0114516
0.0804402
-0.0036395
0.0298154
0.0001281
0.0074515
-0.0278986
0.0978526
0.0321930
-0.1344129
-0.3105105
-0.2651584
-0.1276116
0.2919081
0.5678651
0.2133385
-0.1734083
0.0095654
0.0602627
-0.0478296
-0.0586987
-0.0019704
-0.0922574
0.0589532
0.0260114
0.0329209
-0.0540587
-0.0945779
-0.0050731
0.0666113
-0.1239748
-0.3751294
-0.1099344
0.3043621
0.6992012
-0.0070732
0.0042876
0.0696131
0.0283401
0.0090196
-0.0115204
-0.0213000
0.0186133
0.0836699
0.0759961
-0.0500118
-0.0529699
-0.0339859
0.0151395
0.0153660
0.0123930
-0.0361152
-0.0484973
0.0518915
0.0976036
0.0290564
-0.3196964
-0.1828532
0.5204312
-0.4696974
0.0356310
0.1410036
0.0703284
0.0338833
-0.0776611
-0.0359129
0.0115023
0.0794381
-0.0528252
0.0643116
0.0619644
0.0508064
-0.0200179
0.0003326
0.0215613
-0.0822191
0.0662376
0.0945646
0.0593439
0.0462051
-0.0344093
-0.0856581
-0.3277968
0.0064196
0.0400336
-0.4171017
-0.1314202
0.0065498
0.0995198
-0.0716151
-0.0009974
0.0072426
0.0176528
0.0302518
-0.0306559
-0.0600471
0.0130756
-0.0781057
0.0690128
0.0758892
0.0786778
0.1266626
0.1282229
0.0967714
-0.4273372
-0.3404060
-0.0575575
-0.0562037
-0.0182602
0.0700452
-0.0022413
-0.0180858
0.0132453
-0.0246813
-0.0170222
-0.0373457
0.0492351
0.0715358
-0.0717407
-0.0028347
-0.0394426
-0.0074239
0.0394159
-0.0040148
0.0032965
0.0078765
0.0311044
-0.2315428
0.6373391
-0.1514807
-0.3999302
-0.0251449
0.0498973
0.0670290
0.0105620
0.0762430
0.0779013
-0.0415908
0.0396026
-0.0420449
0.0375156
-0.0348873
0.0141412
-0.1048825
-0.0846654
0.0921427
0.0443860
0.0172753
-0.0052609
-0.0517649
-0.3253907
0.0922575
0.6838172
0.4675096
-0.4500945
-0.2620586
-0.0271892
0.0102738
0.0331885
0.0176813
0.0219129
0.0214485
-0.0604602
-0.0923191
-0.0200618
0.0125448
0.0072056
-0.0022614
0.0018613
-0.0820322
-0.0294146
0.0271498
