0.3219003
-0.0233725
0.0068776
-0.0058013
-0.0275937
-0.0117158
0.0029507
-0.0065325
-0.0146229
-0.0363110
0.0315613
-0.0195112
-0.0291084
0.0023375
0.0364916
0.0485461
-0.0188620
0.0052201
0.0001746
-0.0054867
-0.0187909
-0.0413748
0.0173880
0.0106845
0.0080948
0.0269062
-0.0126685
0.0252363
0.0071339
-0.0154193
0.0084110
0.0091692
0.0391687
0.0368085
0.0273456
0.0119748
0.0464688
0.0839989
-0.1854326
0.2649679
0.3944018
0.3476660
-0.0006152
-0.2090869
-0.2194717
-0.1662951
-0.0414946
-0.0693531
-0.0651155
-0.0075258
-0.0515948
-0.0266930
0.0403812
-0.0341130
-0.0069461
0.0018386
0.0137953
0.0200076
0.0020468
-0.0079759
-0.0291937
-0.0088507
0.0263973
-0.0189272
0.0323963
0.0112979
0.0157633
-0.0291918
0.0293591
0.0020610
-0.0179619
-0.0338221
-0.0559186
0.0541918
0.0053119
0.0498596
0.0134135
0.0187380
-0.0276198
0.0420308
0.0965442
-0.2354720
0.0005856
-0.0501369
0.0131772
0.0524384
0.0299649
-0.0238735
0.0318925
0.0196810
-0.0408892
-0.0230712
0.0000302
-0.0338676
-0.0206298
0.0010649
0.0441578
-0.0406365
0.0498523
0.0304437
