-0.2689808
0.5772473
0.1630368
-0.3708175
0.0678660
0.1098252
-0.0047087
0.0181577
0.0039084
-0.0897245
-0.0553971
-0.0558863
-0.0360352
0.0459802
0.0631641
0.0554181
0.0297197
-0.0287232
-0.0572817
-0.0988735
-0.0166149
-0.0585061
-0.0342253
0.0644814
0.0281313
-0.0577225
-0.2094835
0.1086931
0.4411488
0.5889552
0.3611888
-0.1035686
-0.0140717
0.0712415
0.0427483
0.0392894
-0.0527842
-0.0882269
0.0610388
-0.0159518
0.0117340
-0.0001773
-0.0336677
-0.0494119
0.0668754
-0.0161766
-0.0086312
-0.0159116
-0.0188969
-0.0286915
-0.1956897
-0.2636079
0.0572361
0.4972968
-0.0074510
0.0687896
0.0180917
-0.0134810
-0.0662918
-0.0268831
0.0909543
0.0909917
0.0878952
-0.0201641
-0.0811200
0.0482532
0.0110858
0.0205043
-0.1019699
-0.3686084
0.0867386
0.4890576
-0.3242673
-0.4698710
-0.2637422
-0.0333740
0.0304307
0.1321594
0.0266658
0.0644317
0.0881631
0.0154281
0.0007991
-0.0627086
-0.0083475
-0.0019076
-0.0473181
-0.0104331
-0.0128231
-0.0405916
0.1068629
0.0725401
0.0300577
-0.0636877
-0.2030905
-0.2535915
0.0693045
0.5791419
0.0659592
-0.2936442
-0.3205640
0.1017143
0.0772812
0.1208592
0.0744462
-0.0571701
-0.0577856
-0.0889090
0.0214522
-0.0367832
0.0777731
-0.0289622
0.0911096
-0.0492231
-0.0582551
0.0276392
-0.0679491
0.0449344
0.0817708
-0.0619381
-0.1311233
0.3571712
-0.4601406
-0.3192523
-0.0127296
0.0509815
0.0146397
0.0038442
0.0389110
-0.0242055
-0.0351040
-0.0035718
0.0346290
-0.0303424
0.0117717
-0.0061821
-0.0967358
0.1140767
0.0268433
0.0842258
0.0404599
0.0079014
-0.2508567
-0.1450047
0.5006734
-0.4224293
-0.0944707
-0.0532493
0.0036916
0.0122604
0.1011195
-0.0395431
-0.0747476
-0.0170158
-0.0161264
-0.0278225
0.0718089
-0.0502936
0.0624722
-0.0301468
-0.0133618
-0.0132578
0.0828077
0.2052324
0.4569219
0.0227130
-0.4099442
-0.0336873
-0.0691017
0.0513018
-0.0074443
0.1188527
0.1163082
0.0977829
-0.0253221
0.0373774
0.0220826
-0.0320094
-0.0469671
0.0932577
0.0216047
0.0003702
0.0506026
0.0411984
-0.0894453
-0.0770454
0.0103739
-0.0683087
0.0705183
-0.0173324
0.0839208
0.0242101
-0.3063910
-0.1514976
0.1762492
-0.4263779
-0.2200609
-0.0662164
-0.0228469
-0.0027207
