0.3415926
0.0268383
-0.0321895
-0.0348197
-0.0111006
0.0369799
-0.0153266
0.0201086
0.0074238
0.0504284
0.0226131
0.0297749
-0.0090251
0.0190784
0.0175545
0.0146906
-0.0401541
-0.0388005
0.0217027
0.0003216
0.0284892
0.0350386
0.0437456
0.0132769
0.0457582
-0.0082523
0.0110036
-0.0241654
-0.0065820
0.0252287
-0.0045659
-0.0086160
0.0185804
0.0507643
0.0180739
0.0255107
0.0613111
-0.0280742
-0.1318594
0.3934229
0.1688484
-0.0574066
-0.1977253
-0.2083430
-0.0807975
-0.0036795
-0.0169263
0.0363677
-0.0326532
-0.0184964
-0.0240258
0.0126938
-0.0062844
-0.0211365
-0.0252140
0.0240491
-0.0186923
0.0228735
-0.0024972
0.0219455
0.0400460
-0.0213090
-0.0031569
0.0258136
-0.0455471
-0.0146621
0.0237299
-0.0106225
-0.0110568
-0.0296856
-0.0541781
-0.0404774
0.0054783
0.0143601
0.0412097
-0.0020242
-0.0135075
0.0230012
-0.0460513
-0.0427996
0.0899173
-0.1120290
0.0067044
-0.0319663
-0.0394480
0.0395943
-0.0082046
0.0332149
-0.0173440
-0.0158560
0.0041602
0.0206163
0.0437786
-0.0047085
-0.0214639
0.0260126
-0.0104616
0.0427741
-0.0261009
0.0402343
