-0.0466894
0.0072656
0.0356412
0.0422958
-0.0411015
-0.0917803
-0.0064311
-0.0387532
0.0753454
-0.0153907
-0.0135461
-0.0525015
-0.0976900
-0.0142158
-0.0374591
0.0035685
0.0947725
0.0984387
0.1563606
0.0265795
-0.0953332
-0.1995001
-0.4114445
-0.4082494
0.4638652
-0.5087339
0.0065811
-0.0054067
0.0508587
0.0989503
0.1335956
0.0627101
-0.0869555
-0.0117405
-0.0045295
0.0857899
0.0135595
-0.0483730
-0.1107342
-0.0478028
-0.1089669
-0.0547383
-0.0260814
0.0659513
0.0008781
0.0938077
0.1185532
-0.0519847
-0.4810849
-0.2574229
0.0005649
0.0255736
0.0162082
-0.0011948
-0.0577338
-0.0213434
0.0921009
0.0252832
-0.0397358
-0.0028670
-0.0079757
-0.0721115
0.0237505
-0.0593425
-0.0571443
-0.1993833
0.1114924
0.4892457
-0.3266776
0.0527572
0.0243647
0.1121356
-0.0128930
-0.0524439
-0.0448389
0.0287219
0.0159302
0.0351509
-0.0330405
-0.0008800
0.0563201
0.0834288
0.0551950
0.0628655
-0.0193303
-0.0198551
0.0313223
0.0010068
0.1016965
-0.1847123
-0.2617234
0.6699496
-0.4241647
-0.4064232
0.0250708
-0.0320117
0.0883243
0.0239980
0.0562282
-0.0235345
0.0171276
-0.0194737
0.0175730
0.0368747
0.0523601
-0.0263770
0.0726560
0.0221003
0.0321470
-0.0897198
-0.0683132
-0.0026583
0.0101971
0.1195521
0.1053812
0.0259566
-0.2809647
0.6934860
0.4952506
-0.3896896
-0.0453728
0.1034795
0.0306865
-0.0509048
0.0239113
0.0088320
-0.0274397
0.0030346
0.0232930
-0.0169611
0.0698439
0.0972941
0.1348335
0.0267238
0.0917920
0.0316212
-0.1135284
0.6540394
0.2233935
-0.2583011
-0.4160516
-0.2000526
0.0431715
0.0818357
0.0162636
-0.0519104
-0.0256130
-0.0223368
-0.0806270
0.0468180
-0.0557313
0.0866802
-0.0061054
0.0224548
-0.0272328
-0.0500202
0.0823797
0.1043704
0.0798174
-0.0165068
-0.0121393
0.3494871
0.1623904
0.1514348
0.1109883
0.0432805
0.0273948
-0.0095325
-0.0848264
-0.0544074
-0.0189493
-0.0248854
-0.0412028
0.0520629
0.0271264
-0.0010988
-0.0030280
-0.0319254
-0.0865299
-0.0012789
-0.0002574
-0.0000304
0.1228208
0.0686287
0.0294180
-0.1185891
-0.1498447
-0.3136399
-0.3741279
-0.1388178
-0.1471564
-0.1926077
-0.0198795
0.0449473
0.1309795
0.0037337
-0.0314639
0.0273513
-0.0018222
0.0103020
