-0.0948392
-0.0195998
-0.0309730
-0.0577369
-0.0683101
0.0172888
-0.0732128
-0.1130784
-0.0221920
-0.0016493
0.0163866
0.0269723
-0.1525398
-0.1041306
-0.1542003
-0.0339137
0.0926102
0.0204973
0.1014589
0.0159685
-0.0432151
-0.1216559
0.0087757
-0.1146756
0.0555868
0.0995704
-0.0334590
-0.0522926
0.0369417
-0.0538628
-0.0450607
0.0043935
-0.0019015
0.0857242
-0.0156299
0.0373495
0.0239589
0.0337583
-0.0392989
0.0045052
-0.0334452
-0.0682693
-0.0910112
-0.0501610
0.0241173
-0.0291858
-0.0562871
-0.0588864
0.0678129
0.0968014
-0.0222724
0.0139304
-0.0729750
-0.0459562
0.0021895
0.0825477
0.0127173
0.0500663
-0.0526414
0.0559573
-0.0018029
0.0463588
-0.0842575
0.0129444
0.0066621
-0.0068878
0.0566305
0.0383714
-0.0595248
-0.0794284
0.0009626
0.0694022
-0.0029673
0.0291913
0.0395715
0.0231085
-0.0471518
0.0332222
-0.0451474
-0.0245432
-0.0184993
0.0744396
-0.0309123
0.0467596
0.0669925
0.0300997
0.0620693
-0.0743123
-0.0124985
0.0631795
0.0100931
0.0554467
-0.1150494
-0.0305724
-0.0418740
-0.0526415
-0.0384161
0.0825313
0.0104334
0.1587055
-0.0288060
-0.0307779
0.0323088
0.0660116
0.1190918
0.0707967
-0.0879865
-0.0346446
-0.0141118
-0.0686824
0.0829503
0.0441288
-0.0103600
0.0000131
0.0328915
-0.0998510
-0.0474512
-0.0076082
0.0530135
0.0460063
-0.0927762
-0.0435387
-0.0023540
0.0441668
-0.0867951
-0.0830351
0.0409323
0.0775575
0.0276804
0.0372103
0.0693295
-0.0366469
0.0044937
-0.0842344
0.0218958
-0.0888889
0.0729397
-0.0577379
0.0023344
-0.0123374
-0.0044826
-0.0844836
0.0248496
-0.0811958
-0.0738959
-0.0589525
-0.0895449
0.0012025
0.0866427
0.0825398
0.0569988
0.0635097
-0.0293531
-0.0715196
-0.0839821
-0.0939595
0.0052655
0.0337010
0.0080354
-0.0151710
0.0326470
-0.0390502
-0.0118008
0.0809193
-0.0692926
0.0029398
-0.0810836
-0.0276485
0.0573740
-0.0078745
0.0861285
-0.0691450
-0.0340789
0.0775062
-0.0520343
-0.0296794
0.0122236
-0.0544146
-0.0279207
0.0152207
-0.0587901
0.0000869
-0.0545156
0.0310557
0.0436130
0.0586745
0.0367784
0.0592684
0.0249228
-0.0667673
0.0581177
0.1512857
-0.0194335
-0.1494357
-0.1063931
0.0606623
0.0147526
-0.0257638
0.0582300
0.0674477
