0.9556762
0.0528197
-0.0078427
-0.0799118
0.0497828
-0.0453454
0.0331234
0.0910044
0.0661558
-0.0122387
-0.0442225
0.0166728
-0.0291021
0.0034384
-0.0067816
-0.0949590
-0.2164627
-0.2585615
0.0542397
-0.0114862
0.0354224
-0.0628319
0.0843938
0.0845507
0.0326637
0.0428125
-0.0486365
-0.0337681
-0.0371186
-0.1247573
0.1137851
0.0682149
0.0684598
0.0756626
-0.2045265
-0.1852629
0.8405033
-0.1423336
0.1095666
-0.0060898
0.0024148
0.1584979
-0.1161271
-0.0237317
-0.1662637
-0.1391190
-0.1101491
-0.0655857
0.0133811
-0.0800804
0.1413557
0.1314570
-1.0764354
-0.0919698
-0.2544357
-0.0482359
0.1303958
0.0189000
0.0039698
0.0436521
-0.0914064
0.0819844
-0.0155160
0.0127195
-0.0479475
-0.0277583
-0.1476002
0.0024978
0.1540223
-0.0400207
0.4167132
-0.1760783
-1.2279066
-0.3871392
0.7916290
0.1055274
-0.0960343
0.1327327
-0.0482614
-0.0292633
0.0467107
-0.0296183
0.0697853
0.0150935
0.0975447
-0.0541356
0.4605542
0.6729398
-0.5385179
-0.9476395
-0.4703161
-0.1656563
0.1828380
-0.0145404
-0.1152522
0.0238630
0.1783291
0.0331106
-0.0391721
-0.0015715
