0.2738784
0.0756187
-0.0067914
-0.0372820
-0.0474566
0.0448111
0.0574466
0.0107889
-0.0346627
-0.0248170
0.0081690
0.0361282
-0.0310429
-0.0104759
-0.0030185
0.0113803
-0.0409154
-0.0051879
0.0079793
0.0035067
-0.0507904
-0.0106682
0.0269447
0.0095840
0.0046289
0.0293970
0.0154328
-0.0146796
0.0390823
0.0187692
-0.0178264
-0.0092863
-0.0780790
0.0344562
0.1427246
-0.0600353
0.3303947
-0.2205138
0.0631578
0.0882289
0.0922617
0.0480115
0.0509164
0.0415972
0.0178990
-0.0528558
0.0146771
-0.0763235
-0.0234298
-0.0099594
-0.0066212
0.0157100
0.0300176
0.0272264
0.0095291
-0.0118812
-0.0147638
0.0194684
-0.0178686
0.0131503
0.0000224
0.0247948
0.0120884
-0.0089459
0.0260922
0.0422604
-0.0054622
0.0078907
0.0136220
0.0389077
-0.0159429
-0.0959934
-0.0539227
-0.0271691
0.0346918
0.0801105
0.0601746
-0.0581256
-0.1071603
-0.0331700
0.2787751
0.0062969
0.0473690
0.0599207
-0.0003082
0.0112073
0.0131384
-0.0008812
-0.0356050
0.0155254
-0.0212740
0.0174509
0.0329331
-0.0264569
0.0094616
-0.0047527
0.0034313
0.0184709
0.0172200
-0.0119314
