1.0398030
-0.0519963
-0.0065085
-0.1120377
0.1292755
-0.0786921
0.0020772
0.0754063
0.0091600
0.1611927
-0.1856377
-0.1282568
0.2745194
0.7723968
0.1298912
-0.0679172
-0.0348706
-0.0807110
-0.0734677
0.1118050
0.1031510
-0.0632461
0.0762914
-0.0988094
0.0673606
-0.1148122
0.0628809
0.1739239
0.3768597
-0.4875219
-0.1208919
0.5911929
0.0646630
-0.1231836
0.1256485
-0.0153714
-0.0446398
0.0900290
-0.1050322
0.0885859
0.1422982
0.0713573
0.0654187
0.1259260
-0.0207706
-0.0121162
-0.1642275
-0.1433827
0.8110036
0.0255510
-0.1434535
-0.0207088
-0.1459533
0.0610588
-0.0368298
0.1930065
0.3736219
-0.0867626
-0.6157062
0.8937451
-0.2342640
-0.1122025
-0.1168821
0.0929596
-0.0498682
0.0854438
-0.0968728
-0.0921019
-0.1251874
0.0489476
0.1748743
0.0352926
-0.0185483
-0.1084266
-0.0818910
0.0209691
0.1985799
0.0358061
-0.3036964
0.8274221
-0.2070682
0.0351291
-0.1338082
-0.0010097
-0.0059384
-0.1032658
0.1496333
0.2864386
-0.0144307
-0.1727806
-1.0448010
-0.1546423
0.1953425
-0.1363028
0.0130087
0.0108585
0.0181599
0.0638012
-0.0198058
-0.0246787
