0.1527618
0.0452987
0.0569222
0.0018637
-0.0697927
0.0556496
0.0438430
-0.0657530
0.0282043
0.0239239
0.0831913
0.1251272
0.0502012
0.0190298
0.0531681
-0.0405510
0.0140585
-0.0555662
-0.0797973
0.0097500
-0.0089330
-0.0148713
0.0206557
0.0126814
-0.0043856
-0.0367258
0.0432727
-0.0223889
-0.0287957
-0.0438674
-0.0710651
0.0450381
-0.0777240
-0.0307681
0.0062559
0.0275972
-0.1005488
0.0160468
-0.1774954
0.0040984
0.0637935
0.1160864
0.1145188
-0.0726161
-0.1770476
-0.1233645
-0.0767965
-0.0289343
0.0024823
-0.0385284
0.0172015
-0.0440582
0.0588687
-0.0208485
0.0049402
-0.0519745
0.0691936
0.0024724
-0.0125499
0.0988640
-0.0578109
0.0011647
0.0240678
-0.0543714
0.0257739
-0.0434627
0.0073795
0.0471812
-0.0912556
0.0291092
0.0172754
0.0488651
-0.0048432
0.0795794
-0.0199674
-0.0541451
-0.0423540
0.0420068
0.0761081
-0.0692198
-0.0715232
-0.0972361
0.0019626
-0.0072613
0.0221418
-0.0172855
-0.0568989
0.0370126
0.0409146
0.0294258
0.0424307
-0.0524079
-0.1122813
0.0606432
-0.0029231
0.1111367
-0.0497015
-0.0077175
-0.0209146
-0.0714141
