-0.2199292
0.3375815
0.1903302
-0.0770003
-0.2733475
-0.1042477
-0.0877222
0.0730365
-0.1163720
-0.0776574
-0.1115089
-0.1610738
0.0359220
-0.0172116
0.1227741
-0.0680472
-0.0635846
0.2257751
0.0626749
-0.0487388
-0.2381258
-0.1775580
-0.1854693
-0.1668187
0.2330165
-0.0966540
-0.2034293
-0.0006999
-0.1825413
-0.2475611
-0.2201300
-0.0534335
0.4391586
-0.1580271
-0.3525382
1.8734644
0.5913493
-0.6806469
-0.2387486
-0.1772356
-0.0997057
0.3384373
0.2150248
0.1490338
0.2602143
-0.0543990
0.2489661
-0.1090968
0.0163573
-0.0674183
-0.1465906
0.0407994
-0.1290101
0.2030106
0.0086269
-0.1293308
0.1270608
0.2496481
0.1918334
-0.1527001
0.0381134
-0.0137866
-0.2054358
0.1065102
0.0410278
-0.9743892
-0.6518405
1.2497330
-0.8700833
-0.2299972
-0.0447706
0.2564009
0.0897339
0.1966432
0.1919173
0.1349696
-0.0322349
-0.2001939
-0.2136925
-0.1085611
-0.1966033
0.1203653
0.1866626
-0.1665864
-0.0530913
0.0709712
0.1641995
0.1022045
0.0345083
-0.0904011
-0.0496252
-0.0151231
-0.0719632
0.2481492
0.0063871
0.1344599
0.1127448
-0.1008799
0.0249610
-0.1884235
-0.2315545
0.4806371
0.4834565
-0.0143739
-0.2276645
-0.9922699
-1.1709303
1.2563477
1.6394461
0.4784827
-0.2690242
-0.4038618
0.3990372
0.2468064
0.2954892
0.1328032
-0.2677992
-0.1796659
0.0068266
0.2342866
0.0302950
0.1238451
0.1470501
-0.0729023
-0.1372994
0.1666166
-0.2333191
0.1113810
-0.1643348
0.0118183
0.0631835
-0.1009491
-0.0456110
0.0648497
0.2446560
0.0379283
0.3057987
-0.7082585
-1.0202151
-0.5248399
1.0093337
1.6273595
-0.6425862
-0.4470246
0.0136690
0.0577867
0.2993568
0.2289793
0.1937693
-0.0856152
-0.2081991
-0.2234129
-0.1807654
0.0030382
0.0634308
0.1968131
0.0013744
-0.0721970
0.0275542
0.0738001
0.0173622
0.0948050
0.1101975
0.0126581
-0.0142116
-0.2444766
-0.2204601
0.0380889
-0.1327556
-0.2741353
0.1376401
0.1876998
0.4258127
0.4662799
0.0742318
-0.3930973
-0.8056656
1.5791572
1.4228557
-0.9410460
-0.4939041
-0.2562456
-0.2201645
0.3558938
0.3959658
0.2802854
-0.1019644
-0.0560185
-0.1785518
0.0112083
0.0414181
-0.0945117
0.1836090
-0.1025655
0.1361179
0.0002928
0.0460951
0.0625469
-0.0585394
0.1128809
