-0.0293301
0.0486432
-0.0884502
-0.1419273
0.1374476
0.1767998
-0.0143726
0.1059581
0.0729661
-0.0286020
-0.1444199
0.0261513
0.0833659
-0.0951964
-0.0399513
-0.1279981
0.0603211
0.1002834
-0.0280377
0.1702447
-0.0989089
0.0429642
0.1975863
0.0373096
-0.0104374
-0.0660001
0.0540909
0.1232028
0.1628401
0.1259769
0.2102152
0.3217793
-0.3561345
-0.5401116
0.3869181
-0.2972887
-0.2313251
0.0681375
-0.0195925
0.1935981
0.1393157
0.0580700
-0.1035378
0.1078227
-0.2691721
0.0477299
0.1422822
-0.0797753
-0.1064869
-0.0265990
0.0391064
-0.0344157
-0.1028033
-0.1076662
-0.0044296
-0.2193268
0.1754908
0.1600890
0.0604121
-0.1305617
-0.1220887
-0.1227369
0.1955804
-0.1503505
-0.2615364
0.6576065
1.0789934
-0.3642074
-0.2870225
0.1227378
0.0953141
0.1501218
0.0401585
-0.0231755
-0.2203328
-0.2064425
0.1271486
-0.1906811
-0.1459549
-0.0782625
-0.0357281
0.0977891
-0.1561181
0.0360449
-0.0518464
-0.0567232
0.0304855
0.1454572
-0.1576410
0.1340254
0.0956018
0.2027665
0.1644651
0.0347753
0.1129838
0.1022002
0.1045239
0.0199547
-0.1094264
-0.0827407
0.0983967
0.2889043
0.0598468
-0.1059427
-0.0798243
-0.4091922
-0.4837476
1.2650588
0.7947402
0.0332028
-0.3367165
-0.1112687
0.1254836
0.0741776
-0.0350198
0.0390318
-0.0351849
0.2143955
0.1583319
0.0988146
0.1139093
-0.1214121
0.0817384
0.0625862
0.0647974
0.1231107
0.1166019
0.0550443
-0.1728221
0.1742387
0.1757949
0.0702355
-0.0881285
-0.1690792
-0.0681932
-0.1193828
0.0032881
-0.2287900
-0.3441562
-0.2079343
-0.7255281
-0.6729430
1.6852534
0.1665937
-0.3794415
-0.2277868
0.0478548
0.0172497
0.1006133
0.0664973
0.0261913
-0.1550206
-0.1224781
-0.1475449
0.1340548
-0.1320483
0.1540127
-0.2375345
0.1052208
-0.1554053
-0.0761241
-0.1288872
-0.0891278
0.0714777
0.1284953
-0.0390623
-0.2010037
0.0160856
-0.0582332
0.0014973
-0.2356253
-0.2437359
0.0220893
0.1253731
0.2778773
0.0904563
-0.0620346
-0.4336926
-0.9048107
1.0976201
1.1480063
0.3212162
-0.9618044
-0.3902351
-0.0342153
0.1338738
0.3718819
0.2548317
-0.0084995
0.1099455
-0.0315602
0.0831335
0.2183294
-0.1136899
-0.1048761
0.1517688
-0.2131502
0.1527160
-0.2123916
-0.0774843
