0.0224729
-0.0293842
0.0594050
0.0869432
0.0228043
0.0234273
-0.0414492
-0.0215981
-0.0213548
-0.0338480
0.0357177
0.0216095
0.0329244
0.0340023
-0.0463145
-0.0389595
0.0353283
0.0748778
-0.0655441
0.0828423
0.0255010
-0.0380353
0.0502540
-0.0076381
0.0688770
0.0208955
-0.0059563
0.0833646
0.0484835
-0.0561147
0.0628503
0.0344173
-0.0299773
0.0972205
0.0143524
-0.0221473
-0.0131539
-0.0168491
0.0884458
0.0279729
0.1122080
0.0845811
-0.0192855
0.0073736
0.0109988
-0.0809113
0.1724903
-0.0951260
-0.2301342
-0.1005908
0.0645280
0.1156229
0.1843508
-0.0060666
-0.1396085
0.0965354
0.0320143
0.0261489
-0.0246944
0.0660910
0.0785081
0.0230392
-0.0045028
-0.0536298
0.0178623
0.0208042
0.0587591
-0.0832383
-0.0834859
-0.0715440
-0.0305922
-0.0412540
0.0479789
-0.0745982
-0.0678348
0.0164837
0.0716030
0.0584132
0.0913219
-0.0352502
-0.0478124
0.0159769
0.0568603
-0.0149504
0.0893332
0.0445213
0.0695022
-0.0845878
0.0375329
-0.0710345
-0.0854442
0.0587506
-0.0939037
-0.0834426
-0.0052664
-0.0609757
-0.0053570
0.0206787
-0.0133174
-0.0876379
-0.0610357
-0.0577090
0.0201020
-0.0851773
-0.0434678
0.0797309
-0.0080469
0.0784282
0.0176785
0.0105985
0.0791349
0.0298001
-0.0559708
0.0706301
-0.0536042
0.0449981
0.0849942
0.0463050
-0.0320473
-0.0456663
-0.0948392
-0.0309730
-0.0401887
-0.0472297
0.0085413
-0.0732128
-0.0491133
-0.0016493
-0.0025946
0.0683842
0.0556562
0.1230073
0.1548033
-0.0370562
0.0159685
-0.0432151
-0.1216559
-0.0447962
0.1217840
0.0995704
0.0226116
0.0444516
-0.0522926
-0.0538628
-0.0869626
-0.0422183
0.0453355
0.0857242
-0.0926553
-0.0220389
-0.0192134
0.0373495
0.0239589
0.0173045
0.0337583
-0.0334452
-0.0019810
0.0427110
-0.0475600
0.0169414
0.0123813
0.0785120
0.0678129
-0.0459562
0.0373211
0.0658321
0.0021895
0.0655820
0.0741023
0.0825477
-0.0278635
-0.0800042
-0.0555420
-0.0353621
0.0503891
0.0500663
-0.0526414
0.0231492
0.0394128
-0.0842575
-0.0193841
0.0569045
-0.0036545
-0.0579164
0.0129444
-0.0680922
-0.0561626
-0.0068878
0.0566305
0.0458312
-0.0837872
0.0197018
0.0426521
0.0615093
0.0694022
0.0231085
-0.0068065
0.0332222
-0.0451474
-0.0245432
