-0.0076321
-0.1237810
-0.0554188
0.0458373
0.1027060
-0.1387208
0.0221246
0.1758604
-0.0352368
0.1558804
-0.0418236
-0.0601225
-0.0262502
0.1956509
-0.0866887
0.0163426
-0.1910241
-0.0667751
-0.5198080
0.7226723
1.0405190
0.6197250
-0.4764412
-0.3210236
-0.2153900
0.1328654
0.2594325
-0.1362491
-0.0943905
-0.0734852
-0.2601522
0.1026397
-0.0026666
-0.0095751
-0.0147823
-0.0960150
0.0814653
-0.1867604
-0.0275826
-0.0664235
-0.1328762
-0.1835838
-0.1554792
-0.0898737
-0.1681907
0.1403927
-0.0059653
-0.0644496
0.0883784
0.0319037
-0.0000506
0.1357926
0.0811078
-0.0650442
-0.0268316
0.0223171
0.1640684
-0.5385569
-0.1876976
-0.0224709
-0.0675900
0.0443246
0.2592197
0.0602291
-0.0664580
0.1459260
-0.1606905
-0.1661223
-0.1462473
0.1501698
-0.0047386
-0.1490224
0.0871961
-0.0488136
-0.1184372
0.1516212
-0.1861577
-0.1746889
-0.0907872
-0.1843330
0.1621459
-0.2037148
0.1789144
-0.0377377
-0.1584213
-0.1780087
-0.0443368
0.0959822
0.0907057
-0.2078447
0.2260256
-0.4029541
0.7308837
0.8602294
-0.1857482
-0.2328228
0.0001558
0.0657374
0.0467657
0.1330562
0.0275976
0.0042580
0.0791759
-0.1973062
0.0285268
0.0408451
-0.0733394
0.1201049
0.0744361
-0.1615639
0.1455856
0.1507446
0.1081156
-0.1376569
-0.1708751
-0.0372348
-0.1218253
0.1722700
0.1062686
-0.1315075
-0.0224898
0.1225866
-0.0476568
-0.1414172
-0.0219887
-0.0952449
-0.0523129
0.0772238
-0.0961520
0.2816533
-0.2096989
0.0703220
-0.0912114
0.2434975
0.0873428
-0.0815327
0.1220777
0.0250700
0.1331781
0.1250880
0.0678113
0.1055088
0.1807035
0.2193523
0.1870159
-0.1650987
0.1344657
-0.1984581
0.1497833
0.2137776
0.1622518
-0.0903840
-0.0121890
-0.1286909
0.1541756
0.0348525
-0.1558407
-0.0998652
-0.0254627
-0.0593281
-0.0128419
0.1243147
0.2667420
-0.7978199
-0.4756408
1.0901391
-0.1448331
-0.3333994
-0.3982595
0.0178351
-0.1413324
0.2673807
0.1982790
-0.0721083
0.1122280
0.0125864
0.0289576
-0.0425779
0.0102878
-0.0008863
0.0057205
0.0534367
-0.1596423
0.0107678
-0.1225272
-0.1776981
0.1959680
0.1857817
0.0934504
-0.0534644
-0.0239513
-0.1121542
-0.1368734
0.2129883
-0.0204699
0.0971278
-0.0176177
-0.0471808
-0.1032200
-0.0966391
