0.6685571
0.0650541
-0.0877303
0.0627937
0.0017125
-0.0209682
0.0273968
-0.0086842
0.0431983
-0.0782639
0.0453136
-0.1287948
0.5413063
0.4569023
0.0471296
-0.0337564
0.0337108
-0.1641692
-0.0515327
-0.0062712
0.0430277
0.0048073
-0.0362112
-0.0677163
-0.1165122
-0.0137098
-0.1787309
-0.1519204
-0.0866831
0.0511698
-0.9421896
0.1030790
-0.0051848
-0.2015206
-0.0063596
-0.0219440
0.0198691
-0.0734533
0.1030279
0.0247403
0.0644229
0.0159280
0.0999741
0.0532608
0.0521841
0.0652860
0.0898827
-0.0117808
0.6946622
0.0963192
-0.1777940
-0.0338099
-0.0492271
0.0991530
-0.0726184
-0.1436249
-0.0776570
0.7074920
-0.2598775
0.4111070
-0.2054645
-0.2176128
-0.1352460
0.0267840
-0.0163607
0.1239963
-0.0862342
0.0970439
-0.0277790
-0.0433530
-0.0597512
-0.0983846
-0.0488552
0.1182889
0.0314402
-0.0673518
0.0302641
0.2891611
-1.0372696
0.7896971
-0.0531878
-0.1013352
0.0411249
0.0527725
-0.0168209
0.0729558
-0.0544939
-0.0101836
0.4414232
0.6673705
-0.3404470
-0.2147002
0.0724104
0.0117416
0.0636864
0.0108386
-0.0302071
-0.0993955
-0.0632958
-0.0731041
