-0.0036885
0.0014675
0.0521966
0.0174753
0.0256074
0.0148238
-0.0539850
0.0219283
0.0002201
0.0439891
-0.0166947
0.0638208
0.0620260
0.0153709
-0.0205671
0.0490888
0.0559780
-0.0097083
-0.0050305
0.0094866
-0.0602137
-0.0231337
-0.0336079
0.0627252
0.0535346
-0.0121745
0.0160845
0.0259819
0.0371591
0.0243747
0.0187723
0.0288389
0.0282714
-0.0018103
0.0357331
0.0625727
0.0192150
-0.0156170
0.0308055
-0.0274384
0.0914554
-0.0025822
-0.0079313
0.0535376
-0.0348012
-0.0720809
-0.1539858
0.0616703
0.0203235
-0.0216668
0.0618232
-0.0303348
0.0011504
-0.0563799
0.0291973
0.0096345
0.0292413
0.0034219
-0.0482531
0.0549000
-0.0645415
0.0590289
0.0564378
-0.0295522
0.0306841
-0.0214732
0.0485633
-0.0076281
-0.0029817
0.0509067
0.0073456
-0.0284707
-0.0602471
-0.0325287
-0.0431593
0.0129950
-0.0465555
-0.0348872
0.0625587
-0.0275023
0.0690832
0.0460542
0.0044392
-0.0655508
-0.0107922
-0.0312949
-0.0526900
-0.0425865
-0.0520490
-0.0258676
0.0551286
-0.0733893
-0.0189409
-0.0322935
0.0636883
0.0192768
-0.0132338
-0.0908064
-0.1322093
-0.1144242
-0.0804144
0.1144033
-0.1617614
-0.1882100
-0.0738343
-0.0663681
0.0790179
-0.0082313
0.0385660
0.0039682
-0.0861411
-0.0624242
-0.0148964
0.0013910
-0.0471438
-0.0366281
-0.0165040
0.0101348
-0.0558171
0.0272394
-0.0079876
-0.0087835
-0.0180184
-0.0357374
-0.0010637
-0.0556084
-0.0494709
0.0648435
0.0652972
-0.0323970
0.0505657
0.0632186
0.0594154
-0.0628951
-0.0032584
0.0511784
0.0652407
0.0617812
-0.0536092
-0.0045725
-0.0158252
-0.0216402
0.0158353
-0.0627876
-0.0450335
0.0288676
0.0739737
0.0223333
0.0683007
-0.0088300
-0.0335874
-0.1000012
-0.0714736
-0.0469876
0.0674976
-0.0280810
-0.2322707
0.2047195
0.3145925
-0.2800082
-0.0031170
0.0087875
0.0850810
0.0056553
0.0357481
0.0569342
0.0629346
-0.0438026
0.0040356
0.0583102
-0.0301995
-0.0141073
-0.0573803
0.0111906
0.0362025
0.0355429
-0.0318863
0.0189021
0.0301875
0.0408897
-0.0574328
-0.0598496
-0.0246572
-0.0698148
-0.0273624
0.0090382
-0.0000498
0.0471181
0.0356300
0.0120431
-0.0658103
0.0218317
0.0300170
-0.0448493
0.0563178
0.0323660
0.0542846
-0.0630339
-0.0007710
-0.0336712
