0.0233605
0.0620258
0.1579826
0.0524658
-0.3601328
-0.4524610
0.8370858
-0.1843422
-0.5930717
-0.3196969
0.0726950
0.1483801
0.0263453
0.0097690
0.0518580
-0.0204186
-0.0625495
-0.0657046
0.0594793
0.1004926
0.0974545
0.1009592
-0.0074780
0.0288900
-0.0192296
0.0006990
0.0695729
0.0317427
0.0053137
-0.0477887
-0.0585915
-0.0624229
0.0001299
-0.0701746
0.0724543
-0.0228126
-0.1023959
-0.2693122
0.3993828
0.6046748
0.5612742
0.2080379
-0.4290603
-0.4282450
-0.1437727
0.1263779
-0.0820596
-0.1043454
-0.0760501
0.0497791
-0.0309431
-0.0027874
0.0265700
0.0209598
-0.0162528
-0.0259232
0.0557330
-0.0479214
0.0618125
-0.0553523
0.0228357
0.0598007
0.0023108
-0.0000997
0.0745496
0.0941777
0.0756222
-0.1251295
-0.1118506
0.3087074
0.0091393
-0.1634322
0.0206502
-0.0588515
-0.0318837
0.0748692
0.0490733
-0.0148467
-0.0471707
-0.0819022
-0.0956139
0.0480629
-0.0095596
-0.0395296
0.0081787
0.0677131
-0.0198330
-0.0460607
-0.0186889
-0.0843128
-0.0703798
0.0881432
0.0309373
0.0001205
0.0217034
0.0069594
-0.0618238
-0.0164165
-0.0523590
0.0568444
0.1467287
0.0434920
-0.1356754
-0.2553876
-0.3832763
0.1620805
1.0001281
0.1699737
-0.5340607
-0.5520659
0.0931355
0.0719990
0.0315266
-0.0482417
-0.1136074
-0.1386032
0.0186783
0.0813437
0.0280820
-0.0333238
-0.0671354
0.0526439
0.0446347
0.0482773
0.0012101
0.0117963
0.0268521
0.0142639
-0.0241561
-0.0027137
-0.0965554
-0.1012658
-0.0623966
-0.1497652
-0.3053209
-0.1705507
-0.0152836
-0.1457170
-0.0458130
-0.0235177
0.1040134
0.0566193
0.1138844
0.0354413
-0.0069309
0.0215306
-0.0487258
-0.0129546
-0.0545866
0.0111893
0.0367041
0.0615896
-0.0650263
-0.0009775
0.0174262
0.0412216
-0.0684064
-0.0148438
-0.0317374
0.0246255
0.0033070
-0.0289153
0.0447572
0.0579468
-0.0179190
-0.1644264
-0.0290586
0.3628222
0.5496121
0.3548674
-0.2909882
-0.3680587
-0.2629213
-0.0161578
0.0695857
0.0518184
0.0849895
0.0530152
0.0043930
-0.0458958
0.0277435
0.0353539
0.0588623
0.0918557
0.0914290
-0.0190885
0.0172913
-0.0856179
0.0503235
0.0580750
0.0510138
0.0376838
-0.0719806
-0.0703397
-0.0818969
-0.0261246
0.0681536
0.0266265
0.0292747
-0.0673165
