0.4690593
0.0172410
-0.0568145
-0.0213541
0.0602277
0.0719953
-0.0376042
0.0195718
-0.0285025
0.0485950
0.0165775
0.0322190
0.0668078
-0.0318320
0.0237176
-0.0645812
-0.0049757
0.0452272
-0.0418937
-0.0512564
-0.0395946
0.0489451
-0.0689379
0.0154494
0.0110347
-0.0772428
-0.0471603
0.0117409
-0.0505315
-0.0186160
0.0888373
0.0801037
0.0370103
-0.1105360
0.4880758
-0.0061551
0.0430365
0.0095117
0.0351340
-0.0671215
-0.0244197
0.0502258
0.0762016
-0.0255902
-0.0310343
0.0536153
-0.0194769
0.0117524
0.0736829
-0.0554441
-0.0138898
-0.0337409
0.0183063
0.0132507
0.0416797
0.0058717
0.0050052
0.0642285
-0.0508416
-0.0452684
-0.0152764
0.0793576
0.0147427
-0.0808754
-0.1611686
-0.1319524
0.3318415
-0.0175164
-0.0311351
-0.0204126
0.0476362
-0.0593746
0.0454784
-0.0177066
0.0762231
-0.0512333
-0.0455835
-0.0319357
-0.0542524
0.0508958
-0.0783425
0.0169092
0.0523201
-0.0022945
0.0614584
-0.0479163
-0.0859427
-0.0282843
-0.0691749
-0.0036170
0.0484785
0.0195587
0.0465616
0.0033254
-0.0383896
0.1604786
0.1939556
-0.1465797
-0.0619000
-0.0168163
