0.3046659
-0.0032175
0.0283658
-0.0345927
0.0142197
0.0389481
0.0216495
-0.0944308
-0.0211496
0.0514586
0.0121676
-0.0491562
-0.0552040
0.0232521
0.0092617
-0.0331995
0.0568247
0.0505554
-0.0596765
-0.0716597
0.0744105
0.0459843
-0.0394667
-0.0259656
-0.0055118
-0.0163875
-0.0432343
0.0234500
0.0798110
0.0061573
0.0433688
-0.0194370
0.0129687
-0.0344068
0.0330643
-0.0486300
0.0341124
0.0746569
-0.1539441
0.1916736
0.2867964
0.3637314
0.1747244
-0.0062985
-0.1642936
-0.2868240
-0.1869762
-0.0511407
-0.0445791
0.0284889
0.0546851
0.0024816
-0.0001128
0.0383971
0.0398715
0.0067481
-0.0550007
-0.0154387
0.0518673
-0.0011268
0.0181882
-0.0657643
0.0794449
-0.0375502
0.0032545
0.0528885
0.0605757
-0.0831690
-0.0560707
-0.0514840
-0.0721168
-0.0676083
0.0494809
0.0109940
0.0392702
-0.0434964
0.0461311
-0.0488686
-0.0486235
0.0372236
-0.0120275
-0.2795214
0.0093796
0.0665650
0.0039467
0.0254735
0.0075082
-0.0082558
-0.0478683
-0.0246703
-0.0836297
-0.0168613
0.0228209
-0.0070511
0.0917997
0.0044791
0.0046026
-0.0518225
-0.0277031
-0.0119363
