0.0192079
-0.0418554
-0.0019504
0.0459578
0.0191291
-0.0260052
0.0159904
0.0208740
-0.0004451
0.0244760
0.0095160
-0.0449635
-0.0009796
-0.0521042
-0.0487901
0.0050784
0.0337702
-0.0045667
0.0528560
0.0423096
0.0564036
0.0062563
-0.0491789
-0.0795807
-0.2914309
0.4560108
-0.0990532
-0.0754095
-0.0686052
-0.1084138
-0.0547041
0.0411603
0.1001841
-0.0371920
-0.0575604
0.0293777
-0.0164544
-0.0024130
0.0331470
0.0092450
-0.0032460
-0.0007002
0.0204944
-0.0092961
-0.0094868
-0.0426460
0.0209753
-0.0289141
0.0004711
-0.0066761
0.0187586
0.0152082
0.0026240
-0.0068523
0.0160855
-0.1791543
-0.1590869
-0.0317614
-0.0238602
0.0456295
0.0558582
0.0233452
0.0559112
-0.0076469
-0.0339549
0.0437365
-0.0166256
-0.0089919
-0.0337942
-0.0582035
0.0242990
0.0310983
0.0131035
0.0458621
0.0373607
-0.0282146
-0.0571665
-0.0612467
-0.0125855
-0.0330008
-0.0143190
-0.0433384
0.0263598
0.0836730
-0.1217013
-0.1805116
0.1314883
0.3934992
-0.2255319
-0.0497265
0.0979770
0.0848018
-0.0048962
-0.0588532
-0.0843143
-0.0646783
0.0123445
0.0358646
0.0223665
0.0505318
-0.0272771
0.0230282
-0.0194732
0.0290010
0.0203956
-0.0365651
-0.0274883
0.0114019
-0.0506909
0.0146676
0.0211410
0.0089107
0.0426729
-0.0621311
-0.0342444
-0.0343091
0.0669239
0.0963359
0.0255231
-0.2288172
-0.2366381
-0.0101234
-0.1153068
-0.0900742
-0.0443980
0.0823931
-0.0038343
-0.0205157
-0.0014480
0.0200516
-0.0390746
0.0332764
-0.0013014
-0.0345448
-0.0444638
0.0037126
-0.0473525
0.0613322
0.0115002
-0.0126047
0.0030264
-0.0062177
-0.0150393
0.0036335
0.0088365
0.0472800
0.0795134
0.0493860
-0.0395944
-0.3218047
-0.2826602
0.2712728
0.4186082
-0.0871147
-0.1570282
-0.0846607
0.0688287
0.0512611
-0.0451846
-0.0183773
0.0325160
0.0211183
-0.0069756
0.0257824
0.0314715
-0.0115281
0.0157732
0.0162664
0.0324898
0.0087619
-0.0293402
-0.0336376
0.0194382
0.0530981
-0.0295013
-0.0080842
-0.0439515
0.0260574
-0.0002895
0.0950818
0.0556736
0.0261701
-0.0758317
-0.2591007
-0.2952271
0.3522585
0.1979621
-0.0723827
-0.1652015
-0.1648036
-0.0545883
0.0124148
0.0692698
-0.0337978
0.0189284
-0.0122374
-0.0040355
-0.0250418
0.0511287
0.0288395
