0.3419641
0.0085786
-0.0612983
0.0162504
0.0074382
-0.0008630
0.0061461
0.0115785
0.0042425
0.0240656
0.0065706
0.0139550
0.0038341
0.0025257
-0.0101580
0.0164602
-0.0314290
-0.0235178
-0.0180381
-0.0236826
0.0304721
-0.0132041
-0.0182623
0.0007551
0.0267197
-0.0184278
-0.0121030
-0.0179457
-0.0012597
0.0288539
0.0152059
0.0288847
-0.0196212
0.0347253
0.0081089
-0.0153802
-0.0077059
0.0283277
-0.1475757
0.0651852
0.2988031
0.3957160
0.0962971
-0.0999332
-0.1848596
-0.1931244
-0.0505233
-0.0204550
-0.0252978
-0.0309599
0.0215482
0.0251236
-0.0103969
-0.0233820
0.0206726
-0.0014157
0.0119176
0.0329127
0.0183280
-0.0109150
-0.0110502
0.0149684
-0.0084672
-0.0171008
0.0074559
-0.0035971
0.0107725
-0.0199446
0.0002486
0.0327858
0.0012738
0.0294683
0.0041987
0.0005904
0.0207246
-0.0051163
0.0297636
0.0314248
-0.0406554
-0.0283414
0.0454921
-0.2182175
0.0091653
0.0014585
0.0283284
0.0085237
-0.0119916
-0.0158609
0.0066777
-0.0098496
0.0303772
0.0169387
0.0041412
0.0152798
-0.0175873
0.0105621
-0.0184595
-0.0085771
-0.0093002
-0.0119602
