-0.2172376
0.1728957
0.3905852
0.0623443
-0.1871457
-0.0535900
0.0594505
0.1179834
0.0411025
-0.0107681
-0.0753368
-0.0680198
-0.0249131
0.0676239
0.0728252
0.0046267
-0.0384867
0.0635621
0.0333949
-0.0623159
-0.0635991
-0.0247433
0.0360503
-0.0276855
0.0095904
-0.0252175
0.0213319
-0.0096260
0.0076953
-0.0321995
-0.0202773
-0.0229061
0.0701634
-0.0393851
-0.0652633
0.4386285
0.2847002
-0.1820309
-0.1234188
-0.0996681
-0.0373784
0.0195292
0.0909634
0.0336882
0.1116140
0.0162093
0.0459742
0.0441748
-0.0276596
0.0314694
0.0385837
-0.0164723
0.0336360
-0.0277526
0.0246235
0.0001426
0.0448654
0.1090467
0.0536899
-0.0419791
-0.2920979
-0.3332653
-0.2030462
-0.1489762
-0.1643054
0.0935359
0.0324924
0.1106001
-0.0011358
0.0072573
-0.0014280
-0.0215551
-0.0049162
0.0784883
0.0444197
0.0299334
-0.0509173
0.0158450
0.0157531
-0.0183721
-0.0211343
-0.0270280
-0.0111139
-0.0123539
0.0468550
-0.0506690
0.0127405
-0.0509795
0.0926805
0.0318096
-0.1086847
-0.2797378
0.3992455
0.2267573
-0.1027127
-0.1635542
-0.1370385
-0.0510092
0.0076770
0.0562030
0.0569050
0.0352801
-0.0184193
-0.0503389
0.0066573
-0.0348151
0.0588997
0.0296257
0.0259388
0.0293074
-0.0161032
0.0328649
-0.0271308
0.0148845
0.0477458
0.0164253
-0.0179995
-0.0654448
-0.0168338
0.0283456
0.0545710
-0.0296816
-0.2019343
-0.1125757
0.3367505
-0.1267702
-0.0521089
-0.0321134
0.0064666
0.0708844
0.0396543
0.0413258
-0.0417714
0.0495646
-0.0004538
0.0177730
0.0409554
-0.0535003
0.0035811
-0.0060146
-0.0157673
0.0287600
0.0210860
0.0229299
0.0173066
-0.0256115
0.0148978
-0.0610473
0.0571420
0.0124495
0.0874582
0.0829043
0.0206593
-0.1732783
-0.2327145
0.2738684
-0.1530763
-0.1238905
0.0026243
0.0111552
-0.0077776
-0.0075668
0.0323568
0.0498098
-0.0011522
-0.0249381
-0.0134681
-0.0392915
-0.0532998
-0.0443597
-0.0392971
-0.0242532
-0.0258456
0.0643891
-0.0038819
0.0490077
-0.0647536
-0.0578970
0.0576655
0.0225494
0.0567395
0.0605974
0.0066189
-0.1342095
-0.2503989
0.1577561
0.2418688
0.1169797
0.0109751
-0.0406097
-0.1002318
0.0840017
0.0812038
0.0029719
0.0613882
-0.0564805
-0.0006474
0.0325068
-0.0065651
-0.0201011
