0.0421929
0.0214985
-0.0665633
0.0351519
0.0901637
0.0647569
-0.0334082
-0.2066916
-0.2341121
0.2197281
-0.1401534
-0.0836242
-0.0470572
-0.0629321
-0.0460181
0.0455636
0.0178990
0.0880221
0.0232287
-0.0191621
0.0263860
-0.0588690
-0.0684137
0.0108827
-0.0464474
0.0536469
0.0484243
0.0080413
-0.0524643
0.0246983
-0.0137732
-0.0060446
0.0396356
-0.0447187
-0.0172533
0.0144764
-0.0229297
0.0208712
-0.0764508
-0.0199804
-0.0161341
-0.0405778
0.0497129
0.0080434
0.0296267
0.0269476
0.4910995
-0.2081047
-0.1259353
-0.1066496
-0.1159182
-0.1245536
0.0991486
0.0715303
-0.0766516
-0.0615506
0.0332744
0.0188397
-0.0223225
-0.0465206
0.0217504
-0.0591922
0.0444069
-0.0325767
-0.0591516
-0.0594577
0.0080069
0.0391426
0.0353051
0.0177468
-0.0635357
-0.2961274
-0.2480778
0.1759169
0.4164235
0.3475739
-0.1932538
-0.2455214
-0.1211986
-0.1158911
-0.1088751
-0.0091592
0.1254198
-0.0241570
0.0042824
-0.0708863
0.0047004
0.0236688
0.0050033
-0.0231072
-0.0265712
0.0158126
-0.0268762
0.0374441
-0.0093039
0.0555062
0.0339980
0.0226510
0.0202012
-0.0059387
-0.0271181
-0.0807764
-0.0785787
0.0087506
0.0791938
0.0743702
0.0757815
-0.1163270
-0.2948689
-0.3140131
0.4057674
0.3592188
-0.2488931
-0.1923240
-0.0575744
0.0181111
0.0185182
-0.0794089
-0.0236521
-0.0677019
0.0269031
0.0282858
-0.0289167
0.0121637
-0.0308319
-0.0161407
-0.0367629
-0.0504229
0.0193888
0.0531416
0.0488626
-0.0117820
0.0833770
0.0137030
0.0839149
-0.0059971
0.0578099
0.2182259
0.4085498
0.3328760
-0.0929460
-0.1390032
-0.0787226
-0.1169456
0.0743726
0.0235851
-0.0247658
0.0203423
-0.0009625
-0.0407412
0.0333874
0.0037731
0.0259264
0.0481118
0.0228554
-0.0436543
-0.0175212
0.0042604
-0.0339359
-0.0319744
0.0680565
-0.0246122
0.0014776
0.0019864
-0.0662092
0.0001897
0.0991739
0.0770280
0.0745824
0.0484499
-0.1724117
-0.2738068
-0.3573741
0.2562519
0.5511779
0.2717428
-0.2195580
-0.1135835
0.0297602
0.0990171
0.0695005
0.0391627
-0.0406227
-0.0084450
-0.0904071
-0.0517076
0.0415858
0.0504943
0.0348951
-0.0093471
-0.0024458
0.0386226
0.0196377
-0.0020181
0.0354395
0.0413611
0.0150445
-0.0299420
0.0381929
-0.0451961
