-0.0901036
-0.0316515
-0.0631316
0.0012301
0.0448641
-0.0334770
-0.0466533
-0.0402272
0.0361993
0.0118123
-0.0501462
-0.0167420
0.0191167
0.0378341
-0.0499252
-0.0490709
0.0053905
-0.0143031
-0.0455779
-0.0312313
-0.0564812
-0.0048200
-0.0111733
0.0066051
-0.0311153
0.0204955
0.0187074
-0.0821385
-0.1638352
-0.1495882
0.0632203
0.1704727
-0.0783705
-0.0468755
-0.0256534
0.0716280
0.0361403
-0.0523210
-0.0564502
0.0051069
-0.0598268
0.0358847
0.0404740
-0.0022639
0.0607506
-0.0262079
-0.0204757
0.0071500
-0.0007540
-0.0602510
-0.0513155
-0.0166320
-0.0135933
0.0478196
-0.0055459
-0.0272520
0.0967586
-0.0048301
-0.2163478
0.0484313
0.3916627
0.2459986
0.0927025
0.0308718
0.0458163
0.0519064
0.0000086
-0.0346908
0.0171014
0.0232719
-0.0303177
-0.0211970
-0.0145247
-0.0022750
0.0155498
-0.0270671
-0.0380943
0.0366647
-0.0444877
-0.0288616
-0.0484811
-0.0437296
0.0431308
0.0296338
0.0372825
-0.0721576
-0.0006447
0.0352367
0.1011040
-0.0116289
-0.2524779
-0.1629221
0.2899226
0.0510015
-0.2149804
-0.1431264
-0.1634198
0.0324046
0.0869336
0.1083341
0.1123250
-0.0450797
-0.0218582
-0.0149734
-0.0395817
0.0287754
0.0433165
0.0416331
-0.0160391
0.0284803
0.0105077
0.0295653
-0.0053273
0.0790417
0.0221154
-0.0663200
-0.0787268
0.0171514
0.0663686
0.0483652
-0.0432022
0.1031559
-0.1054793
-0.1005383
-0.0366486
0.0253246
0.0182579
0.0660955
0.0627857
-0.0585293
-0.0166572
0.0460910
0.0179962
-0.0102576
-0.0319544
-0.0223226
0.0128478
-0.0257726
-0.0232805
0.0001916
-0.0390614
-0.0460409
-0.0220365
-0.0451953
0.0230228
0.1138622
-0.0118557
-0.0458078
-0.2651374
0.2089606
0.3918760
0.1878696
-0.1087555
-0.1817583
-0.0909447
0.0672238
0.0563831
-0.0044743
-0.0181527
0.0428472
0.0323796
-0.0098810
-0.0555336
0.0145912
0.0700390
-0.0442843
0.0113629
-0.0305912
-0.0456697
-0.0355136
0.0188513
0.0239759
-0.0126026
0.1322778
-0.0182986
-0.0445881
-0.2619369
0.0176577
0.3701362
-0.0432662
-0.1458744
-0.1681811
-0.1597891
0.0540648
0.0962375
0.1017544
0.0892152
0.0392041
0.0437372
0.0075234
0.0226177
-0.0326358
0.0209375
-0.0309684
-0.0321033
-0.0193395
0.0172289
-0.0319218
-0.0196952
0.0273044
