0.2483094
0.0088822
0.0288644
-0.0134776
0.0328165
-0.0568624
-0.0160459
-0.0020101
-0.0174593
0.0127578
0.0431188
0.0362398
-0.0894458
-0.0421932
0.0880593
0.0172427
-0.0285500
-0.0516406
0.0599489
-0.0153075
-0.0299879
-0.0047035
0.0461856
-0.0190197
-0.0328735
-0.0063517
0.1368665
-0.0031130
-0.0751900
0.0635144
0.2445482
0.0795714
-0.1959308
0.1053394
0.0626893
-0.0137984
0.0260400
-0.0530467
-0.0141009
0.0127698
-0.0331863
-0.0415532
-0.0731411
-0.0056006
-0.0157243
0.0455549
0.0167249
0.0939881
-0.1267087
0.0172395
0.0588881
-0.0123476
0.0516292
-0.0797137
0.0065209
-0.2131385
-0.0886125
0.0603754
-0.0890819
-0.0290699
0.1043377
0.0803877
0.0246295
-0.0050805
0.0366172
0.0004439
0.0058538
-0.0667494
0.0319624
-0.0569171
0.0709140
0.0594623
0.0653589
-0.0443945
-0.2794633
-0.0184830
0.1467287
-0.0952519
-0.0520691
0.0091668
-0.0037095
-0.0441560
-0.0295085
0.0435999
-0.0483738
-0.1163160
0.1589626
-0.1752460
-0.1872572
-0.1246286
0.0478516
0.0214967
0.0423855
0.0396357
0.0239937
0.0293478
-0.0444938
-0.0446737
0.0029019
0.0962141
