0.0255535
0.0269535
0.0419519
-0.0439573
0.0126727
-0.0342644
-0.0345474
0.0476009
-0.0453289
0.0255885
0.0254082
0.0002753
-0.0497140
0.0141136
0.0061015
-0.0259014
0.0032045
-0.0289721
0.0380713
0.0071769
0.0297153
0.0092544
-0.0034001
0.0036753
-0.0108176
-0.0415719
0.0057392
0.0028978
0.0087664
-0.0294639
-0.0134318
0.0076399
0.0330842
0.0568988
0.0424373
-0.0147342
-0.0402687
-0.0144281
0.0415428
-0.0027208
0.0394495
0.0359290
0.0025735
-0.0137250
-0.0300761
-0.0612081
0.0514549
-0.1324335
-0.2125839
-0.1011596
0.0839699
0.3114658
-0.0125347
-0.1344277
0.0247468
0.0501180
-0.0534346
0.0218606
0.0267527
0.0158198
0.0329616
-0.0383003
-0.0265967
-0.0123656
-0.0032129
0.0460468
0.0409371
0.0066574
-0.0522268
-0.0050001
0.0042926
-0.0064519
-0.0376274
-0.0316783
0.0333537
-0.0181394
0.0363819
0.0348708
-0.0461737
-0.0393862
0.0340559
-0.0392575
0.0210120
-0.0355881
0.0289705
0.0250242
0.0299874
-0.0458615
-0.0247338
0.0299586
-0.0214010
-0.0113581
0.0081482
0.0284379
0.0328826
0.0343397
-0.0243973
-0.0193289
0.0407605
0.0215805
0.0105366
0.0419824
0.0410879
0.0101653
0.0400503
0.0388021
-0.0136546
-0.0576599
-0.2004634
-0.1336682
0.1673481
-0.0080146
-0.0230446
0.0069640
0.0109568
0.0603518
0.0321871
-0.0486591
0.0046255
-0.0348340
0.0399973
-0.0258522
0.0171093
-0.0063938
-0.0364124
0.0020939
-0.0018692
0.0365492
0.0302830
0.0400180
-0.0387285
-0.0453208
0.0351322
0.0097749
-0.0430279
0.0380600
0.0049396
0.0091546
-0.0029494
-0.0138468
0.0407762
-0.0473173
-0.0232263
0.0409973
-0.0331109
0.0065863
0.0478424
0.0227345
-0.0176253
-0.0469457
-0.0174080
-0.0277034
-0.0296796
0.0084500
-0.0333630
0.0445945
0.0071280
-0.0403424
0.0259566
0.0468417
0.0748025
-0.0450013
-0.2049297
-0.2369390
-0.2254101
0.0053329
0.0210039
0.0828638
0.0719173
0.0784412
-0.0081862
-0.0289323
-0.0456572
-0.0442812
-0.0440608
0.0368434
-0.0040859
0.0187645
-0.0123958
-0.0402779
0.0026258
0.0127905
-0.0429051
0.0048134
0.0439360
-0.0087942
-0.0320207
-0.0483549
0.0255091
0.0505635
0.0233351
0.0273451
-0.0363391
0.0231667
-0.0231139
0.0225478
-0.0474577
-0.0051797
0.0298644
0.0168814
