0.0112268
0.0047783
0.0213300
-0.0064189
0.0153190
-0.0306823
-0.0371536
0.0053201
0.0074574
-0.0205034
0.0015724
-0.0003465
-0.0327893
-0.0281235
-0.0248790
-0.0201636
0.0321873
-0.0067448
0.0025667
-0.0323029
-0.0037844
-0.0434544
-0.0390064
0.0152971
-0.0165045
0.0105619
0.0207255
0.0088879
-0.0104214
0.0010949
-0.0568464
-0.0453614
0.0682281
0.0323760
-0.0078259
0.1331643
0.3222558
-0.1344545
-0.0400821
-0.0259632
-0.0987212
-0.0549782
-0.0079415
-0.0137284
0.0037440
-0.0043925
0.0293539
-0.0261249
0.0321443
-0.0297654
-0.0027380
-0.0280979
0.0232746
-0.0382208
0.0191674
0.0221620
-0.0294632
-0.0170604
0.0251187
0.0041113
-0.0116509
-0.0125640
0.0156963
0.0364497
-0.0079600
-0.0030318
-0.0315964
-0.0406891
0.0008182
0.0070962
0.0251902
0.0288771
0.0008029
0.0270484
-0.0294910
0.0086841
0.0161481
0.0411909
0.0255299
-0.0232807
0.0146310
0.0279656
-0.0081257
-0.0431738
0.0017601
0.0199170
0.0776507
-0.0155640
-0.1869191
0.2574164
-0.1104521
-0.0514177
-0.0033587
-0.0065553
0.0196653
0.0456510
0.0647191
-0.0085790
0.0222247
0.0014271
-0.0585013
0.0258657
-0.0020952
0.0175263
0.0446411
-0.0184968
-0.0162350
-0.0353324
-0.0423940
0.0138820
0.0132764
-0.0172872
-0.0210484
0.0149866
0.0033575
0.0161344
0.0367724
0.0158186
-0.0192818
-0.0388910
-0.0083750
0.0235420
-0.0195090
-0.0131628
-0.0304384
-0.0080527
-0.0187747
-0.0361171
-0.0355514
0.0130835
0.0039964
0.0372136
-0.0309475
-0.0161608
-0.0190773
-0.0236208
0.0277643
0.0037457
-0.0492040
0.0105831
0.0205799
0.0146363
0.0925683
0.0159294
-0.1382939
-0.0464982
0.3324335
0.0927485
-0.1602971
-0.0058986
-0.0285157
-0.0364669
0.0137242
0.0395515
0.0457264
-0.0372009
0.0169627
0.0312197
0.0305164
-0.0264624
0.0025211
-0.0021007
0.0369513
0.0110034
0.0164701
0.0048511
-0.0241827
0.0154812
-0.0070495
-0.0279757
0.0057110
-0.0348262
0.0301137
-0.0003829
0.0197129
0.0360974
-0.0231200
-0.0030976
-0.0168902
0.0223364
-0.0097632
0.0171366
-0.0049487
0.0095600
0.0264249
0.0336183
-0.0202025
-0.0305500
0.0269462
-0.0007893
-0.0122199
-0.0333767
-0.0349362
0.0241565
-0.0067943
0.0266354
0.0173096
-0.0488944
-0.0249956
-0.0064531
