0.0338623
-0.0122326
-0.0344388
0.0066683
0.0330185
-0.0094298
0.0099043
-0.0186364
-0.0071122
-0.0040352
-0.0072602
0.0022744
0.0190200
0.0305101
0.0028062
-0.0347375
0.0204977
-0.0315766
0.0346451
0.0117878
0.0363192
-0.0077546
0.0083881
-0.0354075
0.0237980
-0.0097448
-0.0213853
0.0306041
-0.0001103
-0.0171152
-0.0040444
0.0334866
0.0332904
0.0312867
0.0045202
-0.0294763
-0.0085680
-0.0256260
-0.0242568
0.0187953
-0.0027930
-0.0177192
0.0166584
0.0392120
-0.0138874
0.0262308
-0.0061113
-0.0036528
0.0355153
0.0433126
0.0686063
0.0342558
-0.0878486
-0.2442477
-0.0584823
-0.0247176
0.0001228
0.0141205
-0.0547354
-0.0120515
-0.0170128
0.0339916
-0.0276064
0.0053774
0.0218132
0.0338276
0.0079964
0.0258046
0.0017489
0.0357971
-0.0264276
-0.0381614
0.0059994
0.0174281
0.0222147
0.0352531
-0.0098055
0.0277724
0.0342440
-0.0136509
-0.0024338
0.0142935
-0.0012699
-0.0313202
0.0092967
-0.0366036
0.0206916
0.0273055
-0.0128916
-0.0201284
0.0219694
-0.0157772
-0.0299078
0.0102426
0.0061230
0.0009907
-0.0023408
0.0383476
0.0069148
0.0238437
0.0248129
0.0090186
-0.0673216
-0.0225308
0.0107594
0.0428280
0.0554523
0.0064390
-0.0567943
-0.0796732
-0.0167717
0.2428077
-0.0972597
-0.1110085
0.0148463
-0.0325997
0.0247875
0.0179061
0.0218333
-0.0329867
-0.0014066
-0.0043881
-0.0082427
-0.0250507
-0.0352785
-0.0256724
0.0389683
-0.0325309
-0.0060095
0.0226347
0.0194650
0.0402704
-0.0081731
-0.0223613
-0.0370085
0.0374303
0.0268478
0.0324451
-0.0066195
0.0049348
0.0245290
-0.0096969
0.0256909
0.0371276
-0.0335387
0.0021226
0.0314528
-0.0079615
-0.0008441
0.0003457
-0.0342950
-0.0184950
-0.0196976
0.0143081
0.0100972
0.0407310
0.0087656
-0.0532323
0.0017689
-0.0122729
0.0553661
-0.0153194
-0.1453836
-0.1659490
-0.0706350
-0.0769039
-0.0160065
0.0617852
0.0513382
0.0619642
0.0498772
0.0209647
-0.0226695
-0.0360676
-0.0557778
-0.0175320
-0.0022586
0.0165200
0.0095672
-0.0314913
-0.0451787
0.0266920
0.0304438
-0.0383756
-0.0335341
0.0182399
0.0120493
0.0343636
-0.0007880
0.0344551
0.0250639
0.0304562
-0.0248746
0.0095496
0.0289182
-0.0019124
-0.0285138
0.0054176
-0.0087934
-0.0354422
