-0.0057842
0.0064315
0.0566853
-0.0088058
0.0151634
-0.0132232
0.0272492
0.0585288
0.0553319
0.0359432
-0.0834578
-0.2546263
-0.2119768
-0.0159008
0.3743860
0.3980225
-0.1799935
-0.2549770
-0.0065681
-0.0610213
0.0473242
0.0307282
0.0430141
0.0128642
0.0598986
-0.0461335
0.0200927
0.0096587
0.0061740
0.0214116
-0.0238492
0.0360891
-0.0265736
0.0196950
0.0309825
0.0370670
-0.0138051
0.0040165
0.0123196
-0.0158844
0.0370896
0.0389795
0.0405715
0.0419575
-0.0328324
0.0373275
-0.0432100
0.0088115
-0.0276106
0.0354140
0.0142456
0.0068605
-0.0206811
0.0024897
0.0076222
0.0071100
-0.0723101
-0.0403699
0.0787808
0.1007119
-0.0272516
-0.0344360
-0.1090604
0.1281874
-0.2286629
-0.0384228
-0.0269606
0.0700815
-0.0023444
0.0176655
-0.0323149
0.0110713
-0.0130622
0.0113971
-0.0025906
0.0224143
-0.0080899
-0.0011808
-0.0320180
-0.0411142
-0.0341960
-0.0393832
0.0331874
0.0125796
-0.0001676
-0.0312131
0.0178245
0.0028730
-0.0182900
0.0153361
-0.0017320
0.0036939
0.0207405
-0.0434190
-0.0512422
-0.0352236
-0.0439725
-0.0022920
0.0130330
-0.0044140
0.0094859
-0.0479529
-0.0562027
-0.0127390
-0.0319651
0.0334321
0.0660099
0.0991650
0.0099280
-0.0768291
-0.2968734
-0.1025535
0.2292027
-0.2673156
-0.0869694
0.0084224
0.0789786
0.0177370
0.0154173
-0.0280483
-0.0513826
0.0258889
0.0146658
-0.0343974
-0.0113056
0.0153340
-0.0192259
-0.0196628
0.0090784
0.0429959
0.0330113
-0.0073055
0.0403754
-0.0214389
-0.0279954
-0.0295804
-0.0253598
-0.0244232
0.0375995
-0.0131638
0.0017372
0.0289576
0.0390957
-0.0371779
-0.0386832
0.0397175
0.0362277
-0.0218048
-0.0042589
-0.0350872
-0.0243497
0.0124121
-0.0685451
-0.0178531
0.0049200
0.1133681
-0.1767654
-0.2277207
-0.0784054
-0.0330270
-0.0276767
-0.0375107
0.0747143
-0.0387454
-0.0636068
0.0297093
-0.0297526
-0.0275804
0.0450551
0.0345269
-0.0116843
0.0366342
0.0367450
-0.0039322
0.0328417
0.0092085
-0.0116418
0.0232809
-0.0125584
0.0398399
-0.0014040
-0.0336556
-0.0428342
0.0379186
0.0129170
-0.0021881
-0.0184210
-0.0143287
-0.0279409
-0.0227539
0.0273837
-0.0143506
-0.0002138
0.0188940
0.0437084
0.0301439
-0.0158829
-0.0485368
-0.0230013
0.0000245
