0.0453988
0.0589639
-0.0086626
-0.0930401
0.0752899
0.2824485
-0.0843664
-0.0452733
-0.0391722
-0.0311941
0.0674730
0.0074948
0.0063713
0.0138809
-0.0304274
-0.0001805
-0.0492235
0.0276296
0.0459788
0.0345769
-0.0187359
0.0320227
-0.0156539
0.0286868
-0.0131436
0.0091294
-0.0189162
0.0393247
-0.0100212
0.0097447
0.0164219
0.0353435
0.0087235
0.0324231
-0.0188060
0.0096407
0.0133704
-0.0066521
0.0138978
0.0044391
-0.0045572
0.0067402
0.0279076
0.0421249
-0.0236312
0.0210752
-0.0323952
0.0458272
0.0244525
0.0066003
-0.0225289
-0.0361379
-0.0400988
0.0300600
-0.0200502
-0.0005915
0.0576633
0.0639323
0.0103652
-0.1563456
-0.1806426
0.0251483
0.2788412
-0.0657637
-0.0726121
0.0434693
0.0562822
0.0221051
-0.0331198
0.0059810
0.0062325
-0.0245811
-0.0131177
0.0105334
0.0248068
0.0328679
-0.0045784
-0.0322032
-0.0440957
-0.0076223
0.0116025
-0.0226099
0.0066931
0.0251817
-0.0234969
-0.0000306
0.0190520
-0.0077100
-0.0125992
-0.0227834
0.0096403
-0.0232571
-0.0381329
0.0359624
-0.0077344
-0.0373952
-0.0136904
-0.0100019
-0.0165731
-0.0367072
0.0220124
0.0249008
0.0325531
0.0092423
0.0173831
-0.0267047
-0.0059362
-0.0207911
-0.0113380
-0.0004187
0.0330067
0.0375359
-0.0262334
-0.0049184
-0.0264253
0.0138147
0.0539243
-0.0304165
0.0105934
-0.1708395
0.1497653
-0.0939247
-0.0814374
-0.0564169
0.0392122
0.0181039
0.0223742
-0.0425807
0.0205744
0.0199476
0.0160323
-0.0415311
0.0338482
-0.0242929
-0.0362082
0.0138790
0.0013224
-0.0014743
0.0170462
0.0292843
-0.0115345
-0.0045637
0.0281975
-0.0036236
-0.0099865
-0.0046658
-0.0315003
-0.0225506
-0.0382569
-0.0286984
-0.0360339
0.0381767
-0.0291438
0.0183567
0.0044540
0.0229167
0.0286889
0.0369088
-0.0158393
-0.0009857
0.0018557
0.0386005
-0.0029038
-0.0371519
-0.0329248
0.0010006
0.0366103
0.0612281
0.0259314
0.0635498
0.0318959
-0.0245915
-0.0291384
-0.2366447
0.1073994
0.2894624
-0.1107876
-0.0129104
-0.0438739
-0.0135784
0.0514173
0.0314225
0.0275645
0.0324618
-0.0206484
-0.0264886
0.0044060
-0.0477517
-0.0350525
0.0261542
0.0317489
-0.0113778
-0.0300837
-0.0048171
-0.0199889
0.0187696
0.0353135
-0.0109656
0.0316068
-0.0031733
