-0.0755870
0.0801251
-0.0116529
-0.0367269
-0.1311115
0.0704480
0.0605282
0.0405748
-0.0650747
0.1322386
0.0070053
-0.1008150
-0.0100691
0.0281523
0.0912388
0.0161809
0.0307913
0.2395238
0.1473788
-0.1492063
-0.2471258
-0.4999115
-0.3428400
0.3656275
0.7886352
-0.0841724
0.0504220
0.1132917
-0.0537449
0.1507424
0.0276758
0.0977692
-0.0633701
0.0215295
-0.0439537
-0.0299075
0.0076702
0.0406796
0.0735777
0.0096057
-0.0478249
-0.0544605
-0.1252200
-0.0155270
-0.0557195
0.1645325
-0.4556419
0.4924812
-0.2569422
-0.2094406
-0.0942258
-0.1605435
-0.0579145
-0.0398495
-0.0859751
0.0814072
0.0667192
0.0058036
-0.0520163
0.0450877
-0.0635896
-0.1334079
-0.0274391
0.2096489
0.1995723
-0.3396902
-0.4942260
0.4216949
-0.1883426
-0.1253893
-0.1761141
0.0603079
-0.1036087
0.0979197
0.0858568
0.0861207
-0.0830039
0.1025541
0.0212313
0.0695744
-0.0114199
-0.0507970
0.0026542
0.0232548
-0.0135427
0.0938155
-0.0037256
-0.0186871
-0.0701165
0.0619049
-0.0721980
-0.4558498
0.5147847
0.6159175
0.0946566
-0.1547717
-0.0413618
-0.1792886
-0.0894936
-0.0350722
-0.0922107
0.0960337
0.1370740
0.0461367
0.0506878
-0.0799945
-0.0239205
0.0351954
0.0996981
0.0561700
0.0846268
0.1469610
0.0486414
-0.1434271
-0.1199787
-0.0938519
0.2586757
0.0791035
-0.0175935
-0.3461098
0.8227526
-0.1648874
-0.0579804
-0.1592956
0.1073558
0.1251924
0.0226390
0.0364435
-0.0054379
0.0299474
-0.0394627
-0.1443925
-0.0960642
-0.0213203
-0.1580457
-0.0865989
-0.0358561
0.1718850
0.0156908
0.0795816
-0.4603185
-0.7490342
0.6254130
0.5836932
-0.2550880
-0.2533939
-0.2302421
-0.0485206
0.0201285
0.1425493
0.0150467
-0.0128883
-0.0394420
-0.0493333
0.0242847
-0.0992373
-0.0260608
-0.0402913
-0.0450596
-0.1217414
0.0938771
-0.0390865
-0.0317325
0.0449495
-0.1020701
0.2873375
-0.1370356
-0.0484086
-0.0916696
0.0549945
-0.0804586
-0.1233126
-0.0275046
0.0243526
0.1541626
-0.0091466
-0.0641553
-0.0913014
-0.1278649
-0.1022510
0.1005170
-0.0751249
0.1217021
0.0776713
-0.0439963
0.0033050
0.0390265
0.0763028
-0.1182779
-0.0851866
0.0420315
-0.0305479
-0.0279790
0.1434777
0.0026887
-0.1985914
-0.1132759
0.0699084
0.0351895
0.0236183
