0.6200541
-0.3202890
-0.0216460
-0.0803549
0.0182566
0.0725695
-0.1489919
-0.1210576
0.0301792
0.0134506
0.0390529
0.0061804
-0.1052486
0.0930296
0.1081603
-0.0532398
-0.0311015
0.1008970
0.0586079
-0.0494694
0.0407848
0.0530766
0.0450943
-0.0577837
0.0949948
-0.0730473
-0.2023212
0.3918735
0.5600685
0.2039955
-0.2813968
-0.3288297
-0.0070777
0.0085892
-0.0530197
-0.0341488
-0.0136895
0.1017801
0.1113111
-0.0819635
-0.0936198
0.0693018
0.0651246
0.0550117
0.0511735
-0.0559089
-0.0225059
0.1577374
0.0125213
-0.0013554
-0.1228932
-0.0984977
-0.3534298
0.5588115
-0.1421836
0.0332097
-0.0009130
0.1035724
0.0856290
-0.0009229
0.0466077
-0.0898778
-0.0326809
0.0362664
-0.1435892
-0.0422155
-0.0163782
0.1262589
0.0674931
-0.0292778
-0.4004227
0.1548564
0.7212058
0.5222805
0.0197092
-0.3347143
-0.0424322
-0.1210825
0.1006788
-0.0534557
-0.0419409
-0.0232444
0.0801251
-0.0367269
-0.1311115
-0.0713681
-0.0082950
0.0405748
0.1322386
0.0070053
-0.1008150
0.0281523
0.1654168
0.0307913
0.1443248
0.1473788
0.0757103
-0.4999115
-0.5499300
-0.3428400
0.7079055
-0.1688925
-0.0841724
-0.1467771
-0.0439068
0.1132917
0.1507424
0.0977692
-0.0647911
-0.0281662
-0.0681785
0.0215295
-0.0092306
-0.0017648
-0.0299075
0.0076702
0.0156844
-0.0544605
0.0133162
-0.0213867
0.0152798
0.0853614
-0.4556419
0.0807838
0.9033916
-0.0942258
-0.0579145
0.1333071
0.1264987
0.0075667
0.0856196
-0.0010069
-0.1137233
0.0667192
0.1336659
0.0058036
0.1558573
-0.0635896
-0.1334079
-0.0274391
-0.0483796
0.0937427
0.1551989
0.2096489
0.1235800
-0.3396902
-0.4597148
0.4216949
0.7292556
-0.3455152
-0.1444615
-0.0207191
0.0706289
0.0603079
-0.0329777
0.0861207
0.0695744
0.0349010
-0.0507970
-0.0187419
-0.0135427
0.0938155
-0.0708084
0.1932533
0.1168332
0.0429335
0.0051108
-0.4558498
-0.6638830
-0.4007187
0.5147847
0.6159175
0.3530276
-0.1547717
-0.0588090
-0.1155401
0.0134457
-0.0623119
-0.0416637
0.1370740
0.0461367
0.0506878
0.0076338
-0.0104969
-0.0239205
-0.0811270
0.0561700
0.0324924
0.1115289
0.1674800
-0.1082166
-0.1434271
-0.0938519
-0.0227197
-0.0611368
0.0150274
0.0791035
-0.5318634
-0.7273486
-0.3461098
