-0.0045343
0.0229160
-0.0348913
-0.0079082
0.0059522
-0.0014869
0.0176213
-0.0283800
0.0041822
-0.0085645
0.0363720
-0.0115642
0.0500528
0.0531950
0.0318705
0.0229099
-0.0857286
-0.0812779
-0.0561640
0.3180689
0.3202541
0.1153814
-0.2762647
-0.2350915
0.0754572
0.0751774
0.0083792
0.0093020
0.0220298
0.0035416
-0.0304674
-0.0272062
0.0259606
-0.0297084
-0.0051385
-0.0242902
-0.0066894
-0.0178732
-0.0286700
-0.0097902
0.0251628
0.0026395
0.0153121
0.0271299
-0.0225005
-0.0347768
0.0247724
0.0377209
0.0403183
0.0403051
0.0151322
0.0359696
0.0323897
-0.0317822
0.0095085
0.0363753
-0.0403282
0.0092341
-0.0052933
-0.0286467
0.0059341
0.0211430
-0.0223762
-0.0055596
0.0347666
0.0044299
0.0357937
0.0123978
-0.0205352
0.0264087
0.0343853
0.0381673
0.0469917
0.0079602
-0.0255986
-0.0208603
-0.0058668
-0.0557792
0.0180790
-0.0525102
-0.0242006
0.0433200
0.0211852
-0.0348477
-0.0745875
-0.1495551
0.3761580
-0.2453975
0.0230302
0.0415522
-0.0039390
0.0082012
-0.0441475
-0.0424072
-0.0010559
-0.0143813
0.0097603
0.0189021
-0.0188567
0.0303826
-0.0214193
-0.0368502
-0.0314548
0.0054352
0.0108615
0.0099315
0.0026602
0.0004401
0.0028952
0.0034810
0.0041275
-0.0281722
-0.0106158
-0.0043524
0.0300670
0.0111865
-0.0135332
0.0116919
0.0028706
-0.0394525
-0.0309525
0.0184900
0.0147372
-0.0245827
-0.0137479
0.0119670
-0.0181578
-0.0234136
-0.0056585
-0.0311515
-0.0206316
-0.0109869
-0.0088160
0.0404516
-0.0092703
0.0047680
0.0287943
-0.0091656
-0.0431600
0.0077429
0.0219956
0.0426728
0.0023355
0.0420029
0.0093740
-0.0531767
0.0235561
0.0230950
0.0520283
0.0284154
0.0641181
-0.0104257
-0.0536333
-0.0630124
-0.1421720
0.2833696
0.1139487
0.0336975
0.0125033
-0.0327286
-0.0481925
-0.0335092
0.0383245
-0.0048364
0.0180182
0.0260228
-0.0087737
0.0421395
-0.0274311
0.0176135
-0.0184008
0.0256020
-0.0211554
-0.0181216
0.0257781
-0.0363131
0.0307367
0.0065303
0.0213151
0.0033876
0.0307664
-0.0381319
0.0083685
-0.0208025
0.0055629
-0.0226947
-0.0004028
0.0197533
0.0166197
0.0217417
0.0336548
0.0379162
-0.0164722
0.0026835
0.0235311
-0.0049148
0.0285807
0.0153093
-0.0313511
0.0270908
