0.3836431
-0.0008312
-0.0367553
0.0133384
0.0093043
0.0068492
0.0099795
0.0093769
-0.0189496
-0.0239121
0.0136311
0.0317352
0.0333359
0.0469801
0.0269678
-0.0509194
0.0315741
0.0162531
0.0288503
0.0153165
-0.0491886
-0.0072781
-0.0255104
-0.0285639
-0.0132708
0.0027008
0.0391249
-0.0211598
-0.0218749
-0.0019532
-0.0137356
-0.0111471
0.0153672
0.0230792
-0.0143310
0.0114875
-0.0395342
0.0118186
-0.0249689
-0.1165439
-0.0839285
-0.0187547
0.3481053
0.3442522
0.1734944
-0.0948278
-0.3024676
0.0161432
-0.0430015
0.0119183
-0.0185901
0.0239557
-0.0275944
0.0259854
-0.0341948
0.0339945
-0.0300632
-0.0107931
-0.0056522
0.0016499
0.0363501
-0.0176205
0.0399723
0.0185520
-0.0304564
-0.0378327
0.0058725
0.0033327
-0.0297448
0.0061330
0.0342400
0.0190195
0.0028316
0.0057111
-0.0263429
0.0272078
-0.0307047
-0.0044306
0.0260415
0.0223556
0.0208701
0.3129519
0.0267549
0.0168885
-0.0355430
-0.0239242
-0.0250054
-0.0136731
-0.0266770
-0.0217683
-0.0363169
-0.0061009
-0.0541521
-0.0016847
-0.0002330
0.0402602
0.0198513
0.0223527
0.0320871
0.0388446
