0.2305852
-0.0123968
0.0006153
-0.0045176
0.0012691
-0.0269645
0.0109014
-0.0129425
-0.0098294
-0.0020855
-0.0272761
-0.0009796
-0.0358794
-0.0262764
-0.0231244
0.0121883
0.0120789
-0.0009552
0.0490465
-0.0166902
-0.0059582
0.0116602
0.0106552
-0.0152719
0.0299079
-0.0004858
0.0210501
0.0244963
-0.0338053
0.0290379
0.0111218
0.0258500
-0.0285889
0.0131122
0.0244282
-0.0206465
0.0517379
0.0328018
-0.1087687
0.1989314
0.3325110
0.2892713
-0.1289837
-0.2949090
-0.2360852
-0.0630811
0.0359997
0.0327017
-0.0190632
-0.0165537
0.0245186
-0.0356972
-0.0080827
0.0042718
0.0403328
0.0169656
0.0207378
0.0339915
-0.0094031
-0.0058208
-0.0211715
-0.0221420
0.0322343
-0.0244058
0.0203932
-0.0420382
0.0002623
0.0185091
-0.0135216
-0.0007698
0.0276035
0.0255630
0.0054174
0.0028392
0.0460538
-0.0116612
0.0034369
0.0043987
-0.0672208
-0.0322851
-0.0103309
-0.1973450
-0.0233333
-0.0096421
-0.0196872
0.0031348
0.0470249
-0.0039554
-0.0006537
0.0136484
0.0117485
-0.0197627
0.0181512
-0.0073463
0.0376266
0.0157148
0.0404721
-0.0373652
0.0186510
0.0050438
