0.3443359
-0.0365998
-0.0048283
0.0384624
0.0506721
-0.0717271
-0.0117046
-0.0582000
-0.0299183
-0.0795725
0.1077098
0.0514177
-0.0932167
0.0322853
0.0930549
-0.0817055
-0.0023058
-0.0700653
0.0583318
0.0161487
-0.0094184
0.0171046
-0.0862926
-0.0333207
-0.0111147
0.0335921
0.1459584
0.0779341
-0.0543696
-0.0663995
0.0150908
0.2331759
-0.1978393
0.0765400
0.0915874
0.0313059
0.0155045
-0.0500225
0.0596627
0.0291726
-0.0473170
-0.0119972
-0.0605599
0.0037048
0.0068901
-0.0012296
-0.0670387
0.0751549
0.2844972
0.0917934
0.0083292
0.0034896
0.0800792
-0.0308306
-0.0391532
0.0627776
-0.0227051
-0.0770323
-0.0181286
0.2573476
-0.3332356
0.0005390
-0.0185671
0.0014956
-0.0744049
-0.0239695
-0.0583419
-0.0377857
0.0093188
0.0550208
0.0446688
-0.0011812
-0.0138007
0.0180584
0.0684070
0.0526522
-0.0884460
-0.0458621
-0.0347495
0.2376486
-0.1158304
0.0346371
0.0289976
0.0071392
-0.0748258
-0.0355405
0.0509249
-0.0501392
-0.1864044
-0.0462934
-0.0407898
-0.0056540
-0.0004158
-0.0213223
0.0559754
-0.0093978
-0.0386098
-0.0225934
0.0358005
0.0262876
