0.0575921
-0.0428077
-0.1447630
0.0188292
-0.0009775
0.1243079
-0.0985903
-0.2490831
-0.1940477
0.0283556
0.2445880
0.2209815
0.0123562
-0.4578527
-0.8035332
-0.4190993
0.8657673
0.7933720
0.0124351
-0.1415605
-0.3965583
-0.3775590
-0.0434220
0.1300997
0.2426429
-0.0281650
-0.1400940
-0.0706929
0.0286688
0.0710532
0.1188601
0.0174990
-0.0925287
0.2306785
0.0189323
-0.1525815
-0.1091560
0.1464107
0.2723733
0.3046501
0.1244948
0.1575492
-0.2132251
-0.8391999
-1.1509148
0.8932450
-0.2793727
-0.1084865
0.0843775
0.4290533
0.6162278
0.4770599
-0.2655806
-0.3451311
0.1772128
0.2070749
-0.2155722
-0.0943289
0.1962170
0.1133055
0.1483612
-0.0498701
0.0206395
0.8831992
-0.3798655
-0.1231895
0.0511685
0.2430554
-0.1083021
0.0531609
0.1108737
-0.0377984
0.0774881
-0.1088587
0.0121514
0.0726410
0.0227214
-0.0582534
0.0713008
-0.0794751
0.0114731
0.0234252
-0.0210104
-0.0971091
-0.0262541
0.0726626
0.0433431
0.0090598
0.1061861
-0.4253577
0.0017357
0.0661528
0.0055571
-0.1208640
0.1019863
-0.0358489
-0.1415966
-0.0179691
-0.0005583
0.0297108
-0.0259879
0.0337438
0.0177605
-0.0364120
-0.1106504
-0.0013417
-0.1019199
0.0483041
0.0073742
-0.0379088
-0.0549189
0.0021378
0.0869610
-0.1074407
-0.0411253
-0.1650257
0.2437003
-0.1504729
-0.0326645
0.1252822
-0.0120181
-0.1092575
0.0196901
0.0376156
0.0159648
0.0053697
0.0246690
-0.0055279
0.0074257
0.0800385
0.0436848
-0.0144578
0.0907731
0.0613686
-0.0085551
-0.2160294
-0.1844331
-0.3202890
-0.0216460
-0.0474894
-0.0803549
0.0124673
0.0182566
0.0725695
0.0722837
-0.1210576
0.1138705
-0.0733787
0.1266611
-0.1115040
0.0061804
-0.1052486
0.1081603
-0.0532398
-0.0983712
0.0586079
0.0450943
-0.0738344
0.0949948
-0.0730473
0.3918735
0.5600685
-0.3288297
-0.0530197
-0.0771943
0.0485888
-0.0526281
-0.1009867
-0.0136895
-0.0701497
0.1017801
-0.0426673
-0.0044713
-0.0936198
0.0536060
0.0651246
0.1235690
0.0709605
0.0498068
-0.0289713
-0.1448379
0.0320988
-0.0795484
0.0929358
0.1577374
-0.0013554
-0.0984977
-0.1850273
-0.1886877
-0.3534298
0.3575488
-0.2109447
-0.0587924
0.0332097
0.1705753
-0.1289284
-0.0009130
0.0610714
-0.0244489
-0.1127070
