0.5959302
-0.0444441
-0.0566010
-0.0445160
0.0416899
-0.0348894
0.0256314
0.0628948
0.1145942
0.0695892
-0.0458041
-0.0665436
-0.2408130
0.4832198
0.0726759
-0.0139147
-0.0513834
-0.0680992
0.0535738
0.0555297
0.0660747
0.0691176
0.0518138
-0.0481460
0.0486231
-0.1084595
-0.0179927
-0.0371680
0.1560876
-0.2296426
-0.2385943
-0.0970427
0.2819835
-0.0268686
-0.0129376
-0.0460464
0.0347749
0.0484819
-0.0551759
0.0137949
0.0187444
0.0346304
0.0379704
0.1088125
0.0007339
-0.0316345
-0.0829168
-0.1231186
0.4700069
0.0083956
-0.0080646
-0.0038384
-0.0420521
-0.0110734
0.0210951
0.0106358
0.0004944
0.0960482
-0.3214396
-0.0681225
-0.3477543
-0.0131453
-0.0545413
0.0206760
0.0428723
-0.0427207
-0.0472176
0.0413954
-0.0261773
-0.0581501
0.0058039
0.0907626
-0.0297052
-0.0495512
-0.0819836
-0.1006551
0.1084971
0.3838267
-0.4230459
0.3081576
-0.2671310
-0.0495839
0.0227318
-0.0668973
0.0192701
-0.0411631
-0.0133912
0.0557920
0.2244751
0.0553630
-0.2797717
0.0487512
0.0132337
-0.0037409
-0.0608795
0.0568674
-0.0314563
-0.0113215
0.0225136
-0.0682340
