-0.0715990
-0.0318804
0.0455937
0.0518320
-0.0798683
-0.0523893
-0.0330792
-0.0069659
0.2050077
0.2146912
-0.0501682
0.0183727
-0.0189263
0.0622226
0.0345274
0.0791227
-0.0478218
0.0241046
-0.0244040
-0.0226919
0.0316220
-0.0609652
0.0245446
0.0185990
0.0533050
0.0212456
-0.0398260
0.0228654
-0.0258947
-0.0171696
0.0216788
-0.0039312
0.0221410
-0.0684597
0.0025049
0.1190608
0.0490161
-0.0292235
-0.0179011
-0.0505121
-0.1207625
-0.1541139
0.0823392
0.3085951
0.3649331
-0.2739235
0.0390410
-0.0308627
-0.0644074
-0.0521446
-0.0819620
-0.0315509
-0.0412639
0.0816517
0.0060269
0.0139471
0.0159238
0.0513347
-0.0778618
-0.0268650
0.0049452
-0.0226549
0.0696362
-0.0049108
-0.0319592
0.0664443
0.1812546
0.0780843
-0.0439562
0.0446064
0.0259978
0.0847065
-0.0003697
-0.0477550
-0.0537922
-0.0413243
0.0206026
-0.0104203
0.0128856
0.0336616
0.0524381
0.0376003
0.0287022
-0.0603119
0.0499124
-0.0509091
0.0083049
0.0063905
0.0057940
-0.0107704
0.0341342
0.0432906
-0.0062848
-0.0270652
-0.0678761
-0.1639547
-0.1204899
0.2354683
0.3432911
0.3231408
-0.0923272
-0.0902887
-0.0282285
0.0312378
0.0782739
0.0534056
0.0514115
-0.0688283
-0.0531378
-0.0298231
0.0145516
0.0028343
0.0515491
0.0447501
0.0283805
-0.0365554
0.0070675
0.0267098
0.0114784
0.0283544
-0.0900988
0.0015941
0.0274609
-0.0256104
-0.0597480
-0.0625048
0.3068168
0.1791717
0.0817158
-0.2021456
-0.1899297
-0.0416950
0.0067963
0.0019071
0.0200711
0.0343008
-0.0655046
-0.0305151
-0.0535938
0.0038451
0.0211876
-0.0670372
-0.0556998
0.0089639
0.0179142
-0.0066071
0.0056256
0.0029480
-0.0140906
-0.0062592
0.0457252
0.0468080
0.0862799
-0.0246911
0.0575909
-0.1080301
0.3809855
0.0398704
-0.2012937
-0.0684650
0.0368418
0.0403719
-0.0422811
0.0738647
0.0680503
0.0504653
0.0121022
-0.0500970
-0.0229541
0.0153026
-0.0451225
-0.0225120
-0.0160692
-0.0221088
-0.0330932
0.0481871
-0.0188017
-0.0198937
0.0283050
0.0645129
0.0691942
0.0347174
-0.0798986
-0.0405136
-0.0667147
-0.1293582
-0.0813421
0.0193482
0.1945550
0.3395500
-0.2203872
0.0290868
0.0928260
0.0574786
0.0621167
-0.0065439
-0.0175764
-0.0582439
-0.0120665
-0.0149697
