0.8822463
-0.0362117
-0.1326849
-0.4111247
-0.1027484
-0.1084865
0.6162278
0.3132941
-0.0544787
-0.2202010
-0.0528589
0.1896665
0.1144789
0.2467259
0.0140644
0.0127405
-0.0014236
0.0197646
0.0107277
0.0261771
-0.0943289
-0.0506660
0.1294875
0.1962170
0.0631248
0.0206395
-0.7766774
0.3719660
0.9600189
0.8831992
0.3308443
-0.3798655
0.0511685
0.2430554
-0.0401616
0.1245873
-0.0079375
0.0322344
0.0121514
0.1020609
0.0726410
0.0766966
0.0227214
-0.0582534
0.0713008
-0.1098554
0.0682609
-0.0324985
-0.0454997
0.0433431
0.0287629
-0.0214156
-0.2826253
0.4939618
0.0383443
0.1675142
-0.1415966
-0.1252486
0.0494834
0.0812309
-0.1141069
0.0337438
0.0177605
-0.1019199
0.0483041
-0.0053886
0.0021230
0.0021378
0.0869610
-0.0359353
-0.2295580
0.0226237
0.5756765
0.2437003
-0.1280933
-0.2745637
0.0607813
-0.1014887
0.0073961
0.1252822
0.0721660
-0.0965905
0.0851397
-0.0561146
0.0083191
0.0159648
-0.0748304
-0.0687922
-0.0055279
0.1010112
-0.0325285
-0.0556316
0.1101852
0.0143240
-0.0144578
0.0005482
0.0613686
-0.1844331
-0.0684949
0.2571856
0.6200541
-0.0216460
-0.0474894
-0.0803549
0.0124673
0.0182566
0.0725695
0.0266655
-0.1489919
-0.1349311
0.0134506
-0.0733787
0.0390529
0.0061804
-0.1052486
0.1081603
0.1008970
0.0927565
-0.0494694
0.0450943
-0.0738344
-0.0098727
-0.2023212
0.0268432
0.5600685
0.0190535
0.0627982
0.1560451
0.0085892
-0.0771943
0.0216399
0.1113111
-0.0819635
0.0693018
0.0536060
0.0651246
0.0550117
-0.0188014
0.0532694
-0.0289713
-0.1448379
0.0320988
-0.0100219
0.1577374
-0.0013554
-0.1850273
-0.3534298
0.0817839
0.6153818
-0.2819988
-0.2109447
-0.0649535
-0.0587924
0.1705753
0.0471697
-0.1289284
-0.1127070
-0.1180697
0.0029504
-0.0326809
-0.0283275
0.0619247
-0.1435892
-0.0035238
0.2084645
0.1758188
-0.0292778
-0.4004227
-0.6446645
-0.3361341
0.5771973
0.7212058
0.5222805
-0.3347143
-0.0927715
-0.0424322
-0.0419409
-0.0232444
0.0975267
0.0314375
-0.0367269
-0.0601424
0.0538423
-0.0713681
0.0704480
-0.0082950
0.0150152
0.0405748
-0.0650747
0.0556631
-0.1187687
-0.1008150
0.0912388
0.1007351
0.0161809
0.1473788
0.0757103
-0.4999115
-0.5499300
-0.3428400
