0.3651773
0.0110724
-0.0016064
0.0319822
-0.0259158
-0.0091424
0.0065266
0.0027469
-0.0044828
-0.0607597
0.0830318
0.0672557
-0.1550668
0.3267319
0.0324185
-0.0710761
0.0319257
-0.0367528
0.0380105
0.0553927
0.0232300
0.0226403
-0.0022131
0.0645735
-0.0618833
0.0538810
-0.0302705
-0.1020366
-0.1000560
0.0038237
0.3334554
0.3835124
-0.4424592
0.1178414
0.1205432
-0.0404187
0.0552071
0.0200828
-0.0337765
0.0236427
-0.0155029
0.0066503
-0.0109963
0.0048717
0.0019848
-0.0330086
-0.0290873
0.0663166
0.2852434
0.0352721
0.0591032
-0.0193474
-0.0199518
-0.0444591
-0.0436427
0.0326823
-0.0252093
-0.1422914
-0.1556087
-0.0294321
-0.2163550
-0.5033211
-0.0074789
0.0609230
0.0125339
-0.0082703
-0.0101789
-0.0112629
0.0657407
0.0346280
-0.0008233
-0.0024684
-0.0595626
0.0296126
0.0611724
0.0850736
-0.0093604
-0.0131888
-0.0682018
-0.0498785
0.2037731
-0.0144821
0.0510206
-0.0335155
-0.0188726
0.0118023
0.0999677
0.0849087
0.0361280
0.0183459
-0.1180768
-0.3703535
0.1314812
-0.0320621
-0.0139157
0.0450862
0.0227544
-0.0491452
0.0296837
0.0478523
