0.2626301
-0.2248508
-0.0643353
-0.0078053
0.0140254
0.0727270
-0.0755529
0.0128428
-0.0816935
-0.0571876
-0.0144093
0.0209302
0.0496536
0.0165230
-0.0301512
-0.0206284
-0.0344864
-0.0499197
-0.0346162
0.0096505
-0.0256251
0.0322328
0.0477896
0.0379067
-0.0402528
0.0647935
0.0288537
0.0428355
0.0020909
-0.0976044
-0.1108895
-0.0253496
-0.0743920
0.2963516
0.3459037
-0.0475696
0.0021245
0.0877122
0.0657208
-0.0385137
-0.0114399
-0.0035923
-0.0139523
-0.0636877
-0.0513310
-0.0000712
-0.0326128
0.0448522
0.0414845
-0.0054181
0.0026886
0.0752923
-0.0543120
-0.0888858
0.0328540
0.0285061
-0.0282671
-0.0146625
0.3223201
-0.2039882
-0.1828687
-0.0066357
-0.0276060
0.0317682
-0.0132335
0.0264269
0.0140490
0.0014555
-0.0112342
0.0482499
-0.0550205
0.0106992
0.0295214
0.0353831
0.0277558
0.0038780
0.0698151
-0.0192529
0.0413796
0.0116515
-0.0629042
0.0175885
-0.0044310
0.0199956
-0.0371865
-0.0615134
-0.0611604
-0.0911598
0.2474892
-0.2674702
-0.0216338
0.0619504
0.0576411
0.0544620
0.0317989
-0.0876248
-0.0655895
-0.0389540
-0.0262993
0.0004779
0.0455847
0.0432437
0.0409098
-0.0700829
0.0321510
-0.0368779
-0.0443148
-0.0289738
-0.0285784
0.0032353
0.0160469
0.0066997
0.0237945
0.0552816
0.0155422
0.0675059
-0.0904180
-0.0121710
-0.0690155
0.3468994
-0.0127342
0.0274546
0.1128585
0.0467560
0.0711089
-0.0208034
-0.0361047
-0.0050580
0.0417103
-0.0013282
0.0790804
-0.0371766
-0.0382376
0.0024106
-0.0118861
-0.0330376
-0.0299805
-0.0642660
0.0635569
0.0273404
0.0400950
0.0601169
-0.0329747
-0.0463018
-0.0782754
-0.0540583
0.2111781
0.2718352
-0.1921078
-0.1337351
-0.0262376
0.0439396
0.0642807
0.0453630
0.0948841
-0.0281275
0.0239798
0.0694444
-0.0001865
0.0386561
-0.0342151
-0.0468798
0.0182979
0.0022386
-0.0513124
0.0655639
0.1089353
0.0588713
0.0599675
0.0449613
-0.0569981
-0.0899691
-0.0572746
0.0233322
-0.0602488
0.0813267
0.0539639
-0.2599059
-0.0749306
-0.0274884
0.0760618
0.0661490
0.1011774
0.0430723
-0.0135973
-0.0794020
0.0051737
-0.0033802
-0.0411756
0.0526329
0.0758059
-0.0219197
-0.0434132
-0.0430694
0.0033723
-0.0152258
0.0509359
-0.0195095
-0.0406534
0.0045289
