0.3722044
-0.0722254
-0.0385508
-0.0013550
-0.0137268
-0.0103286
-0.0567494
-0.0780712
-0.0236880
0.0252068
0.1199637
0.0963792
-0.0945327
0.2744059
0.0357046
-0.0664789
0.0595167
0.0107424
0.0182328
-0.0029516
0.0229678
-0.0356991
0.0012526
0.0119303
-0.0519319
0.0676637
0.0619455
0.0304733
-0.0862812
-0.1191170
0.3474560
0.4935117
-0.4847141
0.1096107
-0.0032813
-0.0406553
0.0530512
-0.0031029
-0.0191146
0.0242075
-0.0533907
-0.0366849
-0.0914244
-0.0459871
-0.0252851
-0.0157746
0.0156381
0.0186547
0.3321939
0.1035626
-0.0241657
-0.0206100
0.0458991
0.0248863
0.0246775
-0.0047712
-0.1125536
-0.1270517
-0.1372215
0.4796807
-0.2124205
0.1819522
0.1018055
0.0465920
0.0001867
0.0102788
-0.0566617
0.0163846
-0.0092248
-0.0631713
-0.0345945
-0.0359838
-0.0215927
0.0117643
0.0272025
0.0494372
-0.0730062
-0.1155254
0.1265456
0.3389385
-0.2380554
0.0318885
0.0370248
-0.0500556
0.1111781
0.0413750
-0.2095182
-0.0630195
0.0358323
0.2450479
0.4782635
0.0096356
0.0116770
-0.0479564
-0.0036593
-0.0578529
-0.0044717
0.0216311
-0.0041242
-0.0714647
