-0.1601333
0.2713850
0.2244748
-0.1243140
0.0213469
-0.0039753
-0.0375652
0.0502322
0.1287855
-0.0901039
-0.0860365
-0.0725145
-0.0713670
-0.0418944
0.1387188
-0.0177638
0.0215433
-0.1210516
-0.0015238
0.0348032
-0.0697944
-0.0774825
-0.0550245
0.1254419
0.0415789
-0.0415813
-0.2209466
-0.0894640
0.2650768
0.3845711
0.2424181
0.2080172
-0.1059901
0.0068576
0.1663867
-0.0446494
0.0168010
0.0811311
0.1131101
-0.0550408
0.1342122
0.1418468
-0.0482304
0.0785521
0.0945332
0.0474484
0.0709095
0.0419296
-0.2029244
0.0439554
-0.0430032
-0.0632560
-0.1850169
0.2065193
-0.1154827
0.1424126
0.0380112
-0.0623583
-0.0351931
0.0117943
0.0827611
0.0300604
-0.0101927
0.0047050
-0.0201541
-0.0530164
0.1176848
0.0096976
-0.0404876
-0.1156145
-0.0975715
0.3028616
-0.0790591
-0.0725623
-0.0352813
-0.0785571
-0.0345841
0.0420759
-0.0077647
-0.0240873
0.1470473
0.0349075
0.0750166
0.0151151
0.0844741
0.1282197
0.1159607
-0.0019657
0.0306440
-0.0248809
-0.0125928
0.0786258
-0.0051294
-0.1345924
0.0186366
-0.0114143
-0.0679980
0.0052125
-0.0736608
0.0597044
0.0048536
0.0496634
0.1246462
0.1057850
0.1554891
-0.0162914
0.0874570
-0.0639682
-0.0993604
0.0705496
-0.0059645
0.0080066
0.1259617
-0.0462750
0.0768951
0.0679796
0.1042671
0.0751629
0.1032909
-0.1470946
-0.0524096
0.0787843
-0.0518863
-0.0976221
-0.1494616
0.0379085
0.0550666
0.1378966
-0.0583955
0.0229431
0.0003031
0.0042863
-0.0934053
0.0095623
0.0272487
-0.0778904
-0.0270324
0.0812569
-0.0665292
0.1099248
0.0108351
-0.1748158
0.0575829
0.0468839
0.0636845
-0.0380761
-0.1292648
0.0863215
-0.1547885
0.0762084
0.0137552
0.1053381
0.1124857
0.0484149
-0.1024757
-0.1281911
-0.0644744
-0.0739122
0.0245973
-0.0134831
0.0412476
0.0880503
-0.0219386
0.0178956
0.2243155
0.1280213
-0.1023908
0.0057695
-0.0782402
-0.0434491
0.1298255
0.0733252
0.1610847
0.1657211
0.0189264
0.0926475
-0.1589812
0.0180968
0.0897141
-0.0657606
-0.0728989
0.0125678
0.0902445
0.0920181
-0.0795137
-0.1100130
0.0356038
0.0108184
0.0124381
-0.0113116
0.0484680
-0.0661937
-0.1019602
-0.1525682
-0.0268318
-0.1164750
-0.2199519
-0.1666581
0.0409765
0.0382253
