0.2536498
-0.0415291
-0.0471614
0.0210186
-0.0371387
-0.0002188
-0.0037407
0.0199381
0.0122808
-0.0099113
0.0229971
0.0040453
-0.0771780
0.2274312
0.0356297
-0.0175876
0.0161929
-0.0232960
-0.0083159
-0.0258724
-0.0259060
-0.0003508
-0.0026549
-0.0294380
-0.0068959
-0.0173057
0.0262149
0.0400514
-0.0168710
-0.1419410
0.0559556
0.2053641
-0.0117706
-0.0613633
0.0539904
0.0125173
0.0128533
-0.0148653
0.0195647
0.0028933
-0.0214726
-0.0003230
-0.0367674
-0.0133470
-0.0358174
-0.0325845
-0.0233105
0.0233536
0.2875394
0.0289531
-0.0262904
-0.0117906
-0.0240419
-0.0559992
0.0133657
0.0340387
-0.0015667
-0.1438552
-0.1974437
0.2737492
-0.1749316
-0.0865138
0.0098889
0.0253574
0.0015808
-0.0393543
-0.0470664
-0.0404443
-0.0113590
-0.0228044
0.0076240
-0.0011101
-0.0381687
0.0020263
0.0494866
0.0527089
-0.0125274
-0.0644905
-0.0055012
0.2671679
-0.1214041
0.0081648
0.0135820
0.0355806
-0.0566497
-0.0230335
0.0167376
0.0798018
-0.0576837
-0.1151739
-0.1665962
-0.0722018
0.0552831
0.0056381
0.0011575
0.0441270
-0.0224422
-0.0145273
-0.0117150
-0.0105862
