0.2789513
-0.0119375
-0.0189826
0.0185948
0.0038096
-0.0058958
0.0123884
0.0158096
0.0090680
0.0058703
0.0152399
0.0121951
0.0098792
-0.0209500
0.0043884
0.0065688
-0.0152816
-0.0219701
-0.0038225
0.0013395
0.0166280
-0.0065897
0.0103688
0.0183622
0.0020260
0.0097484
-0.0066458
-0.0124045
0.0109505
0.0139426
0.0196319
0.0148691
0.0023095
0.0054812
0.0176460
0.0087592
0.0147284
0.0120539
-0.0119744
0.0065557
-0.0081682
0.0225405
-0.0164462
0.0281664
0.0005722
-0.0077644
-0.0250590
0.0256762
0.0181045
0.0064263
0.0328284
-0.0036418
0.0252625
-0.0377891
0.0233901
-0.0638158
-0.1751350
0.3375768
0.0253524
-0.0200951
0.0125984
0.0336625
-0.0008109
-0.0083794
0.0001153
0.0016491
-0.0031862
0.0022822
0.0075336
0.0078262
0.0177061
-0.0139298
0.0027618
-0.0030541
-0.0113775
-0.0038297
0.0058848
-0.0190698
0.0077671
-0.0310347
-0.0060760
-0.0216139
0.0206432
0.0052841
-0.0023314
-0.0067161
0.0036492
0.0137632
-0.0243590
-0.0185369
-0.0112016
-0.0084359
-0.0174088
-0.0198203
-0.1147761
-0.0944442
-0.0207708
-0.0641850
0.0130837
0.0025990
