0.1610824
-0.0149048
-0.0057978
-0.0057672
-0.0227851
0.0000528
-0.0272506
0.0100567
0.0205049
0.0175574
-0.0105095
0.0157434
-0.0175174
0.0014768
0.0072218
-0.0326932
-0.0033401
-0.0160085
0.0513421
0.0020011
-0.0911574
-0.1639005
-0.1395597
0.0385816
0.0467795
0.0146554
0.0057388
0.0257385
0.0237414
-0.0172193
-0.0004750
-0.0139047
0.0122311
-0.0097847
-0.0104348
-0.0098756
-0.0203335
0.0094894
0.0253200
0.0101283
0.0267328
0.0010445
-0.0017349
0.0157409
0.0150189
0.0194005
-0.0251976
-0.0153435
0.1492984
0.0026132
0.0059315
-0.0151220
-0.0226305
-0.0192468
0.0027307
0.0044741
-0.0196642
-0.0023135
-0.0227989
0.0010774
-0.0176029
0.0301974
-0.0114692
-0.0149050
0.0013141
0.0158247
-0.0027330
-0.0225818
-0.0140759
0.0087143
-0.0089750
0.0051144
0.0047131
0.0099490
0.0070047
0.0175306
0.0023000
-0.0268861
-0.0099732
-0.0120305
-0.0088581
-0.0227198
-0.0181098
-0.0011744
0.0075144
0.0026588
-0.0300260
0.0014435
0.0287997
0.0270818
0.0083768
-0.0182790
0.1141843
0.0170773
-0.0001038
-0.0361077
0.0005658
-0.0088018
0.0020456
0.0051682
