-0.0243737
-0.0317166
-0.0232424
0.0625113
-0.0110175
-0.0537051
0.1384284
0.0632647
-0.0965666
-0.0444824
-0.0811228
0.0022416
0.0128358
-0.0202639
-0.0170247
-0.0188435
0.0090775
0.0125687
0.0108155
-0.0265638
-0.0151364
-0.0090554
0.0142100
0.0232205
-0.0102210
0.0247131
0.0268326
0.0092917
-0.0299580
-0.0376767
0.0201698
-0.0142651
0.0003352
0.0061715
-0.0008138
0.0315848
0.0881247
-0.0799834
0.0627415
0.0289111
-0.0511940
-0.0581617
-0.0338450
-0.0071517
-0.0410901
-0.0013370
-0.0259626
0.0040849
-0.0349070
0.0203764
0.0395200
0.0169596
0.0055242
-0.0209581
-0.0281304
0.0246909
-0.0539292
-0.1039008
0.1331905
-0.0956857
0.0676226
0.0614826
0.0013154
0.0083010
0.0375585
-0.0173129
-0.0690686
0.0171786
-0.0323738
0.0129238
0.0012029
0.0572178
-0.0044443
-0.0216525
-0.0265871
-0.0116629
0.0089231
-0.0273454
-0.0331955
0.0021998
-0.0158603
0.0040263
0.0081613
-0.0787797
0.1002327
0.1079633
0.0003848
0.0141049
-0.0452702
-0.0412590
0.0721831
0.0264172
-0.0033448
0.0226869
-0.0178872
0.0034029
0.0107605
-0.0255370
0.0154403
-0.0312151
-0.0080687
-0.0067145
-0.0132446
-0.0203850
-0.0215786
0.0044833
-0.0206385
0.0404940
0.0532704
-0.0187485
-0.0481686
-0.0980867
0.1651148
-0.0521566
-0.0345231
0.0349805
-0.0402112
0.0246957
0.0033320
-0.0109482
0.0179962
-0.0496067
0.0118497
0.0036904
-0.0125364
-0.0314093
0.0066050
-0.0112296
-0.0038396
0.0289673
0.0103120
0.2228397
0.2436337
-0.1074223
-0.1697452
-0.0981461
0.0065514
0.0355875
0.0042493
-0.0103727
-0.0193032
-0.0253156
-0.0346752
-0.0403951
0.0028948
-0.0260513
-0.0027143
0.0318161
0.0244287
0.0286904
0.0202377
-0.0306521
0.0198561
0.0095726
-0.0437525
-0.0466437
-0.0466816
-0.0558458
0.0567380
-0.1542784
-0.0640189
-0.0551587
-0.0656384
-0.0198144
-0.0255394
-0.0108672
-0.0533727
0.0227227
-0.0350341
0.0263436
0.0154771
-0.0015537
0.0143762
-0.0076084
0.0021876
-0.0006963
0.0107501
0.1167550
-0.0160024
0.0169186
0.0839696
-0.0403171
-0.2241434
0.0688380
0.1600623
0.0101530
-0.0517519
-0.0702168
-0.0468340
-0.0285461
0.0325061
0.0308716
-0.0442043
-0.0589496
-0.0593137
0.0414627
0.0166439
0.0024362
0.0244213
-0.0260277
