0.1146244
-0.0453204
-0.0124212
0.0085100
0.0070400
0.0255914
0.0120503
0.0125643
-0.0294220
0.0095383
-0.0079402
-0.0007594
0.0032088
-0.0268526
-0.0289274
-0.0399509
-0.0447267
-0.0490956
0.0881739
-0.0302630
-0.1173140
-0.0613618
0.0718832
0.1251847
-0.0506236
0.1218705
-0.0393913
-0.0625938
-0.0408702
-0.0445627
-0.0077750
-0.0149372
0.0057797
-0.0236264
-0.0119688
0.0058490
-0.0078724
0.0493140
0.0185906
0.0068778
0.0165372
-0.0527485
-0.0213993
-0.0790833
-0.0192462
-0.0672876
-0.1552793
0.1716947
0.0220401
-0.0602604
-0.0141046
-0.0332301
-0.0389896
-0.0183210
0.0299210
0.0032862
-0.0030165
-0.0294354
-0.0144794
-0.0195043
0.0017470
-0.0310195
-0.0150780
-0.0262305
0.0124430
-0.0178381
0.0174742
0.0146533
0.0064288
-0.0158605
0.0288212
0.0363166
0.0718339
0.0516016
0.0337403
0.0299911
-0.2037248
-0.2244335
-0.0931402
0.0649692
0.2758664
0.1948324
-0.1582754
-0.0379514
0.0080736
0.0703162
0.0159101
-0.0112064
-0.0471518
0.0108417
-0.0074860
0.0201723
-0.0159783
-0.0401479
-0.0389322
0.0183325
-0.0160813
0.0175114
0.0179569
0.0041752
-0.0378607
-0.0122467
-0.0006782
0.0377841
0.0458398
0.0880473
0.0392494
-0.0444634
-0.1484421
-0.2603547
0.3419926
0.3828083
-0.1768177
-0.1136348
-0.0493393
0.0155464
0.0580598
-0.0440562
-0.0533042
-0.0289195
0.0146168
0.0391567
-0.0110927
-0.0457354
-0.0062880
0.0396438
0.0447736
-0.0037207
-0.0373144
-0.0516587
-0.0056176
0.0211523
-0.0232958
-0.1857656
-0.2035622
-0.2226938
-0.0103521
-0.1479385
-0.0535033
-0.0606994
-0.0106996
0.0690147
0.0662085
0.0559348
0.0031854
-0.0216619
0.0046094
0.0062609
0.0230024
-0.0150670
0.0013418
-0.0021253
-0.0069416
-0.0256276
-0.0154942
0.0062093
0.0148968
-0.0043470
0.0456880
0.0030023
-0.0067580
0.1274485
0.0787534
0.0180061
0.0463694
0.0417113
0.0354477
0.0102477
-0.0410797
-0.0327910
-0.0148157
0.0163607
0.0188874
-0.0267552
-0.0031554
0.0274813
0.0126524
-0.0147408
0.0347308
0.0145853
0.0242500
-0.0077823
-0.0382985
0.0127742
0.0102137
0.0472854
0.0446995
0.0178668
0.0163594
0.0610586
-0.1307946
0.0785804
0.0166158
-0.0743853
-0.1259725
0.0325110
0.0242342
0.0595510
0.0209100
-0.0081529
