0.2734553
0.0011644
-0.0322689
0.0069972
0.0101303
0.0074264
-0.0209143
-0.0110400
-0.0115491
-0.0145432
-0.0067355
-0.0055790
0.0112214
-0.0061514
0.0004039
0.0099267
-0.0081827
0.0120299
0.0080132
0.0298824
-0.0183823
0.0168359
-0.0120995
-0.0092136
-0.0189853
0.0196186
0.0071573
-0.0230391
0.0033497
-0.0139087
-0.0203419
0.0077367
-0.0181447
-0.0149058
-0.0073330
-0.0217219
-0.0114289
0.0252792
-0.0201499
-0.1640498
-0.0224383
0.2041681
0.2906302
0.0966803
-0.0985131
-0.1749660
-0.0860482
-0.0351083
-0.0203531
0.0113450
0.0140635
-0.0062890
-0.0227392
-0.0105220
-0.0101813
-0.0210189
-0.0070749
0.0011067
0.0033297
-0.0006827
-0.0032562
0.0193108
0.0003614
-0.0093355
-0.0077549
0.0447581
0.0079876
0.0063618
-0.0220046
0.0064433
-0.0147459
-0.0134202
0.0049596
0.0022585
-0.0136118
0.0173144
0.0103703
0.0130970
0.0295619
-0.0142009
-0.0375741
-0.1141430
0.0349826
-0.0329614
-0.0165718
-0.0070834
0.0017686
0.0256135
-0.0043011
-0.0266352
-0.0101651
-0.0098101
0.0108340
0.0295145
-0.0157297
0.0211708
0.0179542
0.0140036
0.0222073
0.0015427
