0.0156623
-0.0071918
-0.0175828
0.0019925
0.0275990
0.0166523
0.0125467
-0.0177219
-0.0218354
-0.0307376
0.0494385
0.0639357
0.0523918
0.0264927
-0.0140197
-0.0821471
-0.1784456
-0.0901643
0.2958350
-0.0564320
-0.1865746
-0.1425175
-0.0209425
-0.0450628
0.0146793
0.0330778
-0.0161699
-0.0111805
-0.0172129
-0.0342411
-0.0199912
-0.0326585
-0.0044643
-0.0146597
-0.0052515
0.0247131
0.0000338
-0.0183936
0.0090093
0.0240568
-0.0028588
0.0102887
0.0025528
-0.0083495
-0.0074513
-0.0197995
-0.0048235
-0.0180287
0.0132857
-0.0257569
-0.0263759
-0.0210973
0.0119577
-0.0185517
-0.0147273
-0.0181602
-0.0314449
-0.0202212
0.0169793
-0.0126413
-0.0002927
0.0045891
-0.0306826
-0.0079545
0.0367641
0.0406311
0.0199611
-0.1201044
0.1104236
0.1046551
-0.0738751
-0.0375081
-0.0095180
-0.0010443
0.0332394
0.0550074
0.0349011
0.0055263
-0.0048266
-0.0007101
-0.0367815
-0.0124451
-0.0178958
0.0132462
-0.0090528
0.0161293
0.0027940
-0.0193797
0.0259670
0.0147722
-0.0023447
0.0164197
0.0070374
-0.0256384
-0.0137674
0.0190360
0.0096419
0.0183347
0.0073113
-0.0246455
-0.0143769
-0.0241324
-0.0269398
0.0058331
-0.0200489
-0.0019190
0.0154932
0.0113258
0.0214732
-0.0031635
0.0014003
0.0157428
0.0051141
0.0125278
0.0050708
-0.0063602
-0.0270697
0.0036566
-0.0153429
-0.0142692
-0.0131970
0.0103100
0.0150611
0.0097117
0.0134300
0.0113473
-0.0077254
-0.0170112
0.0051406
0.0156498
0.0279546
-0.0067958
0.0054340
0.0095834
0.0201846
0.0276691
0.0052496
0.0187096
-0.0059801
-0.0255956
-0.0137211
-0.0290224
-0.0136655
-0.0081113
-0.0114230
0.0103520
-0.0152466
-0.0061345
0.0017987
-0.0061168
-0.0022125
-0.0097999
0.0227083
0.0102727
0.0162406
-0.0090796
-0.0192798
0.0305048
0.0289268
0.0132490
0.0102626
0.0153542
0.0328867
-0.2307155
-0.1389824
0.3136171
-0.0098696
-0.1440506
-0.0660830
-0.0080861
-0.0163472
-0.0149396
0.0334457
0.0257377
0.0019507
0.0256523
-0.0259983
-0.0294002
-0.0268241
-0.0021934
0.0099840
-0.0106276
0.0008777
0.0263048
-0.0139058
0.0054591
0.0126873
-0.0153646
-0.0106278
-0.0042306
-0.0212091
0.0230579
0.0087085
-0.0275872
-0.0083244
-0.0075067
0.0202956
0.0047317
0.0155432
-0.0269765
