0.2029662
-0.0142113
-0.0414024
0.0296201
-0.0011137
-0.0063350
-0.0115325
-0.0038350
-0.0072015
0.0218842
-0.0193331
-0.0307846
-0.0081910
0.0382333
-0.0297967
0.0066453
0.0053818
0.0204836
0.0066071
0.0407763
-0.0354222
-0.0281005
-0.0093083
0.0053747
0.0151496
-0.0096301
0.0315090
-0.0364000
-0.0040474
-0.0286775
-0.0417540
-0.0126034
0.0201373
-0.0250790
-0.0193400
0.0103749
0.0258021
0.0407643
-0.1722049
0.3295424
0.0822038
-0.1044026
-0.1169208
-0.0089541
0.0122865
-0.0535118
0.0125323
0.0208196
0.0000864
-0.0151099
0.0018480
-0.0252977
-0.0091798
-0.0111176
-0.0011029
-0.0198390
0.0018342
0.0193911
0.0285438
-0.0261409
-0.0180796
-0.0135792
-0.0217742
-0.0336989
0.0031901
-0.0041341
-0.0264969
-0.0147137
-0.0268380
0.0225013
0.0220368
0.0144649
0.0316889
0.0069124
0.0012624
0.0231437
0.0061690
0.0243597
-0.0112713
-0.0173745
0.0162392
0.0419390
-0.0319114
0.0413463
-0.0376148
-0.0144922
-0.0279794
0.0382783
-0.0240201
0.0003342
-0.0096273
0.0058470
-0.0272887
0.0066368
0.0343878
-0.0012825
-0.0026015
-0.0214319
0.0044476
-0.0115846
