-0.0362111
0.0102534
0.0334602
-0.0268059
-0.0308105
0.0220645
0.0154387
-0.0351168
-0.0382175
0.0027113
-0.0199999
0.0432905
0.0078457
-0.0063245
0.0014485
-0.0097768
-0.0072383
-0.0438798
0.0005530
0.0227893
0.0146666
0.0530240
0.0098610
0.0167192
0.0091343
-0.0713100
0.0125163
-0.0039741
0.0944354
0.0898658
0.1061983
0.0045807
0.0894270
-0.2334472
-0.1896615
0.0320156
-0.0540748
-0.0578670
-0.0402932
-0.0368855
0.0285848
0.0719001
-0.0053121
-0.0188083
0.0607203
-0.0574784
0.0076425
0.0478769
0.0480882
0.0398486
-0.0337550
-0.0540619
-0.0155771
0.0253667
-0.0413680
-0.0012554
0.0516800
0.0437476
0.0135216
-0.0104290
-0.0625515
-0.0420365
-0.0092937
0.0152666
0.0006465
-0.1067077
-0.0810824
-0.0415232
0.0173966
0.0176161
-0.0246501
-0.0112350
-0.2771391
-0.1585473
-0.0471665
0.2455648
0.0233533
0.0117672
-0.0757440
-0.0515932
-0.0661640
-0.0903177
0.0208508
0.0397422
-0.0040082
-0.0521784
-0.0390135
-0.0080990
0.0366212
0.0119015
0.0351432
-0.0147060
-0.0308041
0.0392681
0.0215196
0.0164797
-0.0068106
-0.0088000
-0.0063890
-0.0169701
0.0269438
-0.0111398
-0.0375864
0.0135565
0.0360528
0.0162033
-0.0174001
0.0170920
-0.0350006
-0.0723069
0.0684213
0.0369765
0.0191393
0.0296535
-0.0257308
0.0685817
-0.0331248
0.0004203
0.0435293
-0.0019314
-0.0039902
-0.2935703
0.2910139
0.2426595
-0.0298680
-0.1207442
-0.0093776
0.0525176
0.0328159
0.0245997
0.0197500
0.0076147
0.0247695
0.0554264
-0.0361506
-0.0481341
-0.0491130
0.0269292
0.0017666
-0.0036982
-0.0343157
0.0259795
0.0104848
0.0393836
-0.0147367
0.0427909
0.0347182
0.0080078
-0.0372103
-0.0069859
0.0314371
0.0583506
-0.0284939
0.0072575
0.0192828
0.0218868
0.0033472
-0.0102448
-0.1104695
0.1176049
-0.1145311
-0.0842560
-0.0344058
0.0092328
0.0081981
-0.0808551
-0.0559282
0.0347363
0.0216096
0.0160331
-0.0088809
0.0294309
0.0407689
-0.0351900
-0.0598915
-0.0697128
-0.0512698
-0.0114803
-0.0062433
0.0559215
-0.0568038
0.0089277
-0.0402325
-0.0206685
-0.0204918
0.0529536
-0.0284035
-0.0175342
0.0150289
-0.0287708
0.0188483
0.0198852
-0.0033691
-0.0439971
0.0221991
0.0061856
0.0172739
-0.0000918
0.0515619
0.0480776
