0.3713748
-0.0100870
-0.0795170
-0.0323107
-0.0150896
0.0029556
-0.0420301
0.0143583
-0.0279603
0.0254817
-0.0322474
-0.0361562
0.0188030
0.0198958
-0.0365949
0.0417864
-0.0392729
-0.0051408
0.0526521
0.0037531
-0.0356261
0.0066318
-0.0243073
-0.0279256
0.0216757
0.0093310
0.0490998
-0.0364473
-0.0173000
0.0308920
0.0020704
0.0246851
-0.0273776
-0.0380041
0.0150482
-0.0615525
0.0500019
-0.0538816
0.1905943
0.0462009
-0.1376294
-0.2612232
-0.1965659
-0.0833063
-0.0353901
-0.0129477
0.0600212
0.0840556
0.0231136
0.0149901
-0.0416308
-0.0189790
0.0372917
0.0000974
-0.0073837
-0.0204304
0.0039400
0.0171065
0.0162708
-0.0276539
0.0087344
0.0056939
0.0281107
0.0005921
-0.0289458
-0.0034779
0.0301911
0.0348579
-0.0359467
-0.0003925
-0.0286641
0.0351815
0.0431153
0.0106866
-0.0160618
-0.0542448
-0.0114978
-0.0272137
0.0523557
0.0955679
-0.1535888
0.0812298
0.0361718
0.0184127
0.0259238
0.0102557
-0.0301938
0.0380369
-0.0086938
0.0137255
-0.0155819
0.0104816
-0.0427060
0.0264544
0.0101974
-0.0273026
-0.0047773
0.0224684
-0.0536437
-0.0044890
