-0.1410073
0.2100552
0.2679655
-0.0154685
-0.0426199
-0.0178791
0.0172578
0.0188489
0.0744025
0.0541077
-0.0241492
-0.0684769
-0.0353272
0.0187659
0.0492002
0.0413701
0.0458841
-0.0479145
-0.0123751
-0.0640736
-0.0409913
-0.0630685
-0.0069843
0.0424349
-0.0378571
-0.0152277
-0.0168023
0.0130592
-0.0081742
0.0522075
-0.0278908
-0.0664710
0.0332605
-0.0578428
-0.0500283
-0.0299787
0.0414156
-0.0282182
0.0239795
-0.0317848
-0.0286377
0.0285759
0.0469078
0.0096427
-0.0094311
-0.0796168
0.0726255
0.0783135
-0.0652361
-0.1707410
-0.1540926
-0.1268668
-0.0018451
0.6220449
-0.1929951
0.1364754
-0.1110374
-0.0312610
-0.0542418
0.0917398
0.0950077
-0.0069925
0.0246617
-0.0222540
0.0440884
0.0616686
0.0310996
-0.0400137
-0.0152301
0.0235684
-0.0198471
0.0192682
-0.0463792
-0.0081530
0.0475483
-0.0575001
-0.0370336
-0.0057695
-0.0582207
0.0181771
-0.0016008
0.0146348
-0.0515967
0.0100096
-0.0447383
0.0021022
0.0092504
-0.0587603
-0.0463754
-0.0323670
0.0371922
-0.0681829
0.0019254
-0.0405117
0.0565079
0.0652465
0.0127761
0.0613625
-0.0198347
-0.1051851
-0.1475257
0.1889580
0.5342849
0.3116628
-0.0529040
-0.4292977
-0.0535978
0.1463022
0.2363814
0.2250136
-0.0068869
-0.0462633
-0.0740343
0.0214771
0.0903258
0.0748826
0.0215952
-0.0079502
0.0110492
-0.0360539
-0.0092827
-0.0406125
0.0142297
-0.0271872
-0.0023964
-0.0036010
-0.0322796
0.0338692
-0.0516311
-0.0349404
-0.0465374
-0.0400785
0.0181535
-0.0380715
0.0286371
-0.0440101
0.0568888
0.0568917
-0.0176160
0.0774895
0.0333259
0.0605607
0.0293187
-0.0463908
-0.0233105
0.0354467
-0.0093264
0.1216541
0.0413636
-0.0011667
-0.0841010
-0.2603667
-0.2000592
0.0533823
0.2915442
-0.4430585
0.0846134
0.2583272
0.1383249
-0.1441173
0.0205193
0.0021698
0.0956768
0.0260546
0.0145843
-0.0196001
0.0654681
0.0398570
0.0205760
-0.0533808
-0.0635629
0.0288385
-0.0650854
0.0162688
-0.0339639
-0.0570659
-0.0501943
0.0313654
0.0484446
-0.0339890
-0.0413578
-0.0590852
0.0388943
-0.0428079
-0.0251330
-0.0215295
-0.0120785
-0.0463414
-0.0256277
0.0408664
-0.0199440
-0.0337624
0.0259612
-0.0442614
0.0083533
0.0023656
0.0475890
-0.0763381
0.0008523
-0.0838892
