-0.0177233
0.0215984
-0.0030855
-0.0230362
0.0098061
-0.0461126
0.0444737
0.0195599
0.0163769
0.0333282
0.0404235
-0.0095221
-0.0738862
-0.0672291
-0.0222329
-0.0637794
-0.0187713
0.0233671
0.0386222
0.1028762
0.1066606
0.0253518
-0.0306840
-0.1376526
-0.1468869
0.2997894
-0.1603750
-0.6481028
-0.3682378
-0.1133472
0.0894561
0.2312536
-0.0093283
-0.0905114
-0.0562944
0.0376616
0.0575383
0.0564409
-0.0090390
-0.0698827
0.0002377
0.0358592
0.0314936
0.0323202
-0.0503445
-0.0134100
-0.0252750
-0.0224995
0.0238262
0.0055207
0.0328285
0.0319768
0.0133099
0.0523027
-0.0458915
0.0387334
0.0320554
0.0395371
-0.0563136
-0.0323941
0.0428617
-0.0386425
0.0322943
-0.0114469
-0.0259429
0.0307773
-0.0345204
-0.0169743
-0.0076945
-0.0498159
0.0137593
-0.0429056
-0.0261367
-0.0376563
-0.0455363
0.0178860
-0.0358052
-0.0150786
-0.0387647
-0.0059716
0.0260546
-0.0174906
0.0322911
0.0120722
-0.0039949
0.0335402
-0.0568821
-0.0556449
0.0317469
0.0425588
-0.0003945
0.0399164
-0.0407976
0.0074671
-0.0485660
-0.0044086
-0.0202403
-0.0419172
0.0161771
0.0217193
0.0230021
-0.0353425
0.0390699
-0.0500062
0.0342380
0.0070406
0.0540563
0.0284581
0.0235579
-0.0029381
0.0097314
-0.0421750
0.0209486
0.0418953
0.0235187
-0.0241648
-0.0826239
-0.0404972
-0.0393078
0.0636196
0.0839488
-0.1451103
0.1527698
0.3159712
0.4941042
-0.2556306
0.1992103
0.1803994
0.1304979
0.0085834
-0.0227522
0.0839760
0.0004936
-0.0098067
0.0191054
-0.0494067
-0.0233319
0.0429529
0.0230427
-0.0101010
-0.0128640
-0.0441253
0.0047239
-0.0498415
-0.0501849
0.0449753
0.0214080
-0.0126870
0.0357321
-0.0139186
-0.0483592
0.0378591
0.0003180
-0.0449687
-0.0497712
0.0193971
-0.0276193
-0.0239446
-0.0319856
-0.0286635
-0.0114644
-0.0500593
0.0267312
-0.0025272
-0.0430510
-0.0372169
0.0084470
-0.0480402
0.0262949
-0.0154987
0.0279606
0.0549015
-0.0063998
-0.0111617
-0.0132035
-0.0216300
0.0529212
0.0138616
-0.0498402
0.0390124
-0.0245051
0.0191325
-0.0285037
0.0140497
0.0360787
-0.0438111
-0.0425158
0.0125324
-0.0151974
-0.0250005
0.0128892
0.0098280
0.0221409
0.0390646
-0.0334062
-0.0292710
-0.0254552
0.0331310
-0.0459776
0.0026521
