-0.0032619
0.0143321
0.0409043
0.0214481
-0.0066962
0.0414269
-0.0130172
-0.0233223
-0.0396114
0.0216650
0.0034366
0.0529128
-0.0150246
0.0090985
-0.0184059
0.0538918
-0.0450249
-0.0179214
-0.0529785
-0.0445730
0.0464651
-0.0244028
-0.0108050
-0.0197650
0.0393384
-0.0136117
0.0170539
0.0090174
0.0074964
-0.0088246
0.0588170
0.0454304
0.0306460
-0.0352803
0.0202225
0.0489507
-0.0352340
-0.0577251
0.0093360
0.0419189
-0.0063974
-0.0551996
0.0123242
-0.0338719
-0.0390217
-0.0331890
0.0159367
0.0443775
0.0520184
0.0371817
-0.0121264
-0.0390121
-0.0473521
-0.0030101
-0.0430231
-0.0493306
0.0312508
-0.0392573
-0.0236890
0.0595139
0.0264737
0.1043473
0.0867989
-0.2125836
-0.0969544
0.5557838
0.3887304
-0.6146627
0.1494785
0.1836197
0.0469259
-0.0805381
-0.0534583
-0.0233355
-0.0818853
-0.0603634
0.0330780
0.0070252
0.0699026
0.0404814
-0.0279358
-0.0356399
-0.0382094
0.0190151
-0.0316468
0.0170939
0.0480796
0.0348385
-0.0015873
-0.0302821
-0.0080418
0.0511451
-0.0559430
0.0437185
0.0254993
-0.0091895
-0.0360517
0.0254848
0.0034693
-0.0270199
0.0282809
-0.0402065
-0.0568687
0.0261950
-0.0196706
-0.0377150
0.0224010
0.0313326
-0.0409861
-0.0386712
0.0244378
-0.0136950
-0.0258266
0.0320295
0.0080381
-0.0368397
0.0142853
-0.0272611
0.0372862
0.0338422
0.0431785
-0.0047504
-0.0218457
-0.0054842
-0.0260576
-0.0012331
0.0497025
0.0395148
-0.0378460
0.0429700
-0.0327172
0.0093603
0.0571767
-0.0032554
-0.0081729
-0.0355480
0.0301818
-0.0381315
-0.0494236
-0.0335183
-0.0127588
-0.0216257
0.0122469
0.0174878
-0.0337544
0.0355963
0.0422333
0.0003541
0.0128581
0.0263615
0.0391766
-0.0522545
0.0018595
0.0451059
-0.0112692
0.0520139
0.0256607
0.0342362
0.0423626
0.0560698
-0.0577972
-0.0849563
-0.1820801
-0.5344276
-0.2251556
0.1275928
0.0756369
0.0352049
0.0057871
-0.0305966
-0.0631376
-0.0385276
-0.0337735
-0.0479725
0.0322848
0.0245566
-0.0234868
-0.0139528
-0.0384916
0.0023788
0.0257042
0.0414493
-0.0163427
0.0396163
-0.0089718
0.0072021
-0.0582878
0.0396891
-0.0474866
-0.0372349
-0.0136753
-0.0094292
-0.0547184
-0.0285262
-0.0450353
-0.0005024
0.0404288
-0.0156900
0.0248092
-0.0220221
