-0.0481489
-0.0034632
0.0426934
-0.0369231
-0.0327846
-0.0424223
0.0259385
0.0265723
0.0465608
0.0096105
0.0365671
0.0450801
0.0416596
-0.0718940
0.0168980
0.0528846
0.0426878
0.0526789
-0.0092035
-0.0068929
0.0804841
-0.0307169
-0.1940377
-0.1567811
-0.2212408
0.6361587
-0.5682971
-0.1194448
0.0073877
-0.0057682
0.0849840
0.1562429
-0.0263722
-0.0934575
-0.1573688
0.0907019
0.0585083
-0.0570990
0.0240976
-0.0823253
0.0234755
-0.0241616
-0.0063688
-0.0570519
-0.0507484
0.0296936
-0.0439724
0.0287499
-0.0548963
-0.0285949
0.0463337
0.0296400
0.0448910
0.0210682
-0.0569016
-0.0220871
0.0018177
0.0245329
-0.0478389
0.0273520
0.0460090
-0.0522546
-0.0971649
0.0626870
0.0313646
-0.0693336
-0.1212887
-0.2309376
0.2879921
0.2565056
-0.4034575
-0.1622518
-0.0844124
0.0206781
0.1426254
0.2301847
0.0268156
0.0150452
-0.1140308
-0.1096709
-0.0866999
-0.0187250
-0.0284489
0.1165597
0.0100868
-0.0842207
0.0128196
0.0466764
-0.0193493
-0.0379207
0.0276196
0.0186824
0.0286920
0.0314334
0.0086813
-0.0426914
0.0410853
0.0347735
-0.0493717
0.0576555
-0.0237631
-0.0601504
-0.0278939
-0.0110097
-0.0519246
-0.0131346
0.0574229
-0.0560498
-0.0163199
0.0701637
-0.0478065
0.0642184
0.0379633
0.0316816
0.0073702
0.0681016
0.0118090
-0.0688713
-0.0912283
-0.1495158
0.0449415
-0.1364327
-0.1414725
-0.0794809
0.1694600
0.0100793
-0.0720164
-0.1005443
-0.0931861
-0.0442378
-0.0148394
-0.0079198
-0.0289196
0.0320467
0.0062425
0.0849960
0.0606173
-0.0809527
-0.0124525
0.0256095
-0.0736906
-0.0079868
0.0150780
-0.0556158
0.0397007
-0.0301394
0.0279520
0.0393935
-0.0055353
-0.0094507
-0.0102407
-0.0418885
0.0035761
0.0261266
0.0343922
0.0041725
-0.0264650
0.0373582
-0.0903394
-0.0854951
0.0335648
0.1056494
-0.0405815
0.5981698
0.4922786
-0.4643582
-0.3202897
0.0077057
0.0469832
0.1817007
0.2964300
0.1617517
0.0951093
-0.0794299
-0.0757560
-0.0554685
0.0276049
0.0254139
0.1134300
0.0373420
0.0461441
-0.0819639
-0.0275337
0.0088020
-0.0306665
0.0739707
-0.0165356
0.0644960
0.0080585
0.0231642
-0.0473268
0.0553700
-0.0222993
0.0090807
0.0463054
-0.0201511
0.0531138
-0.0577111
-0.0167559
0.0699733
