0.0692660
-0.0298433
-0.0475053
-0.0713991
-0.0234250
-0.0252731
-0.0687582
-0.0046057
-0.0023044
-0.0102053
0.0926277
0.0425544
0.1052969
0.1168925
-0.0452823
-0.1657316
-0.2277632
-0.2373243
0.1975933
0.5953947
0.3642183
-0.0754610
-0.6165276
-0.5026491
-0.1194073
0.2383470
-0.0885175
-0.1629452
-0.1364012
-0.0554748
-0.1050621
0.0274195
0.0264799
-0.0035749
-0.0068862
0.0294324
-0.0485238
-0.0424765
0.0392588
0.0257679
-0.0652231
-0.0391695
0.0001502
0.0176574
0.0591391
-0.0512711
-0.0572103
-0.0331408
-0.0407999
-0.0087178
-0.0216718
-0.0263350
0.0626503
0.0658001
-0.0399016
-0.0406642
0.0385666
0.0326170
-0.0160239
0.0013987
0.0354848
0.1095347
0.1142163
-0.1706078
-0.1667178
0.5811203
0.2338472
-0.5883332
-0.0044231
0.1811996
0.1485737
-0.1298626
-0.1218883
-0.1368325
-0.0637642
-0.0715979
-0.0143310
0.0525222
0.0153442
-0.0212162
0.0266510
-0.0436507
-0.0709466
-0.0661825
0.0651972
-0.0114505
-0.0374909
0.0519345
0.0176035
-0.0304382
0.0194179
-0.0662982
0.0008121
-0.0644551
-0.0210422
-0.0455141
-0.0193839
-0.0491948
-0.0597800
0.0403496
-0.0286426
0.0504884
0.0019099
0.0634981
0.0085022
0.0383453
-0.0161320
0.0570314
0.0188221
-0.0552841
-0.0192746
0.0462060
0.0979149
0.0845078
0.0860293
-0.0179521
-0.1453745
0.6187110
0.5659149
-0.5401175
-0.2038544
0.1858885
-0.1015456
-0.0514302
-0.1284110
0.0262545
0.1153781
0.0008752
0.0029118
-0.0555522
-0.0204692
0.0214786
0.0036134
-0.0158011
-0.0196268
-0.0731810
0.0204761
0.0338836
-0.0468668
-0.0364635
-0.0388773
-0.0046203
-0.0282156
-0.0199934
-0.0432054
0.0601295
0.0524520
0.0064489
0.0335447
-0.0867388
-0.0660554
0.0346933
0.0550514
0.0848256
0.1317775
-0.1572161
0.2173730
0.5270065
0.3731880
-0.1406366
0.1188873
0.0889087
-0.0706343
0.0742298
0.0358406
0.0043127
0.0725957
0.0417160
-0.0442008
0.0212505
-0.0875343
-0.0237329
0.0394963
-0.0560806
-0.0433394
0.0261901
0.0648545
0.0417406
-0.0373267
-0.0611665
0.0476196
0.0414555
0.0354649
-0.0438294
0.0065849
-0.0637239
0.0049908
-0.0704453
0.0335569
0.0235538
-0.0429598
-0.0171662
0.0336653
0.0541414
-0.0253751
0.0128024
0.0467080
0.0445330
0.0391658
0.0705795
