-0.0123226
0.0950077
-0.0069925
-0.0759167
-0.0414207
-0.0222540
0.0606421
0.0616686
0.0310996
-0.0346325
-0.0152301
-0.0483902
0.0576795
-0.0198471
-0.0041729
0.0192682
-0.0463792
-0.0081530
-0.0575001
-0.0557021
-0.0370336
-0.0057695
0.0181771
-0.0016008
0.0146348
0.0292867
0.0524242
-0.0447383
0.0021022
-0.0329155
0.0357423
-0.0048440
-0.0286700
-0.0298379
0.0761466
0.0195569
0.0070999
0.0019254
0.0565079
0.0259286
0.0652465
0.0127761
0.0340638
0.0613625
-0.0198347
-0.2052728
-0.4482649
-0.0535978
0.1463022
0.1619007
0.2363814
0.2250136
-0.0252240
-0.1178485
-0.0255832
0.0842335
-0.0079502
-0.0651243
-0.0233211
0.0064553
-0.0262803
-0.0406125
0.0512463
-0.0314430
-0.0420055
-0.0374734
0.0196393
-0.0516311
0.0478172
-0.0339578
-0.0476268
0.0274364
-0.0017145
0.0618724
-0.0400785
0.0379780
-0.0440101
0.0568888
-0.0478642
-0.0521212
0.0117689
-0.0482815
0.0568917
0.0333259
0.0293187
-0.0749432
-0.0233105
0.0354467
-0.0039611
0.0386153
-0.0841010
-0.2024553
0.2915442
0.5075823
0.2349886
-0.4430585
-0.5341016
0.0495054
0.0227327
0.0846134
0.2583272
-0.1297273
-0.1441173
-0.0992440
-0.0933347
0.0205193
0.0061197
0.0956768
0.0669649
0.0331645
-0.0837081
-0.0145628
0.0325354
0.0377059
-0.0074122
0.0205760
-0.0650854
0.0008657
-0.0339639
-0.0146582
-0.0020400
0.0017046
-0.0156301
0.0388943
-0.0428079
-0.0003845
0.0408664
-0.0540925
0.0214447
0.0561541
-0.0199440
0.0044368
0.0391761
0.0475890
0.0085335
-0.0368037
-0.0763381
0.0774056
0.0233256
0.0684908
0.0935621
0.1304059
-0.0703075
-0.1705031
-0.1077736
0.5190464
0.4238935
-0.3898258
-0.3410050
-0.0610463
0.1161462
0.1854957
0.2012592
-0.0523257
-0.0059340
-0.0203606
0.0765909
0.0547612
-0.0132148
-0.0123625
0.0154952
0.0195061
0.0280789
-0.0647432
-0.0573133
0.0276738
0.0429730
-0.0190827
0.0284024
-0.0317237
-0.0217058
0.0017342
-0.0442206
-0.0244105
0.0260629
-0.0071069
-0.0272858
0.0091180
0.0561369
0.0207202
-0.0513031
0.0367966
0.0500859
0.0164385
0.0097476
0.0471135
0.0325847
0.0621203
0.0661505
0.0143157
-0.0682648
-0.0909908
-0.0564519
0.0208420
0.0206163
-0.0290044
0.0385211
-0.1942729
-0.1499447
-0.1976645
