-0.0598031
0.2275939
0.1818701
-0.0763838
-0.0540662
-0.1162564
0.0949809
0.0729585
0.0316790
0.0292903
0.0298830
0.0060345
0.0612031
0.0696555
0.0405452
0.0597139
-0.0379355
-0.0092883
-0.0058463
0.0126958
-0.0679381
0.0280078
-0.0193411
0.0077703
0.0138747
0.0145192
-0.0678958
0.0042231
-0.0158365
-0.0437075
0.0212288
-0.0411835
0.0560804
-0.0341443
0.0221621
0.0336932
0.0124341
0.0556491
0.0023730
0.0523868
0.0681554
0.0440122
-0.0696795
-0.0170839
-0.0227642
0.0662665
-0.0477857
-0.1855867
-0.1567139
-0.0726311
0.1540475
0.4589785
0.1056463
-0.5023110
0.1971726
-0.0394907
0.0472039
0.0358420
0.0222269
-0.0336188
0.0402411
-0.0969012
-0.0460159
0.0082090
0.0399957
-0.0469234
-0.0110806
-0.0517734
-0.0177870
0.0389860
0.0255164
-0.0476763
0.0641342
-0.0709621
-0.0356741
-0.0363297
0.0153464
-0.0442458
0.0384001
0.0696044
0.0343136
-0.0634576
0.0624081
0.0200482
0.0423670
-0.0403341
-0.0383110
0.0201763
0.0176494
-0.0279720
-0.0021621
0.0042876
-0.0021408
0.0373740
-0.1863178
-0.1908402
-0.1534927
0.1618039
0.4438727
0.6053657
0.2064655
-0.1332371
0.0201764
0.0934461
0.2655885
0.0241640
-0.0276434
-0.0415340
-0.0701382
-0.0696603
0.0080490
0.1096513
0.0543851
-0.0483874
-0.0690701
-0.0897314
0.0455598
0.0562063
0.0227681
-0.0176088
-0.0796423
0.0405679
0.0109573
0.0554555
-0.0496640
-0.0691986
-0.0220952
-0.0338514
-0.0691905
0.0360512
0.0484554
0.0363557
-0.0212679
0.0099246
-0.0304379
0.0016003
-0.0360885
-0.0833559
0.0137968
0.0143898
-0.0706866
-0.0180617
-0.0176233
0.0124878
0.0232634
-0.1079293
-0.2058608
-0.1531996
-0.0062013
0.4163712
0.5205573
-0.0704125
-0.5018671
-0.2393796
-0.0522461
0.2532864
-0.1038922
-0.1155484
-0.1102518
0.0466113
0.0042413
-0.0667301
0.0138623
0.0226395
-0.0202538
-0.0478617
0.0428886
-0.0718244
-0.0023989
0.0114233
0.0259181
-0.0334869
0.0293926
-0.0317338
-0.0309946
0.0583659
0.0566153
-0.0094539
0.0090602
0.0731100
-0.0347156
0.0152222
-0.0201526
0.0578660
0.0224834
0.0336242
-0.0238881
0.0173028
0.0451545
-0.0453724
0.0007209
-0.0765936
-0.0188102
-0.0262727
0.0343957
0.0859382
0.0301419
-0.0323956
-0.0389801
-0.1658545
