0.0143112
0.0443730
0.0529488
0.0402289
-0.0270848
-0.0170257
0.0037177
0.0348310
-0.0144720
-0.0281210
0.0515786
-0.0566011
0.0557945
-0.0122160
0.0125326
-0.0236094
-0.0150537
-0.0438003
0.0067650
0.0020321
0.0170835
-0.0336101
-0.0132468
-0.0261554
0.0011284
0.0262213
0.0464455
0.0366401
0.0229315
0.0036601
-0.0192815
-0.0363761
0.0296526
0.0043211
-0.0037461
-0.0370399
0.0211084
0.0065514
0.0069745
-0.0466382
-0.0238469
0.0568297
-0.0092717
-0.0120782
0.0001805
0.0436639
0.0367615
-0.0425897
0.0540352
-0.0521097
0.0041793
-0.0343065
0.0534920
-0.0156561
-0.0176573
-0.0301255
-0.0441270
0.0491578
0.0565100
-0.0277522
-0.0040840
-0.0175403
0.0351616
-0.0464221
0.0088335
-0.0000619
0.0493681
0.0318531
-0.0452028
0.0053868
0.0651905
0.0246749
0.0014291
0.0028373
-0.0455425
-0.0430699
-0.0685702
-0.0453958
-0.0102320
0.0472644
-0.0110884
0.0657913
0.0682655
-0.0215516
-0.1077017
-0.0707319
0.4563841
-0.3677899
-0.0947289
0.1517211
0.0546620
-0.0460281
-0.0363323
-0.0397970
0.0604039
0.0552361
0.0418506
0.0235738
0.0404681
-0.0410582
-0.0395974
-0.0004000
-0.0232822
-0.0139752
0.0505325
-0.0124438
0.0278048
-0.0502161
-0.0271512
-0.0411556
-0.0525635
0.0140966
0.0182249
-0.0405888
0.0145179
-0.0048326
-0.0557307
-0.0281477
0.0412420
0.0100664
0.0288493
-0.0333950
0.0537506
0.0398858
-0.0271613
-0.0556679
0.0405350
0.0270508
-0.0178071
0.0284478
0.0221713
0.0465099
0.0242917
-0.0531745
0.0286854
-0.0264193
-0.0216900
-0.0429193
0.0008275
-0.0025491
0.0067723
-0.0172259
0.0051130
-0.0478007
0.0257519
-0.0155418
0.0564476
-0.0170920
-0.0554735
-0.0149068
-0.0129742
0.0556145
-0.0002014
-0.0439610
-0.0538895
-0.0356156
-0.0355811
0.0073294
-0.0127084
0.0304787
0.0297811
0.0168413
-0.0073659
0.0215628
0.0312989
-0.0509276
-0.0206508
0.0479820
-0.0223331
0.0207568
-0.0646719
0.0397033
0.0411226
0.0050818
0.0380823
-0.0016171
0.0003333
-0.0088437
0.0108278
0.0298178
-0.0203755
0.0678594
0.0387410
0.0128891
-0.0190183
-0.1173244
-0.1380292
-0.1720945
-0.2074580
-0.0371308
0.3015159
-0.5818419
0.1821261
0.1816793
0.1097977
-0.0491366
-0.0025542
0.0122135
-0.0109054
-0.0382839
