0.0457960
0.0400596
-0.0060783
0.0553725
-0.0421231
0.0453526
-0.0354883
0.0086439
0.0138653
0.0064613
-0.0525750
-0.0371508
0.0000208
0.0560739
-0.0157450
-0.0032499
0.0500106
0.0100421
-0.0249410
0.0271341
-0.0397215
0.0288671
-0.0509351
-0.0258687
-0.0198682
-0.0381662
-0.0259089
-0.0457896
-0.0015989
-0.0316144
0.0229516
0.0061598
-0.0550627
-0.0380225
0.0306361
0.0139368
-0.0053692
0.0417580
-0.0392572
-0.0011420
-0.0032056
0.0459654
-0.0297735
0.0051954
-0.0353390
-0.0167073
0.0407759
0.0116895
-0.0461143
-0.0099335
-0.0539904
-0.0071183
-0.0374519
-0.0463244
0.0081575
-0.0001635
-0.0011928
0.0390159
-0.0013899
-0.0113356
-0.0140844
0.0474007
0.0307252
0.0418815
0.0042217
-0.0129599
0.0050408
-0.0575014
-0.0579383
-0.0378739
-0.0178783
-0.0039187
0.0149621
0.0206549
-0.0258833
-0.0770393
-0.0260339
-0.0196431
-0.0391436
0.0075355
0.0775291
0.1020591
0.1021879
-0.0338809
-0.2266827
-0.0778645
0.5621284
-0.3982205
-0.2373365
0.1403556
0.0213705
-0.0874023
-0.0948996
-0.0291349
-0.0013099
0.0032580
0.0684185
0.0612100
0.0092240
0.0022310
0.0327721
-0.0597514
-0.0387043
0.0089003
-0.0347400
0.0388684
0.0001518
-0.0387199
-0.0195865
0.0313383
-0.0543984
-0.0291771
-0.0114037
0.0051240
0.0128704
-0.0201331
-0.0372245
0.0037056
-0.0498855
-0.0497365
-0.0032619
0.0409043
0.0439965
-0.0407845
0.0417012
-0.0130172
0.0331510
0.0216650
-0.0214618
-0.0318146
-0.0494616
0.0357569
0.0214202
0.0133672
-0.0445730
0.0464651
-0.0244028
0.0088975
-0.0447431
-0.0136117
-0.0166912
-0.0416356
0.0090174
-0.0088246
0.0549859
-0.0232948
-0.0174077
-0.0352803
-0.0320926
0.0581106
0.0319530
0.0489507
-0.0352340
0.0128242
-0.0577251
-0.0063974
-0.0534189
0.0535236
-0.0215116
-0.0438603
-0.0588421
-0.0134016
0.0520184
-0.0030101
-0.0280902
-0.0488337
-0.0430231
-0.0254963
0.0512471
-0.0493306
-0.0099155
-0.0373201
-0.0060449
0.0396997
0.0041334
-0.0392573
-0.0236890
-0.0099334
0.0702309
0.0867989
0.0090369
-0.0311160
-0.0320333
-0.1283105
-0.2125836
0.0180319
0.4588811
0.5557838
0.3887304
0.0192710
0.1103443
0.1914844
-0.0213868
-0.0455285
-0.0805381
-0.0603634
-0.0177436
0.0070252
0.0699026
0.0404814
