-0.0491196
-0.0136923
-0.0385708
0.0124133
0.0436029
-0.0564097
-0.0173163
-0.0187932
0.0190084
0.0639955
0.0893341
0.0782719
-0.0191776
-0.0207154
-0.0081158
-0.0240878
0.0455935
0.0215919
-0.0695188
0.0294843
-0.0926237
0.0404573
-0.0375035
0.0789076
0.0101504
-0.1070789
0.0950120
-0.0303684
-0.0909682
-0.0747995
-0.0627543
-0.0011120
0.0577037
0.1696389
0.0732502
-0.2469844
-0.0991777
0.0580289
0.5966399
0.4956598
0.1117898
-0.4721655
-0.9123622
-0.2907274
0.2394382
0.1491915
-0.1019829
-0.0022139
0.0704887
0.0379954
-0.0208523
-0.0256887
0.0351337
0.0460555
-0.0253675
-0.0003931
0.0612869
0.0920011
0.0514763
-0.0248067
0.0249716
-0.0196111
-0.0484093
0.0338558
-0.0724797
-0.0161550
-0.0099108
-0.0499183
0.1508274
-0.0257812
-0.0357803
0.0115599
0.0265411
-0.0023837
0.0474551
0.0778487
-0.1009677
-0.1816645
-0.1849906
-0.0980996
-0.2112498
-0.0460672
0.4040904
-0.0241722
-0.4262754
0.1472180
0.2207253
0.0138005
-0.0620698
-0.0235812
0.0322052
0.0097076
-0.0336074
-0.0280170
0.0361360
-0.0945536
0.0567613
0.1141101
0.0778183
0.0585386
0.0538741
-0.1577308
-0.1342228
-0.0583618
-0.0257246
0.0404803
0.1018201
0.1064287
-0.0162923
-0.0934201
-0.2171177
-0.2001845
0.5747839
0.7696045
-0.4352393
-0.6447170
0.1705509
0.2040599
0.0996381
-0.1281653
-0.2002407
0.1138875
-0.0280446
0.0007982
-0.0164594
0.0243889
-0.0338177
0.0391927
0.0227525
-0.0313553
0.0235316
-0.0380658
-0.0478509
0.0427062
0.0771028
0.0540911
0.0881097
-0.0192545
-0.0556749
0.0805131
-0.0352661
0.0281736
-0.0228317
-0.0805474
0.0503758
-0.0112671
0.0747892
-0.0875305
0.0265176
0.0322914
-0.0289795
0.0542836
0.0086993
-0.0848490
0.0130846
0.0094973
-0.0379410
0.0792427
0.0714409
-0.0876306
0.0784568
-0.0482840
0.0418775
-0.0376849
0.0812183
0.0594725
0.0877146
-0.0698528
-0.2087515
-0.2004894
-0.1140056
-0.0970452
-0.0677373
0.6413507
-0.0172126
-0.6735275
0.4119299
0.1889521
0.1004431
-0.1167641
-0.1343100
0.0083018
-0.1105862
0.0208466
0.0229411
0.0395899
0.0340397
-0.0560189
0.0786885
-0.0242351
-0.0946135
0.0347618
-0.0305610
0.0778461
-0.0825581
-0.0884973
0.0419807
0.0068136
0.0227232
-0.0046392
