0.0563858
0.0724054
0.0533204
0.0762608
0.0755922
-0.0804963
-0.0295544
0.0641862
-0.0169834
-0.0172245
0.0127933
0.0485977
-0.0763605
-0.0621455
0.0031427
0.0575286
0.0813183
-0.0359146
-0.0240435
0.0526037
-0.0614978
0.0284970
0.0290150
-0.0727301
0.0820068
0.0105895
0.0765536
0.1745674
0.0964409
0.0370980
0.0019261
-0.1087381
-0.0154820
-0.0568506
0.0825885
-0.0223097
-0.0568353
-0.0993553
0.1753084
0.2419427
0.1847600
0.1542491
0.0060457
-0.0708638
-0.3466489
0.2705264
-0.1714747
-0.0909233
0.0528629
-0.0170884
0.0893063
0.0930000
-0.0262403
-0.0432037
0.0419350
0.0727289
0.0321322
0.0159589
0.0691575
-0.0476969
-0.0326510
0.0697099
-0.0485178
0.0736284
-0.0338724
0.0422767
0.0061121
0.0353207
-0.0323559
0.0214347
0.0298144
-0.0019004
-0.0417617
0.0746838
0.1373973
0.0460841
-0.0814466
0.0209411
-0.0347148
-0.0818367
-0.0666426
-0.0676993
0.0378977
0.0833893
-0.0765707
-0.1676644
0.0048348
0.1579626
0.2671282
-0.2493115
0.2093444
0.2416207
-0.1257048
-0.0335116
-0.0389924
0.0285058
-0.0230220
0.0215725
-0.0283172
0.0654016
0.0667547
-0.0700994
-0.0576966
0.0093897
-0.0500750
0.0452503
-0.0074314
0.0160302
0.0329605
-0.0788420
0.0288310
-0.0168810
0.0732935
-0.0018846
-0.0427574
0.0764410
0.0823539
0.0051739
0.0251395
-0.0598783
0.0546492
-0.0150173
0.0561596
0.0133447
0.0255535
0.0509144
-0.0433336
-0.0774884
-0.0284403
-0.1052317
-0.1019957
-0.0009603
-0.0280375
-0.0390058
-0.0864619
-0.1225918
-0.0514837
-0.0814902
-0.4777409
-0.5456677
-0.0920784
0.2813788
0.1223057
0.0645842
-0.0320198
-0.0508039
-0.0108432
-0.0196012
0.0413295
-0.0252653
-0.0537079
-0.0751291
0.0136876
-0.0520014
0.0281835
0.0257615
0.0285782
0.0014136
0.0404834
0.0796048
-0.0207715
0.0625444
-0.0555425
-0.0678445
-0.0764497
-0.0209346
-0.0321735
-0.0553568
0.0065464
0.0531338
0.0031617
-0.0390983
0.0789556
-0.0145728
-0.0299837
-0.0575577
0.0093267
-0.0304761
-0.0593882
-0.0683092
-0.0569912
-0.0529088
0.0532800
0.0107183
0.0027776
0.0480900
0.0377199
-0.0081212
-0.1634323
-0.1029774
0.1004620
0.5804727
-0.7973716
-0.7602096
-0.1718679
0.0567970
0.0212882
-0.0241227
-0.1372001
0.0238373
