0.0302586
0.0365739
0.0618655
-0.0309816
-0.0761330
0.0944732
-0.0315296
-0.0772340
-0.1209002
-0.0190922
0.0559004
0.0070437
-0.0375670
0.0347059
-0.0013926
0.0505114
0.0665717
0.1363393
0.0465111
0.0102172
0.0256627
-0.1701342
-0.1117151
-0.1761837
-0.0501603
0.2208240
-0.5986557
-0.3878687
-0.0102102
0.3523596
0.3613222
0.3144471
0.0223308
-0.0239569
-0.0689764
0.1313319
0.0899513
-0.0482895
-0.0830671
0.0302762
-0.0380686
0.0401806
-0.0063953
0.0795908
0.0047536
0.0321881
0.0231868
-0.0414436
0.0853729
-0.0340363
-0.0420808
-0.0748456
0.0024929
-0.0489286
0.0901394
-0.0224385
0.0465545
-0.0575361
-0.0456234
0.0172483
-0.0152667
-0.1154631
-0.1027024
0.0007820
-0.0422880
-0.0531609
0.0237851
0.0257485
0.0974144
-0.0008300
-0.1023916
-0.1388515
0.1144857
0.1819100
0.1444931
0.2167572
-0.4353124
-0.7015060
-0.5372063
-0.1512201
0.2778214
0.3320125
0.1000719
-0.1242597
0.0304764
0.0173025
-0.0268670
-0.0688725
0.0297848
0.0396560
-0.0568229
0.1009870
-0.0237848
0.0388663
0.0155446
0.0177206
0.0807809
-0.0336959
0.0440046
-0.0394308
-0.0172475
0.0468584
-0.0107913
-0.0455039
0.0820636
-0.0223177
0.0870375
-0.0285523
-0.0715348
-0.0484156
0.0845679
0.0410032
-0.0886402
-0.0653407
-0.0685262
0.0108712
0.0875022
-0.1164548
-0.0555555
0.0582650
-0.1113804
-0.0369203
0.0926863
-0.0120019
0.0278587
-0.1108950
0.0031415
0.1920201
0.1223662
0.3837296
0.3339680
-0.0037077
-0.0384835
-0.1740171
-0.0334994
-0.0133113
-0.0875695
-0.0558902
0.0523632
0.0097504
0.0178165
-0.0987044
-0.0656581
-0.0383649
0.0320764
0.0097215
0.0283792
-0.0065085
-0.0450792
0.0507833
-0.0440706
0.0581809
-0.0038257
-0.0508977
0.0341553
-0.0399890
0.0312884
-0.0728630
-0.0154774
-0.0554261
0.0162656
0.0640423
0.0658870
-0.0722952
0.0461858
0.0597056
0.0661040
-0.0592196
0.0044429
-0.0827400
-0.1277055
-0.0243278
0.0674738
-0.0064702
0.0061133
0.0069888
0.0302923
-0.1549666
-0.0795527
0.0589063
0.1709954
0.1350640
0.3012557
-0.0285038
-0.4434590
-0.0879575
0.3023526
0.2715244
0.1769675
0.0063920
-0.0715461
-0.0630716
0.0879092
0.0836791
-0.0462229
-0.0819972
-0.0941175
-0.1034338
-0.0883129
-0.0341149
