0.0113767
0.0167572
0.0101927
0.1045391
0.0558052
-0.0403495
0.0311516
0.0919211
0.0867855
0.0530680
-0.1242653
-0.1331643
-0.1700680
-0.1201655
-0.1476432
0.1214388
0.3632370
0.4337088
-0.3360315
-0.6682015
-0.4254947
0.0546472
0.2769494
0.4265034
0.1587393
-0.1511625
-0.0611454
0.0917101
0.0596735
0.1135482
-0.0385001
0.0265610
-0.0872561
-0.1297873
-0.0118414
0.1062385
-0.0744838
0.0142405
-0.0665244
0.0160379
0.0465829
0.1430396
0.0975965
0.0857911
0.0494613
-0.1034131
0.4888844
-0.7408232
-0.6084903
-0.2478915
0.1896517
0.4048807
0.2050634
-0.0197863
-0.0485678
0.0830532
-0.0569849
-0.1209836
0.0377416
0.0902601
0.0566170
0.0352200
0.0469115
0.1069779
0.1025347
-0.0119653
-0.0844402
-0.2316886
-0.0333920
0.5004441
0.6040924
-0.8550022
-0.4012882
-0.0327659
0.2584897
0.3384722
0.1160726
-0.0179876
-0.0345437
-0.1054912
-0.1830088
-0.0483752
-0.0275004
0.0926137
-0.0035441
0.0164289
-0.1203049
0.0580916
0.0002682
-0.1075510
-0.0480878
0.0256892
0.0865961
0.1066950
0.0391698
-0.0509563
-0.0844586
-0.1470116
-0.1847151
-0.2409118
0.0039930
0.5989779
-0.0149420
-0.8907446
-0.9283497
0.2957964
0.3890616
0.2629863
-0.0030635
-0.1744651
-0.1721210
-0.0223157
-0.0066564
0.1054661
0.0866002
0.0833760
-0.0812234
0.0659666
-0.0142308
-0.0346346
0.0234566
-0.0034121
0.0132616
0.0352001
0.0155903
-0.1689506
0.2048719
0.3343587
0.5429930
0.4421735
-0.0531110
-0.0387773
-0.1941520
-0.1376903
-0.0894045
-0.0385400
-0.0098437
0.0390413
0.0136069
-0.0771185
-0.0643721
-0.1546346
0.0211723
0.0269558
0.1214572
-0.0391609
-0.0538982
-0.0177113
0.0641151
0.1021102
0.1123236
0.1083228
-0.0639809
-0.1337691
-0.1748052
0.0240390
0.1390732
-0.8856128
-0.8262929
0.4267368
-0.0613273
-0.1437778
-0.0818005
0.0533780
-0.0000728
-0.0567736
0.0063593
0.0007232
0.0112564
0.0313775
0.0791698
-0.0298865
0.1005922
-0.0081230
-0.0933671
-0.0888053
-0.0688431
0.1106076
0.1728108
-0.0631101
-0.0115401
-0.1437625
-0.1511437
-0.1043329
0.0730735
0.4850943
0.5991706
0.1971712
-0.5005474
-0.9164546
0.3196598
0.2927704
-0.0789379
-0.1144849
-0.0634016
0.0176218
0.0507945
0.0689558
0.1082272
-0.0252222
