0.5637669
-0.0338612
0.0441798
0.0078876
0.0229386
-0.0398663
-0.0164079
0.0136706
0.0470365
-0.0196542
0.0969682
0.0545766
-0.1595324
0.5762215
0.1292529
-0.0984363
0.0599248
0.0448939
0.0317970
0.0146288
0.0459765
0.0068969
-0.0185191
-0.0375116
0.0336439
0.0593660
0.0355745
-0.0017294
-0.0818610
-0.0964565
-0.0206089
0.1774777
0.0924728
0.1701187
0.1363941
0.0254355
0.0040031
-0.0042383
0.0467550
0.0062438
-0.0365968
-0.0488751
-0.0003532
-0.0931938
-0.0824837
-0.0023031
-0.0847169
-0.0237239
0.2918254
0.0435181
-0.0705979
0.0282654
-0.0189706
0.0255959
-0.0005277
0.0571466
0.0589128
-0.0663073
-0.0630701
-0.0629608
-0.1227869
-0.2267829
-0.0116756
0.0267773
0.0090098
-0.1077524
0.0685534
-0.0136486
-0.0166242
0.0187942
-0.0263935
-0.0405269
-0.0681868
-0.0280878
0.0273102
-0.0070215
0.0192721
0.0134930
-0.0846999
-0.0790027
0.0785950
-0.0419648
-0.0358649
0.0086435
0.0750482
-0.0616101
-0.0274380
0.0285190
0.0195245
-0.0283653
0.0095628
-0.2488714
0.0890000
0.0034331
-0.0338523
0.0211117
0.0552347
0.0181546
-0.0271631
0.0060046
