0.0536118
0.0533973
0.0704207
-0.0446572
-0.0973401
0.1058964
0.4920787
-0.1536312
-0.6739706
-0.5900383
0.2932932
0.1243457
-0.0845639
-0.1678079
-0.0826140
-0.1213851
0.0056262
-0.0945770
0.1219360
0.0180366
-0.0452679
0.0325026
0.0974578
0.0422856
-0.0473017
0.0480747
0.1211889
0.0558052
-0.0507384
-0.0403495
-0.0651167
-0.1345933
0.0867855
0.1249506
0.0553719
-0.1700680
-0.1476432
0.2493371
0.4123776
0.0637564
-0.3360315
-0.7405787
-0.4254947
0.0546472
0.2096880
0.1202968
-0.0611454
0.1135482
0.0265610
0.0878697
0.0814013
0.0847323
0.0236052
-0.0118414
-0.0097600
-0.1095143
0.1430396
0.0975965
0.0029971
-0.1034131
-0.1142722
-0.0524266
0.0460973
-0.7408232
-0.6084903
0.3560491
0.3542847
0.0292124
-0.1743977
-0.0485678
0.0074088
0.0774078
-0.0077582
0.0739783
0.0203390
0.0585596
-0.1209836
-0.1105132
-0.0064959
0.0539002
0.0377416
0.0560781
0.0566170
-0.0333654
-0.0400749
0.0841992
0.0120594
-0.0119653
-0.1555080
-0.0333920
0.2635127
0.6040924
-0.9177875
-0.4012882
0.2584897
0.3384722
0.2500673
-0.0179876
-0.0345437
-0.1054912
-0.1392559
0.0810656
0.0062947
0.0926137
0.0196235
-0.0035441
0.0030477
-0.0736849
-0.0081614
-0.1035186
0.0002682
0.0394406
-0.1075510
-0.0480878
-0.0313003
-0.0059107
0.0968299
-0.0844586
-0.1348905
-0.2409118
0.0039930
0.5989779
-0.4214163
0.0255243
0.4116847
-0.0030635
-0.1180342
-0.1721210
-0.0223157
0.0209871
-0.0292257
0.0240422
-0.0236968
0.0659666
-0.0142308
0.0364551
0.0184610
-0.0214019
-0.0034121
-0.0411471
0.0608429
0.1501015
-0.0312992
-0.1010558
-0.2119385
-0.0811153
0.2048719
0.5429930
0.4421735
-0.8876441
-0.8123806
0.1304533
0.4548501
0.2027830
0.2544436
-0.1476803
0.0232835
0.0678397
0.0470142
-0.0771185
0.0211723
0.0192628
0.1113439
-0.0142698
0.0641151
0.1021102
0.1299725
-0.0085428
-0.0639809
-0.1007376
-0.1748052
-0.1789917
-0.1222731
0.0240390
0.3162662
0.4329853
-0.4289676
-0.8262929
0.0295860
0.4267368
0.2297451
0.1327279
-0.1317588
-0.1437778
-0.0646882
-0.0118821
-0.0328878
-0.0365968
0.0278115
0.0210896
-0.0086870
-0.1035513
0.0112564
0.0313775
-0.0291340
-0.0081230
-0.1072900
-0.1341624
-0.0161134
-0.0275267
