-0.0846853
0.1221906
0.0525444
-0.0734513
-0.0230159
0.0159835
0.1257034
0.1094315
0.0120005
0.0504448
-0.1391150
-0.0612391
0.2097299
0.1735945
0.2020156
0.2012174
-0.1916878
-0.5400371
0.0227991
0.3929536
0.2549235
0.1204029
-0.0017379
-0.0380207
-0.1206701
-0.0544397
0.0231440
0.0890529
-0.0069294
0.0288305
0.0443055
-0.0498644
-0.0739597
0.0160153
-0.0359930
-0.0143650
0.0114123
0.0417363
0.0424533
0.0214264
0.0022934
0.0070007
0.0571208
0.0302216
0.0285881
0.0306147
-0.0320905
-0.0197210
0.0383055
-0.0582991
0.0163412
-0.0524524
0.0326408
-0.0059252
-0.0978078
0.1484134
0.0067803
-0.0397286
0.0204673
0.0906400
0.0861982
-0.0623264
-0.0122114
0.1579832
0.2193607
-0.2925410
-0.5779077
0.1196721
0.1731978
-0.0114235
-0.0978790
-0.0559833
-0.0029204
0.0652881
0.0423676
0.0070607
0.0705723
-0.0041348
-0.0152116
-0.0269154
-0.0273825
0.0296086
0.0335637
0.0465774
-0.0298998
-0.0067782
0.0374892
0.0050463
0.0339409
-0.0379523
0.0393114
-0.0411526
-0.0423138
-0.0133868
0.0371461
-0.0327800
0.0009139
0.0516923
-0.0519654
-0.0002654
0.0442024
-0.0249933
0.0384153
-0.0362019
0.0354003
-0.0715757
-0.0690345
0.0591545
0.1118838
-0.0204324
-0.0261865
-0.0060763
0.0076110
0.0131583
0.0593808
0.0501128
-0.1107310
-0.0839118
-0.0115165
0.2797108
0.1486165
-0.2191276
0.1956387
0.0519519
-0.0077006
-0.0590125
0.0863738
0.0649824
0.0511028
-0.0129914
-0.0284300
-0.0217741
0.0619533
0.0532749
-0.0403435
-0.0441021
0.0260053
0.0387722
0.0423248
-0.0313645
0.0205286
0.0035083
0.0124100
-0.0120913
0.0059360
0.0585280
0.0624153
0.0575172
0.0469917
0.0080021
-0.0621770
0.0369428
0.0520359
-0.0204345
0.0360725
-0.0041558
0.0783930
0.0288544
0.0138100
-0.0383040
0.0550764
0.0764313
0.0561239
-0.0997215
-0.0699441
0.1340905
0.2876143
0.2745869
0.0268778
-0.3449808
-0.4738043
-0.2140757
0.1759967
0.1536889
0.1218109
0.0033718
-0.1349845
-0.0269243
-0.0570631
0.0382956
0.0941793
0.0148643
-0.0010795
-0.0681687
-0.0192072
0.0352491
-0.0612178
-0.0414875
-0.0193858
-0.0403713
-0.0362534
-0.0046789
0.0268492
-0.0328467
-0.0196700
0.0229659
0.0447605
-0.0102672
0.0143088
0.0426715
