-0.0774468
-0.1136730
0.1178473
-0.0391160
-0.0809035
-0.0993771
0.0311087
0.1307539
0.0449582
0.0920729
0.0952799
0.1043401
0.0568857
-0.0263540
0.0758101
-0.0814486
-0.0080998
-0.1180718
-0.0008609
-0.0603569
-0.0438947
0.0413130
0.0231604
-0.0256633
0.0148025
0.0522704
0.1360687
-0.1037367
0.1140442
0.0559740
0.0636293
0.0191893
0.0876841
-0.0094975
0.0775856
-0.0029605
-0.0891068
-0.0869078
0.0709406
-0.0111404
-0.0380781
0.0609288
0.1310009
0.0395330
0.1620044
-0.3207651
0.0447147
-0.0293137
-0.0026822
0.0595600
0.0927096
0.0403398
-0.0714450
-0.0367320
-0.0420508
0.0599977
0.0999306
0.1122164
0.0490303
0.1007016
-0.0509212
0.0922435
0.0592235
0.1226096
0.0071386
0.0039675
0.0855352
-0.0083538
-0.1218767
0.0172968
0.0543497
0.0139945
0.1013553
0.0691764
-0.1079369
-0.0391919
-0.0232323
-0.0316578
-0.0400958
0.0581333
0.1068957
-0.0578759
-0.0684466
-0.0222724
0.1045188
0.0705077
0.0868471
-0.1331700
0.0493294
0.1079797
-0.0437962
0.0156323
-0.0108459
-0.1308973
-0.0353939
-0.0756627
-0.0129031
-0.1114146
-0.0968828
0.1397025
0.0216984
0.0439170
-0.0642928
-0.1124445
-0.0963886
0.1302251
0.1850427
0.0673399
0.0411161
-0.0233994
-0.1884134
-0.2656870
0.6729696
-0.2050196
-0.4228036
-0.0813405
0.1643217
-0.0197667
-0.1070231
0.0693420
-0.1544520
0.0304263
0.0744082
0.0734066
0.0676813
0.0698273
0.0975782
0.0789882
0.0325119
0.0785063
0.0924985
-0.0645442
-0.1101950
0.1028434
0.1013519
0.0991138
0.1357561
-0.0746084
0.0222930
-0.0395122
-0.0616882
0.0380960
-0.0986465
-0.1078583
0.0763606
0.0612686
-0.0608257
0.0807152
-0.0791399
-0.0470113
0.0189604
-0.1117994
0.0292841
0.0464756
0.0289844
-0.1043302
-0.0402857
0.0419526
0.1258238
0.1187040
0.0105441
0.1241194
0.1327039
-0.1161546
-0.0160353
-0.0299945
0.0198580
0.0484580
0.1106261
0.1827135
0.1659914
0.0132815
0.0303167
-0.1952910
-0.1438726
0.1679939
0.2060398
-0.3796015
-0.1867417
-0.0188190
-0.0113301
0.1551571
0.1510344
-0.0726627
0.0981908
0.0481593
-0.1040752
0.0160372
0.0297594
0.0486549
-0.0611741
0.0117049
-0.0160818
-0.0265071
0.0484899
-0.0629893
0.1275695
0.0088731
-0.0114070
0.1264398
