-0.4318624
0.0731580
-0.0453736
0.1583849
0.0485334
0.0652783
0.0541599
-0.0668542
-0.0912245
0.0597102
0.0372291
0.0773026
-0.0576111
-0.1365608
0.0076226
-0.0769934
-0.1170105
0.0107279
-0.0290931
0.1102226
0.0024134
-0.1074538
0.0440377
-0.0719455
0.0887002
0.0090681
0.0562109
0.1202581
0.1241528
-0.0279411
0.1150711
-0.0989477
-0.0731765
-0.1216501
-0.0062959
0.0213948
0.0199524
-0.0323429
0.0394650
-0.1272377
0.1205882
0.0713155
-0.0250769
0.0264184
0.1102660
-0.0745301
0.0015383
0.0991268
0.0769503
-0.0342536
-0.1032691
0.1039359
0.0109371
0.0289224
-0.0435678
0.1054819
-0.0864451
-0.1330365
-0.1600488
0.0379022
-0.0809758
0.0455160
0.0256734
-0.1426221
-0.2828795
0.4963240
0.3425782
-0.5062135
-0.0016513
-0.0193398
0.0565052
0.2134947
-0.0435941
0.0777016
-0.0476519
-0.1021880
-0.0968089
-0.0635750
0.0638551
-0.0246327
0.0444700
-0.0115299
0.0519308
0.0050234
0.0533940
0.0828068
-0.0817326
0.0989954
0.0631824
-0.0544154
-0.0785934
-0.0799117
0.0654557
-0.0448950
-0.0980266
0.0614347
0.0750890
-0.0046594
0.0506489
0.1227094
-0.0210904
0.0047517
0.0394380
0.0537265
0.0834383
0.0677946
-0.0746255
-0.0391278
0.1128724
0.0337639
-0.1063508
0.0620108
-0.0352680
0.0862963
0.0936600
0.0845215
0.1334517
-0.0307170
-0.0136555
0.0433134
-0.0433585
-0.1388706
-0.1086768
0.0096920
0.0418818
0.0354757
-0.1616486
-0.0587778
0.0147635
0.0484293
0.0511600
-0.3617462
-0.0970747
0.5500315
0.7364764
0.5742065
0.0159692
0.1364098
0.0883873
0.0857538
-0.1213439
-0.1437045
-0.0350181
0.0466104
0.0660276
-0.1023915
-0.0177676
0.0868587
0.0362378
0.0806083
-0.0936378
0.0854616
-0.0850404
-0.0577944
-0.0945993
0.0900421
-0.0749341
0.0292124
-0.0110393
0.1039487
-0.0401051
0.0142443
-0.0370263
-0.1139646
0.1202952
-0.0686731
-0.0910841
-0.0199558
0.0151012
-0.0165887
-0.1238015
-0.1129649
-0.1202751
-0.0974217
0.1088243
0.0316750
0.0776710
0.0646581
0.1068999
-0.0910053
0.0933040
0.0582870
0.0934189
0.0724933
0.0617294
0.1054922
0.0013219
-0.1111446
0.1133850
-0.0858316
-0.1183746
-0.0738706
-0.0435104
-0.0998644
-0.0534579
-0.0584449
0.0434191
-0.0678533
-0.0887142
0.0342128
