-0.0126563
0.0603981
0.1036600
-0.0180433
-0.0431137
0.0944411
0.0430791
0.0644332
0.0962584
-0.0270247
-0.0545570
0.0796990
0.0514523
0.1459746
0.1420014
0.0609992
-0.1230725
-0.0089251
0.0964613
-0.0929113
0.0384705
-0.0713454
-0.0629053
0.0128570
-0.0309215
-0.0298795
0.0269991
-0.0589046
0.0160412
0.0664860
0.0967524
0.2066701
-0.1347289
-0.7593842
-0.4671241
-0.6266522
-0.6027102
-0.0983792
0.2494633
0.2217024
0.3660938
0.1054029
0.0551530
0.0228433
-0.0040267
-0.0662790
0.0254429
-0.0020472
-0.1670552
0.0912234
-0.0677614
-0.0170076
-0.0647859
0.0087309
0.1143944
-0.0639368
0.0263751
0.0141359
-0.0563381
0.1279209
0.0329709
-0.0759546
-0.0545875
0.0204698
-0.0771617
-0.0221112
-0.0232511
-0.1078107
-0.0730340
0.0924759
-0.0842277
-0.1277164
-0.0016804
0.0490087
-0.0121707
0.0557676
-0.0150493
-0.1173029
0.0063738
0.0354312
0.0951288
0.0769796
-0.0861725
-0.0911534
0.1103368
-0.1042772
-0.0220711
0.0299786
-0.0966339
-0.0947030
-0.1040865
-0.0464727
-0.0128894
0.0769261
-0.0907290
0.0350985
0.0365777
0.0929332
0.0675768
0.0632104
0.1089586
-0.0618225
0.0033696
-0.1099344
-0.0708337
-0.0749201
-0.0016318
0.1097763
0.0179680
-0.0034552
0.1047791
-0.1082676
0.0519358
-0.1198237
-0.0279811
0.1389958
0.0578995
-0.0393618
0.0758327
-0.0506657
0.1061104
-0.1261421
-0.0011636
0.4237978
0.3709527
-0.0659450
0.1324989
0.1402800
0.1979366
0.0858222
-0.0500133
-0.0608407
0.0167886
0.0433543
0.1166097
0.0646881
-0.0107696
-0.1262778
-0.1082814
-0.0057104
-0.0959277
-0.0332197
0.0737135
0.0250192
-0.0386404
0.1301006
-0.0611382
0.0438676
-0.1237328
0.0992371
0.1025500
0.0694717
-0.0722845
-0.0979598
-0.0105752
0.0722759
0.1093648
-0.0312060
0.0694503
0.0616928
-0.0930762
-0.0507007
0.0875535
0.0692693
-0.1147637
0.0245122
-0.1288941
-0.0402501
0.0169382
-0.0199888
-0.1309389
-0.1133137
0.0842825
-0.1065968
0.0485731
-0.0811707
0.1050479
-0.0245564
-0.0319747
0.1030244
0.0358685
0.1173826
0.0827593
-0.1313477
0.0864654
-0.0217564
0.0362944
-0.0423084
0.1131430
0.0562248
0.0441312
-0.1082733
-0.0282199
0.1235598
0.4913468
-0.4290345
-0.1792909
0.0434257
0.2383792
0.1134014
