-0.1373114
-0.0143163
0.0055398
-0.0180109
-0.0861680
0.0794022
-0.0248601
-0.1043202
-0.1532016
-0.1326317
0.2853254
-0.3901307
-0.4500822
-0.0188210
0.1112756
0.2681639
0.1552549
0.0696753
-0.1704406
-0.1109867
-0.0944603
-0.0095340
-0.0204341
0.0345068
0.0566545
-0.1165823
-0.0986671
-0.0662986
-0.1905344
-0.0173057
-0.0187810
0.2572111
-0.5102430
-0.0171586
0.2565928
-0.0459376
-0.1314973
-0.0187353
0.0541270
0.0928670
0.0726944
0.0408261
0.1707403
-0.0689975
-0.2334785
0.0848019
-0.1573669
0.0488350
0.1931462
0.1652579
0.1113185
0.0586989
-0.1175931
-0.0176953
0.0401120
-0.0345003
-0.0832224
0.1873818
-0.1093638
-0.1773133
-0.0595041
0.0130343
0.1473810
-0.1265748
-0.1736290
0.0716000
0.0364145
0.2636861
-0.2919973
0.2129944
0.0485272
-0.0760321
-0.0792737
0.0115909
0.0680320
-0.0033720
-0.2051993
-0.1868870
0.0299149
-0.0338994
0.0446937
0.1556026
-0.0842142
-0.1512672
0.0902767
0.0510250
-0.1981432
0.1934533
-0.0067017
-0.0880251
0.0517038
0.1808306
-0.2536231
-0.1531622
0.0801482
0.1228262
0.0897907
-0.0091210
0.0218616
0.0232819
0.0694488
-0.1159059
-0.0952014
0.2110593
0.3147994
-0.0206498
-0.0826882
-0.1779412
-0.1038238
0.0598834
0.1247777
0.1406982
-0.2619512
-0.3431196
0.1048889
0.1724822
-0.1131552
-0.1218635
0.0115871
0.0888897
0.0589967
-0.0916511
-0.0217135
-0.0616170
-0.0089560
0.1843039
-0.1033532
-0.0934770
-0.0181914
0.0359504
0.0243582
-0.1037076
-0.0412212
-0.0626938
0.0306571
0.0423193
0.0314365
-0.0881930
-0.1593449
-0.2127603
-0.1502262
0.0063259
0.2072663
0.2081904
-0.1940787
-0.0998949
0.0660771
0.0704899
0.0059132
0.0800986
-0.0345885
-0.1080254
-0.0586001
-0.0408761
-0.0589990
0.0970233
-0.0496907
-0.1244238
-0.0766461
0.1592019
-0.0230984
-0.1398791
0.1016387
-0.0208205
0.0293517
-0.1103943
0.0954011
0.0010327
0.0806975
0.0178207
0.0193627
0.0658746
-0.0311834
-0.0534233
-0.0925372
-0.1594750
-0.0052429
-0.0845720
0.0898633
0.0636357
0.0175277
0.0474522
-0.1066175
0.0630055
0.0616360
-0.0491416
0.0659136
0.1023202
-0.0624642
-0.1020358
-0.0438157
0.1005179
-0.1353373
-0.0672117
0.0053443
-0.0735920
0.0767053
-0.0738864
-0.1037328
-0.0972965
