-0.0864127
-0.0784643
-0.0836638
-0.0293354
-0.0018572
0.0647985
0.2084522
-0.0318439
-0.0464139
-0.1454718
-0.2267408
0.9274835
0.8842056
-0.1050449
-0.7261449
-0.7872195
0.1301493
0.2107561
0.3927859
0.0397154
0.0496675
-0.0959609
-0.0229328
-0.0050747
-0.2010774
-0.0069225
0.0234111
-0.0344238
0.1049273
-0.1539111
-0.0568034
-0.0497041
-0.0593767
-0.0206029
-0.0564986
-0.1455627
-0.0088136
-0.0156355
-0.0908467
-0.0325965
0.0796000
-0.0055745
0.0003615
0.0338995
-0.0411526
-0.0464468
0.0521362
-0.1601310
-0.0075496
0.1172541
-0.0254049
0.1805312
0.0453796
-0.1003842
-0.2122500
0.9808269
0.0277800
0.1039211
0.2469315
-0.1541095
-0.0570470
-0.2395986
-0.2445946
0.1256788
-0.0603730
0.0181350
-0.0894018
0.0067760
-0.0379150
0.0221870
0.1221400
-0.1223787
-0.1117613
0.1220476
-0.0035263
0.0991298
-0.0108275
-0.1151548
0.1315879
0.1051043
-0.0681665
-0.1478481
0.0566961
0.1036322
-0.0201670
-0.0261336
-0.1249835
-0.0249300
0.0464735
0.2034541
-0.1070741
-0.2490359
-0.4458319
0.0133235
1.2970233
0.0940249
-0.5892136
-0.3379140
0.0077573
0.1603079
0.0676457
0.1132167
-0.1167547
0.0026778
-0.0077764
-0.1262425
-0.1077148
0.0474178
0.1749063
0.1232953
-0.0174382
0.0827352
0.0106112
-0.0868156
-0.0894855
0.1394926
0.0367158
0.0959302
-0.0098378
0.0717188
0.0475089
-0.1466225
-0.1062734
-0.0666442
-0.0131653
-0.0330201
0.0010928
0.0571669
-0.0666679
0.1115121
-0.0205329
-0.4072696
-0.4998286
0.5981980
1.0266936
1.0834530
0.4234829
0.2349383
0.1303659
0.1825260
0.2360410
0.0240899
-0.1295343
-0.1473902
-0.1187443
-0.0333397
0.0200244
-0.0797338
0.0315133
0.0185674
-0.0457434
0.0334566
0.1117105
0.0960829
-0.0936026
0.0096997
-0.1222849
-0.0672526
0.0271553
-0.1238474
0.0556210
0.1121277
0.1316583
0.0224073
-0.1362735
-0.1346178
0.0096829
0.0791596
0.1992880
0.1263426
0.1451284
0.0882731
-0.0449949
-0.1714304
-0.0705330
-0.3078169
0.9475550
0.4471204
-0.6325676
-0.1500439
-0.0945142
0.1801546
0.1130685
0.1978850
-0.0477056
-0.0929467
-0.0760043
-0.1873216
0.0406629
-0.0325479
0.0215456
0.0341462
-0.0332411
-0.0092338
0.0168919
0.0047917
-0.0844333
-0.0027726
-0.0453750
0.0283261
