-0.0083946
0.0029467
-0.0154539
0.0018269
0.0044382
-0.0274945
0.0221477
0.0075492
-0.0150893
0.0130781
0.0208290
-0.0134803
-0.0110682
0.0286552
0.0080925
0.0228185
-0.0021917
0.0100251
-0.0047972
-0.0152848
0.0027838
0.0128151
-0.0225004
0.0074000
-0.0010608
0.0068364
0.0081452
-0.0052090
-0.0027100
0.0311607
0.0238910
-0.0124502
-0.0171479
0.0519148
-0.0297392
0.1482334
0.0605316
-0.1038204
0.0023520
0.0183008
0.0322409
0.0610516
0.0105100
0.0172075
0.0055911
-0.0341223
0.0225171
0.0120657
-0.0138107
0.0055752
-0.0045626
-0.0085330
-0.0252764
-0.0025010
-0.0036490
0.0226513
-0.0108512
-0.0266159
-0.0104728
0.0064304
-0.0200535
0.0255660
0.0084481
-0.0267911
0.0273460
-0.0269641
-0.0099472
-0.0072517
-0.0002373
-0.0088198
-0.0253511
0.0259812
-0.0285785
0.0135737
-0.0279950
-0.0170056
0.0250192
-0.0029433
-0.0256493
0.0119022
-0.0270081
0.0169518
-0.0054596
0.0236293
0.0223147
0.0120293
-0.0023125
-0.0142508
0.0152949
-0.0221061
0.0175840
0.0000173
0.0216052
-0.0264993
-0.0138930
-0.0017720
0.0230506
0.0125384
0.0233969
0.0016195
0.0016758
-0.0086129
0.0129083
-0.0057251
0.0026847
0.0039088
0.0105575
-0.0121408
0.0112303
-0.0183092
-0.0064372
0.0136842
-0.0047884
-0.0063347
0.0058937
-0.0088994
-0.0240489
-0.0107023
0.0067897
-0.0290665
-0.0021267
-0.0188004
0.0067854
-0.0171558
-0.0298334
0.0164587
0.0007185
-0.0215659
0.0114865
-0.0242458
-0.0119490
-0.0294096
-0.1022389
-0.0940209
-0.0410961
-0.0002061
0.0737875
-0.0248924
0.0001796
-0.0459579
-0.0168336
0.0068366
0.0345993
0.0133637
0.0160889
0.0129906
0.0186508
-0.0164110
-0.0050370
-0.0120017
0.0064915
-0.0142995
0.0052139
0.0205572
0.0223017
0.0051582
0.0110305
0.0154679
0.0263847
0.0016644
0.0178868
0.0119042
0.0043649
-0.0172663
0.0050351
0.0020712
-0.0080622
0.0274591
0.0089355
-0.0030819
0.0113465
-0.0071791
0.0216651
-0.0030404
-0.0010828
-0.0028207
-0.0053735
-0.0248822
-0.0089575
0.0192535
0.0223607
-0.0022025
0.0010878
-0.0038549
-0.0213899
-0.0038404
-0.0271046
0.0147097
0.0205076
-0.0007217
-0.0143266
-0.0061064
-0.0098575
-0.0067718
-0.0247073
-0.0276220
0.0131102
-0.0224971
0.0030232
-0.0029425
