0.0483363
0.0164347
-0.0321750
-0.0970387
0.0295264
0.0556097
0.0471808
0.0432262
-0.0409331
0.0186479
-0.0300683
0.1211679
0.2201980
0.2315021
0.2975446
0.0107096
-0.6083450
-0.5565714
0.3981482
0.1448142
-0.0124055
-0.0037269
0.0534110
-0.0440750
0.0217153
0.0024242
0.1199460
-0.0290700
0.0972202
-0.0489603
0.0159305
-0.0414856
0.0612106
-0.0279370
-0.0433134
0.0515239
0.0822482
0.0601482
-0.0327548
0.0105780
0.0316242
0.0444983
-0.0893052
0.0325138
0.0614973
-0.0340957
-0.0694389
0.0136564
0.0411038
0.0718587
0.1047931
0.0833378
-0.0518967
-0.1232466
0.2422438
0.3946701
0.3403754
0.0104226
-0.0824811
-0.0384517
-0.0394464
-0.0747510
-0.0181534
-0.0670755
0.0367665
-0.0789922
-0.0862544
0.0332965
-0.0115657
0.0676506
0.0255065
0.0288645
0.0236597
0.0511000
-0.0658900
-0.0792926
0.0137257
0.0407825
0.0817933
0.0607493
0.0375687
0.1030154
0.0783400
0.0336552
0.0043390
0.0451752
0.0824794
-0.0245139
-0.1688911
-0.0863867
0.1233583
0.4463559
-0.8360724
-0.7305789
0.1235239
0.3495531
0.2339529
0.0447832
0.0104544
-0.0496368
-0.0249899
0.0257255
0.0278384
0.0917405
0.0874217
0.1092120
0.0557740
-0.1071521
0.0405642
-0.0556865
0.0090133
0.0449865
-0.0535943
0.0457078
-0.0140267
0.0052084
0.0672594
0.0293198
0.0346602
0.0294638
0.1026574
-0.1044127
-0.0739785
0.0054247
0.0167626
0.1066988
-0.1320965
-0.1790601
-0.1635918
-0.0791517
-0.1455375
0.4049619
0.4758136
0.0568956
0.0687364
0.0800104
0.0527016
0.0397419
0.0324775
0.0470019
0.0285915
0.0203376
0.0556612
-0.0563286
0.0346317
-0.0243006
0.0134735
0.0729571
0.0036236
0.0538180
-0.0603412
-0.0190443
-0.0111997
-0.0457361
0.0555877
-0.0739580
0.0702221
0.1011855
-0.0067023
0.0193192
-0.0438014
0.0866830
0.0983864
-0.2644266
-0.1820442
0.2349966
0.5530105
0.4093349
0.1292667
-0.5290497
-0.9305638
-0.4655469
0.1255881
0.2962553
0.1489327
0.1752630
-0.1292651
-0.1333866
-0.1190459
0.1052186
0.1142814
0.1569579
-0.0230035
-0.0731698
-0.0423369
-0.1099080
-0.1057804
-0.0162064
-0.0783918
-0.0521832
-0.0025111
-0.0370300
-0.0805195
0.0661440
-0.0085830
-0.0470095
0.0718801
0.0180699
0.0601185
0.0114338
