0.0100973
-0.0201174
-0.0575664
0.0897047
-0.0356536
-0.0873853
-0.0687457
0.0679433
-0.0707522
-0.0509885
-0.0845551
0.0449415
-0.0994544
-0.0784144
-0.0885222
0.0531590
0.0046636
0.0222128
0.0523832
-0.0333915
-0.0050716
0.0597488
0.1135896
-0.0197938
-0.1014208
0.0051215
0.0378814
0.1938809
0.0111759
0.0775168
0.0809169
-0.1936924
-0.3987942
0.4488310
1.0163658
-0.0289322
0.0481583
0.1703003
-0.0309199
-0.0093345
0.0269748
-0.1860590
-0.0388403
-0.1549008
-0.0349601
0.1084669
0.0904159
-0.1126854
0.0979190
0.0390384
0.1097327
0.0769744
0.1198664
-0.0074285
-0.0068389
0.0910815
0.0482842
-0.0014960
0.0247868
-0.1112691
-0.0633173
0.0444088
-0.2051258
0.0690815
0.1810701
-0.2226823
-0.2502321
-0.6097034
1.3404574
-0.7863208
-0.8707617
0.1254867
0.3146353
0.3953857
0.1903222
0.1124900
-0.0002968
-0.0869219
-0.1663243
-0.1628196
-0.1904116
-0.0078380
-0.0098602
0.0954097
-0.0587639
-0.0522650
0.0809035
-0.0740957
-0.0471656
-0.0680751
-0.0173542
0.0877091
-0.0517404
-0.0805860
-0.0334146
-0.0345908
0.0372842
-0.1334355
-0.0535323
-0.0274266
-0.0044354
0.0824530
0.1469823
-0.0792308
0.0061995
-0.0981282
-0.0485807
-0.0467000
0.1153095
0.1540894
0.0828425
-0.0635257
-0.2389126
-0.2585387
-0.1908042
1.2449147
-0.7290859
0.1836398
0.3012381
-0.0109300
0.0265042
0.0152646
0.1404279
0.0557360
-0.0645548
0.0559917
0.0270743
-0.0487910
-0.0932388
0.0642399
-0.0863607
-0.0557066
-0.0655165
-0.0049613
-0.0300315
0.0587671
-0.0812271
-0.0815832
-0.0367868
0.0360025
0.1225051
0.0467020
0.0806692
0.0669897
0.0477340
0.0790421
0.1642769
0.0691165
0.2061866
0.0436110
0.0173445
-0.2785019
-0.1752597
-0.3831293
0.1156512
-0.4757922
0.1494244
0.2173410
0.2334487
-0.1232305
0.0621216
-0.0589376
0.1835487
0.0164400
-0.0858929
0.1083213
0.0023119
0.0278247
0.0946899
0.0481862
0.0337832
0.0780551
0.0836384
0.0903357
-0.0617254
-0.0345744
-0.0519151
0.1025014
-0.0980714
0.0822714
-0.0995217
0.1045873
0.1176901
0.1131419
-0.0969777
-0.0479329
0.0798159
-0.0422917
-0.1851022
0.0359712
-0.0153084
0.1016088
-0.1295181
-0.2411359
-0.2445682
1.0645569
1.3127667
-0.7944622
-0.9003188
-0.5042825
