-0.0437043
0.0097795
0.0393195
0.0108634
-0.0342950
-0.0598814
-0.0402611
0.0773917
0.0296827
-0.0491174
0.0222586
0.0144458
-0.0310605
0.0485529
-0.0180754
-0.0571360
-0.0433681
-0.0487559
0.0419152
-0.0304175
-0.0329142
-0.0631238
0.0305553
-0.0013338
-0.0357669
-0.0819481
-0.0835842
-0.0112211
0.0564457
0.1140496
0.0951236
0.1075030
-0.1027561
-0.0951743
-0.1968983
0.2883717
-0.3714649
-0.2547692
0.4016339
0.0936091
0.0836865
-0.0332992
0.0385034
-0.0021360
-0.0745190
-0.1282789
-0.0413133
-0.0721401
-0.0406383
-0.0849719
0.0208272
0.0422437
0.0505132
0.0128265
0.0432730
0.0697646
-0.0414446
0.0368398
-0.0558264
-0.0541057
0.0601322
0.0154595
-0.1008827
0.1003678
0.0442935
0.0189517
-0.1294986
-0.1485918
-0.0099241
0.3684949
0.3430461
-0.7183652
-0.3548219
0.2855398
0.4643145
0.1070854
0.0175949
0.0744187
0.0375957
-0.0628179
-0.0031442
-0.1393451
0.0175586
0.0219865
-0.0224974
0.0540296
0.0139857
0.0283840
-0.0090208
-0.0264650
0.0188114
0.0035265
-0.0329562
0.0069628
0.0478581
-0.0111055
-0.0555772
0.0009489
-0.0267516
0.0431393
0.0058357
-0.1010150
-0.0829964
-0.0715952
-0.0784266
-0.0261641
0.0481884
0.0892328
0.0844294
0.0792732
-0.1056261
-0.1344753
0.0506959
0.2879314
0.4559523
0.0621966
0.0752844
0.0561625
0.0874084
-0.1316295
-0.0398908
0.0084494
0.0725298
0.0787788
0.0114998
-0.0696334
0.0316431
0.0043839
0.0218575
-0.0044326
0.0405776
0.0488976
0.0004766
-0.0537038
0.0716134
0.0793290
-0.0632434
-0.0096866
0.0084381
-0.1023733
-0.0026298
-0.0695707
-0.0201903
0.0574663
0.1122423
0.0638883
-0.0977292
-0.2183788
-0.1655463
0.2138567
0.2037913
0.4034827
0.2043230
-0.7051220
-0.7521439
0.3797724
-0.0033241
0.0115099
-0.0508113
0.0988100
0.0755925
-0.0577520
0.0007657
-0.0532920
0.0558403
0.0091225
0.0523040
0.0734780
-0.0749443
0.0279741
0.0560658
0.0032615
-0.0085328
-0.0418470
-0.0324618
0.0007606
-0.0035621
0.0950229
-0.0531241
-0.0044783
0.0358676
0.0205434
0.0313369
0.0755887
0.0947804
0.0045419
0.1151069
0.1039950
-0.0111961
-0.0778018
-0.0862044
0.1232469
0.3612519
0.0981341
-0.2629428
0.4362572
0.2794228
0.1327415
0.0794592
-0.0802070
