0.0032646
-0.0122811
-0.0046260
-0.0275408
-0.0409023
0.0014260
0.0110203
0.0270918
0.0307702
0.0012954
-0.0591004
-0.0980830
0.0988596
0.2000231
0.1868155
0.0149788
-0.1444822
-0.1886870
0.0164747
0.0926756
0.0789431
0.0315056
0.0025179
0.0330979
-0.0284861
0.0046364
0.0310462
-0.0130350
0.0104895
-0.0162143
-0.0233370
-0.0065147
0.0125525
-0.0081009
-0.0039766
-0.0113051
-0.0240853
0.0000853
-0.0198904
0.0003391
0.0020771
-0.0018069
-0.0092393
0.0081283
-0.0060170
0.0162879
0.0047845
-0.0215642
-0.0081677
0.0097015
0.0140196
-0.0165228
-0.0155134
0.0022665
-0.0025279
0.0151889
0.0159478
-0.0177223
0.0087114
0.0197813
-0.0047034
-0.0036391
0.0053246
0.0001721
-0.0035937
0.0226603
-0.0169508
-0.0171544
0.0163956
0.0153257
0.0202611
-0.0134585
-0.0144344
0.0260983
-0.0112579
0.0132332
0.0266929
0.0041952
0.0175824
-0.0042984
-0.0171504
-0.0059681
-0.0258537
-0.0002520
-0.0231547
-0.0174776
0.0259126
-0.0166708
0.0017897
0.0097482
-0.0104236
-0.0067467
0.0205429
0.0131010
0.0179376
0.0166663
-0.0189720
0.0021116
0.0006405
0.0154879
-0.0059052
0.0232115
0.0272102
0.0089144
-0.0063657
0.0140125
0.0207171
-0.0063995
0.0078563
-0.0152840
-0.0071896
0.0197673
-0.0055579
-0.0091952
-0.0056059
-0.0058674
0.0090421
0.0052594
0.0093050
0.0005479
0.0151704
0.0158981
-0.0221037
-0.0691628
-0.1102446
0.1866344
-0.1549841
-0.1474285
-0.0440568
0.0461260
0.0583896
-0.0095392
-0.0078218
0.0289178
0.0319963
0.0289471
0.0094978
-0.0170537
-0.0054444
-0.0142604
0.0101589
-0.0131077
-0.0202992
0.0027114
-0.0163877
0.0128424
-0.0143912
-0.0234973
-0.0154053
0.0118234
0.0073701
0.0092746
0.0182132
0.0141342
0.0170243
-0.0168119
-0.0197466
0.0289703
-0.0070066
-0.0104898
0.0152051
0.0055684
0.0045548
-0.0213611
-0.0252198
0.0232052
-0.0195413
-0.0089422
0.0006127
0.0161308
0.0009360
-0.0195337
-0.0221939
-0.0004531
-0.0240153
0.0294509
-0.0076838
-0.0214992
-0.0284366
0.0109825
-0.0147538
-0.0055525
-0.0237024
-0.0145101
-0.0191953
-0.0010889
0.0032246
-0.0018847
0.0295949
0.0096275
-0.0274452
-0.0247527
-0.0126442
-0.0151136
-0.0171236
0.0262988
-0.0156551
0.0111057
0.0046812
-0.0194958
