0.0152375
-0.0083174
-0.0241228
-0.0296605
-0.0078716
-0.0037092
0.0083747
-0.0133609
-0.0256440
0.0072299
-0.0209392
0.0155047
-0.0066318
0.0129442
0.0163677
-0.0280545
0.0038031
0.0228892
0.0190048
-0.0138003
0.0327605
-0.0133422
-0.0186241
-0.0245246
0.0026991
-0.0100138
-0.0014369
-0.0358846
0.0085557
-0.0120185
0.0492470
0.0628790
-0.0579401
-0.1389657
-0.1260981
-0.1505299
-0.0938108
-0.0065250
0.0721261
0.0381829
0.0584291
0.0122645
-0.0132721
-0.0400530
-0.0281319
-0.0157402
-0.0246633
0.0292842
-0.0079235
0.0119062
0.0125022
-0.0015247
-0.0284476
0.0057886
0.0082452
-0.0167603
-0.0269106
-0.0313622
-0.0175361
0.0351342
-0.0357012
-0.0198761
-0.0317173
-0.0050533
-0.0348498
0.0154824
0.0034086
0.0324692
-0.0101879
-0.0228682
-0.0364206
0.0172699
0.0009033
0.0174241
0.0352055
0.0060817
0.0066983
0.0252762
-0.0141236
0.0216480
-0.0334689
-0.0309626
-0.0188569
-0.0286479
-0.0011698
-0.0257502
-0.0058353
0.0276239
0.0214399
0.0036055
-0.0230014
0.0182441
0.0317995
-0.0117070
0.0144236
0.0049007
-0.0195258
0.0054374
-0.0298301
-0.0345521
0.0134125
0.0077141
0.0283881
0.0245191
0.0251775
-0.0318082
0.0369256
-0.0226381
0.0255044
0.0007505
-0.0353892
0.0219954
-0.0255049
-0.0319828
0.0188603
-0.0179390
-0.0134050
-0.0178875
0.0135821
0.0145819
-0.0340202
0.0048448
0.0284464
-0.0206731
0.0133578
0.0323135
0.0266223
0.0195826
-0.0169837
-0.0243931
-0.0184170
-0.1226582
0.0139198
0.3290570
0.2614864
0.0771419
-0.1181813
0.0449550
0.0180409
0.0629872
-0.0086168
-0.0272352
0.0097181
-0.0250166
0.0231228
-0.0082731
0.0201076
-0.0103998
0.0117997
-0.0181156
0.0237136
-0.0016085
0.0097092
0.0094604
0.0151717
0.0077103
-0.0273162
-0.0363348
-0.0051922
0.0196370
0.0177831
-0.0170678
-0.0031258
-0.0130719
0.0025117
-0.0248446
0.0312037
0.0239637
0.0005094
-0.0059261
-0.0228990
0.0076592
-0.0271863
-0.0117326
-0.0143596
-0.0251913
-0.0185024
0.0155387
-0.0199360
-0.0123987
-0.0278203
-0.0174620
0.0279398
-0.0091255
0.0287537
0.0191284
-0.0021025
-0.0105511
0.0152217
0.0347051
0.0128596
0.0209623
0.0080893
-0.0028681
0.0141293
0.0173820
-0.0015480
0.0190362
0.0078957
-0.0044459
