0.0342497
0.0058074
-0.0220587
0.0176266
0.0054339
-0.0257212
0.0118000
0.0108293
-0.0096023
0.0524686
-0.0043385
-0.0050091
-0.0277121
-0.0207624
-0.0050486
-0.0197333
0.0558237
0.0623963
0.0599447
-0.0858423
-0.1732710
-0.3019539
-0.1013177
0.1311267
0.3623246
-0.1796476
-0.0383179
0.0682739
0.0573245
0.0546084
0.0349480
0.0605711
-0.0030952
-0.0067209
0.0069919
0.0017487
-0.0145916
-0.0268880
-0.0232571
-0.0034012
-0.0007521
0.0171793
0.0173889
0.0029978
0.0108925
0.0177530
0.0158205
0.0082700
-0.0306594
-0.0159156
-0.0111736
-0.0206517
0.0194256
0.0309275
-0.0174280
0.0139526
-0.0312509
0.0165078
-0.0086092
0.0215929
-0.0295522
0.0188367
0.0059158
-0.0138613
0.0164151
0.0253368
0.0234575
0.0333938
0.0105257
-0.0212042
-0.0275701
-0.0074498
0.0252487
-0.0203363
-0.0139959
-0.0274532
-0.0056786
-0.0203828
-0.0000979
-0.0331964
0.0326694
-0.0189689
-0.0119209
0.0176461
0.0165308
0.0013536
-0.0311113
0.0007613
-0.0249498
-0.0034842
0.0081342
0.0037774
-0.0215406
0.0157058
-0.0214324
0.0079215
-0.0208645
-0.0225124
-0.0126992
0.0300143
0.0274680
0.0029436
0.0032154
0.0377199
-0.0162960
-0.0294212
0.0054763
-0.0118100
0.0235610
0.0276418
0.0209113
-0.0253619
-0.0188092
0.0014530
-0.0253708
-0.0025804
-0.0092597
0.0313762
-0.0196996
-0.0126685
0.0263281
0.0349557
0.0110652
-0.0339448
-0.1896163
0.2945842
-0.1533753
-0.0681963
-0.0172794
-0.0335557
0.0143151
-0.0470218
-0.0246154
0.0011631
0.0075217
0.0047920
-0.0039503
-0.0392969
-0.0165475
-0.0205369
-0.0180943
-0.0169729
0.0385371
-0.0214281
-0.0050255
-0.0296128
0.0306790
-0.0166684
0.0065392
0.0253206
0.0297796
-0.0354879
0.0329034
0.0258529
-0.0008887
-0.0239047
0.0003992
0.0010526
-0.0336470
0.0088893
-0.0090718
-0.0091576
0.0024648
0.0133783
0.0255033
-0.0203983
-0.0350528
-0.0089141
0.0122229
0.0109619
0.0083997
0.0021260
0.0153793
0.0275441
-0.0105641
-0.0104781
0.0280685
-0.0151074
0.0211158
-0.0173019
0.0371355
0.0170502
-0.0152451
0.0201838
-0.0004413
-0.0029238
0.0135494
0.0208537
0.0026856
-0.0298343
0.0241305
-0.0279103
0.0258851
0.0225710
0.0082864
0.0199911
-0.0129263
-0.0320870
0.0244110
-0.0239197
