-0.0213083
0.1260414
0.2760914
-0.2851454
0.3691238
-0.1169950
0.0109633
-0.0316354
0.0006318
0.0360311
-0.0554040
-0.0601819
-0.0025347
-0.0021252
0.0111924
-0.0148371
-0.0386599
0.0592800
-0.0424087
-0.0287855
-0.0670376
-0.0714992
0.0429757
-0.0442370
0.0235509
-0.0489851
0.0241685
-0.0519944
-0.0537192
-0.0012868
-0.0417693
-0.0580925
-0.0320705
0.0772816
0.0393695
0.0409874
0.0111967
-0.0222401
-0.0128299
0.0596834
0.1033011
0.0307066
-0.0015067
-0.0393800
0.0148590
-0.1017983
-0.4116305
-0.0108250
-0.2485687
-0.1305498
0.1018231
0.0805001
0.0685438
0.0638061
-0.1000016
0.0255188
0.0444422
0.0267422
-0.0040144
0.0688554
-0.0125104
-0.0316867
0.0684337
-0.0469228
-0.0021000
-0.0002128
0.0618117
-0.0177742
0.0462505
-0.0277717
-0.0177840
0.0306980
0.0672076
-0.0443274
0.0655497
0.0506205
0.0488002
-0.0016555
0.0471441
-0.0807754
-0.0552086
-0.0123342
0.1220725
-0.2972102
0.4309959
0.3538564
-0.1330650
-0.0450181
0.1220859
0.0136856
-0.0087044
0.0335877
0.0255801
0.0015420
0.0122454
-0.0440106
0.0085000
0.0410891
-0.0232996
-0.0500180
0.0280808
-0.0191904
-0.0462925
-0.0171504
0.0492576
-0.0376607
0.0120528
0.0530241
0.0012744
0.0506494
0.0204348
0.0717299
0.0587077
0.0373058
-0.0751636
0.0371779
0.0636864
0.0848594
-0.0317431
-0.0790615
-0.0962208
0.2347243
-0.3426571
0.0461097
0.4369666
0.0515221
0.0869196
0.0410670
0.1069505
0.0495220
-0.0172011
-0.0234298
0.0241756
0.0138795
0.0475538
0.0029339
-0.0001720
-0.0430898
0.0552522
-0.0108252
0.0342397
-0.0278366
-0.0459126
-0.0002075
0.0528223
-0.0490575
-0.0458694
0.0063236
-0.0366674
-0.0187764
0.0339066
0.0088936
-0.0462246
0.0540382
0.0274810
0.0733651
-0.0428376
0.0011670
0.0034487
0.2535728
0.3208177
0.5163726
-0.2553347
0.0330956
0.0509365
-0.0030301
0.0028989
-0.0816354
-0.0488533
0.0294552
0.0557112
-0.0239144
0.0116784
-0.0497847
0.0214692
-0.0616807
-0.0390977
0.0401505
-0.0135760
0.0048315
0.0257726
0.0003182
-0.0140815
0.0339639
0.0328991
0.0238389
0.0568087
0.0254664
0.0550734
-0.0286120
-0.0041422
-0.0234312
0.0291876
-0.0171698
-0.0696908
0.0360952
-0.0274461
-0.0337361
-0.0469188
-0.0463785
