-0.0189652
-0.0017456
0.0174601
-0.0057438
-0.0091876
0.0195222
-0.0196049
-0.0038196
0.0028492
0.0265706
0.0224247
-0.0116146
0.0151448
-0.0037049
-0.0008225
-0.0016924
-0.0272456
0.0152086
-0.0290691
-0.0213473
0.0167392
0.0167574
-0.0206946
0.0280224
0.0230086
0.0237916
0.0194350
-0.0196604
0.0156592
-0.0255417
0.0295992
0.0084084
-0.0088023
0.0032057
-0.0049202
0.0182325
0.0030426
0.0251660
-0.0245462
-0.0206325
0.0160021
-0.0246115
-0.0037613
-0.0002503
0.0252941
0.0272641
-0.0263348
0.0173613
0.0181889
-0.0122849
-0.0079108
0.0004201
0.0032439
0.0077853
-0.0292357
0.0170287
-0.0214991
-0.0159747
-0.0133258
0.0001481
-0.0175360
0.0035224
0.0240969
0.0165881
-0.0186683
-0.0158660
0.0342452
0.0119935
0.0164013
-0.1182821
0.0165035
0.2007490
-0.0181600
-0.1411126
-0.1959604
-0.0998713
0.0409672
0.0785832
0.0368302
0.0637372
0.0081129
-0.0061342
-0.0313343
0.0055776
-0.0039543
0.0108953
0.0219716
0.0103501
0.0205564
-0.0104380
-0.0086910
0.0008015
0.0005088
-0.0108224
0.0246471
-0.0246954
0.0276138
0.0121535
-0.0131124
-0.0050956
0.0229514
-0.0177752
0.0037435
0.0089593
0.0248022
0.0127750
-0.0021244
-0.0224462
-0.0129548
0.0091556
-0.0101345
0.0132944
0.0091086
0.0200554
-0.0082034
0.0225703
0.0283734
-0.0042065
-0.0131774
-0.0054643
0.0287100
-0.0238175
0.0200382
0.0231200
0.0190828
0.0085413
-0.0116775
-0.0128349
-0.0089844
-0.0028845
-0.0142380
-0.0222402
0.0229189
0.0108160
0.0107854
0.0069352
-0.0243875
0.0008472
0.0192378
-0.0198573
0.0216336
-0.0131977
-0.0244901
-0.0025549
0.0272579
-0.0130240
0.0173799
-0.0165085
-0.0202132
-0.0094013
-0.0084038
0.0199842
-0.0265665
0.0188108
-0.0204423
-0.0080689
0.0071585
0.0145952
-0.0024360
0.0163780
-0.0064248
0.0017515
-0.0087186
0.0302476
0.0039062
0.0182358
0.0030098
-0.0253975
-0.0176060
-0.0666734
-0.0655420
0.0058959
0.0922464
0.1145666
-0.0921625
-0.1367692
-0.0122474
0.0984502
0.0573335
-0.0098620
-0.0264164
-0.0070932
-0.0263795
-0.0185986
0.0224391
0.0404838
0.0035040
-0.0004127
-0.0190425
-0.0008887
-0.0304439
-0.0252553
0.0048330
-0.0110536
-0.0130725
-0.0291313
0.0022279
-0.0152807
-0.0177008
-0.0209894
