-0.0893707
-0.0649791
0.0329256
0.1717006
-0.0881913
-0.0289073
-0.1210987
-0.0292323
0.0470792
0.0858633
-0.1091621
-0.4492238
0.0268219
0.1583662
0.2220663
0.1630041
0.1115250
-0.1315161
-0.0511121
-0.1257631
0.0153159
0.0801273
0.0262695
0.0150511
-0.0212091
-0.0726813
-0.0552401
0.0154945
-0.0079338
0.0390558
-0.0355774
0.0051739
0.0907308
-0.1294963
0.0399822
0.0276695
0.0825669
-0.0090178
-0.1134615
0.0302537
0.0573922
-0.1005014
0.1121298
0.0457989
0.1313936
0.0065144
0.1468929
0.0060175
0.1142714
0.0620317
-0.1368173
-0.0708709
-0.2660383
-0.0018315
-0.2524947
-0.1243419
-0.0756925
-0.2193878
-0.0617762
0.0549453
-0.0494683
0.1065320
0.1102453
0.0046427
0.0803153
0.0692372
-0.0335349
0.0177380
0.1151306
-0.0008639
0.0719559
0.0605111
-0.1058650
0.0955104
-0.1231860
0.0918192
-0.1172498
-0.0392223
0.1347009
0.1304404
-0.0792834
0.0208041
-0.0790090
0.0095348
0.1025661
0.0258742
0.1254231
-0.0764875
-0.2708505
-0.0561078
0.8322963
-0.3268171
0.1253834
0.2351473
0.2181200
0.2906409
0.1139085
-0.1266928
-0.1562673
-0.0610568
-0.1089463
0.0336463
0.0251691
0.1640991
-0.0790822
-0.0427370
0.0274193
0.0280840
-0.1150519
-0.1019899
0.0141090
0.0604724
-0.0321083
-0.0950209
-0.1015932
0.0651843
0.0630769
-0.0303500
-0.0170946
0.0491489
-0.1016942
0.0510533
-0.1103877
-0.0919372
-0.0999917
0.0012201
0.0139735
-0.1279977
-0.2202230
-0.2602344
-0.0809496
0.0891232
0.0664090
0.3236376
0.1650920
0.1899380
0.1826958
-0.0720941
0.0967829
0.0486945
0.0802892
-0.0399199
-0.0263735
-0.0687054
-0.1387356
-0.0369158
-0.0656892
0.0701673
0.1126878
-0.0555300
0.0718043
-0.0010653
0.0200049
0.0821884
0.0480018
0.0356000
-0.0194098
-0.0245331
0.0138169
0.0123151
-0.1019389
-0.0028770
-0.0260480
-0.0777806
-0.1033465
-0.2415132
-0.0682254
-0.0375815
0.0542963
0.3430207
0.8721456
0.5143764
-0.2920275
-0.4440644
0.1647828
0.0974402
0.2094186
-0.0917379
-0.1426546
-0.1734513
0.0031764
0.0522005
0.1387906
0.1280299
0.0788904
-0.0411094
-0.1051349
-0.0168484
0.0439961
0.0749712
0.0483833
-0.0692063
0.1159885
0.0534297
0.1012076
-0.0250195
0.0110061
-0.0259564
-0.0412674
0.0364362
