0.6814150
-0.1800762
-0.1849604
-0.0327972
0.1173922
0.0382194
-0.0312479
0.0562564
-0.0364413
-0.1984450
0.1681585
0.3109652
-0.2376434
0.7503207
0.2175291
0.0292624
-0.1229636
-0.1342335
0.1232333
0.0762573
-0.0794460
-0.0701016
-0.0459819
-0.0072847
-0.0903919
0.2654912
0.3390187
-0.0710326
-0.5341784
-0.0627342
0.4686169
0.6585759
-0.4930798
0.1255419
0.2720668
-0.0094108
0.1249037
-0.0681977
-0.0485075
0.0063477
-0.1006995
-0.1045741
0.0166262
-0.1124604
-0.1197162
0.0112804
0.2344178
0.2086745
0.6633566
0.1652245
-0.0461888
-0.0849303
-0.0106122
-0.2569342
-0.0982930
-0.0283466
-0.3922719
-0.0742767
0.1363726
0.7754368
-0.2933990
0.0931815
0.0576469
0.0949988
-0.1432925
-0.0313045
0.0713833
0.0494390
0.0586345
-0.0014770
-0.0164131
-0.0204792
-0.0371257
0.1430310
0.3076943
0.0602513
-0.3106931
0.0381933
0.4686033
0.4214149
-0.3118825
0.1294173
-0.0340036
0.0315261
0.1224341
0.0687065
-0.1320445
-0.4114754
-0.0438150
-0.0827307
0.0473008
0.1941133
0.0723401
-0.0312356
-0.0115746
-0.0968839
0.0544370
-0.0847220
-0.0234392
-0.0607304
