0.2327958
-0.0042023
0.0311501
0.0644308
0.0295916
0.0247804
-0.0332903
-0.0198156
-0.0075279
-0.0398213
0.0075128
-0.0201793
0.0538887
0.0091502
-0.0609059
-0.0457726
-0.0392579
-0.0478905
0.0376638
0.0008222
0.0286188
-0.0101051
0.0320373
0.0160818
0.0229052
-0.0098204
-0.0047698
0.0317994
0.0169042
-0.0029666
-0.0761436
0.0496216
0.0621264
-0.0426646
0.0181689
-0.0536153
-0.0144382
-0.0125564
0.0246269
0.0324854
0.0022283
-0.0264200
-0.0596385
-0.0382115
-0.0758690
-0.0006374
0.0605837
0.0460947
-0.0388165
-0.0046947
-0.0083707
0.0636660
0.0195834
0.0166810
-0.0720351
0.0123595
0.0203223
0.0049892
-0.0090583
-0.0489992
-0.0370159
-0.0286025
0.0044448
-0.0489867
0.0477216
0.0112078
-0.0437660
0.0197345
0.0479353
-0.0016130
-0.0160291
-0.0252895
0.0190070
0.0436690
0.0181811
0.0661610
-0.0334224
-0.0384985
-0.0026744
-0.0133117
0.0218429
-0.0439703
-0.0342550
0.0608934
0.0810186
0.0067950
-0.0067788
-0.0083899
0.0522219
0.0525321
0.0930850
0.1053608
-0.2618961
-0.0767351
0.0549139
0.0319847
-0.0010944
-0.0269285
-0.0173275
-0.0529076
