0.0944437
-0.4077810
-0.4891435
-0.1011830
0.7632374
-0.4729366
-0.3186678
-0.0168011
0.2670395
0.3158601
-0.1628382
-0.2325993
-0.1463265
-0.0924838
-0.1340151
0.0449851
0.0323590
0.0040404
-0.0327075
-0.1744739
-0.1343932
0.0000523
0.0553704
0.1106157
0.2076728
0.0118950
-0.7154418
0.2687276
0.8716027
1.1021499
0.9529884
0.3381842
-0.1822725
-0.0589474
0.2785759
0.0500386
-0.1750553
0.0032500
0.0945116
0.1026929
0.0982404
-0.0574338
-0.1259678
-0.0067001
0.0421524
0.2096113
-0.5961225
0.3057079
1.0745907
0.8263353
0.2448314
-0.4245855
-0.5088323
0.0457143
0.1264277
-0.2081576
0.1319228
-0.0808284
-0.1485142
-0.0768117
-0.0423465
0.1030775
0.0426720
-0.7664240
-0.5873094
1.1901780
0.2061129
-0.8626342
0.1302081
0.1398317
0.0860310
-0.1490072
-0.0918840
-0.0547347
-0.1584290
-0.0353704
0.0443870
0.0678943
0.0127062
0.0153751
-0.0329966
0.0706802
-0.1602931
-0.0697693
0.1722991
0.2038805
-0.1992930
-0.7534729
1.2557894
-0.8511355
-0.3444189
-0.0194161
0.1407664
0.1166762
-0.0581893
0.0152468
-0.1945340
-0.1670849
-0.0376260
0.0200137
0.1081511
-0.0477139
-0.1297629
-0.1689873
-0.2185666
-0.0969067
0.2736157
0.2347559
0.1529513
-0.0911771
-0.7173138
-0.6955954
1.2363223
-0.1445884
-0.8052021
-0.2853351
0.1673884
0.0777903
-0.1251821
0.0056275
-0.1608816
0.0277003
-0.0475982
-0.1884982
-0.0763632
0.1924753
-0.0094538
-0.2170171
-0.5126345
-0.6394139
-0.4648071
0.1834629
0.2026902
0.1176502
0.0658748
0.0033522
0.0390420
0.1218333
0.0257264
0.1477005
-0.0549266
-0.0647826
-0.0992481
-0.2113985
-0.1030108
0.1548422
0.2926390
0.1360746
-0.0777696
-0.8018515
-0.6778052
0.7476945
1.2261020
-0.3937753
-1.0070410
-0.0017442
-0.0433133
0.0054879
-0.2075787
-0.1273118
-0.0628445
-0.1025921
0.0073479
0.3275367
0.0824155
-0.0310629
-0.5191753
-0.7625779
-0.2726291
0.4580607
1.3066507
0.9279117
-0.0037290
-0.7269756
-0.2276808
-0.1210968
0.1752018
0.1016537
-0.0338925
-0.0737456
0.0250030
0.0372119
-0.0350738
0.0932720
-0.0064720
0.1263214
-0.1470296
-0.0260789
0.0327933
-0.2101855
0.0440106
0.0681545
0.0339675
-0.2789301
-0.4287052
0.9604999
0.7543601
-0.5698479
-0.4962599
-0.2065743
