0.2523227
-0.0004521
-0.0562812
-0.7590166
0.7527819
1.1495176
-0.6685649
-0.1236470
-0.0462034
0.0021168
0.2192506
0.1209928
-0.0894473
-0.1293565
-0.1211527
-0.0840343
-0.0327878
0.0587733
-0.0781160
0.0097547
-0.0659207
-0.2169471
-0.1919980
-0.1498552
-0.1040004
0.2810741
-0.0932144
-0.7188550
-0.6718915
-0.3478623
0.2714346
0.8732769
-0.5908096
-0.3066984
-0.0053321
0.0494390
0.0431868
-0.1691652
-0.0006919
-0.0777388
-0.0565598
-0.0618357
0.0769229
0.1837801
0.1425624
-0.1103448
0.0940079
-0.2878108
-0.7190503
-0.6632954
-0.3706065
0.4779115
0.5406370
-0.5755268
0.0288506
0.1843918
-0.0040006
-0.0870751
0.0353658
0.0191314
-0.0180304
-0.0541784
-0.0963070
0.4132646
0.2068872
-0.7077800
-0.9399629
0.6098291
0.1218315
-0.7736742
-0.1744488
0.1067904
0.2593934
0.2597962
0.0703161
0.0384008
-0.1657944
-0.1865713
-0.1610415
-0.1075441
0.0039414
0.0251602
0.1666733
-0.1414780
-0.0917834
0.0026455
0.2818984
-0.0097329
-0.7800018
1.1399700
0.5042127
-0.6094048
-0.1749424
-0.0375262
0.2140008
0.2651156
0.2604652
-0.0484904
0.0349633
-0.1313396
-0.0131663
0.0753187
0.0787025
0.0430345
-0.1433799
-0.1610090
-0.1495343
0.0244779
0.0879034
0.2128035
0.1051828
-0.2004757
-0.3191506
0.9052648
0.8255696
-0.2141349
-0.0947455
0.0866347
0.2599836
0.1356648
0.0534505
0.1256162
-0.0274239
-0.0118230
0.0541431
0.1033297
0.1271889
0.3175983
0.0723752
-0.0970131
-0.2278922
-0.3044731
-0.3592114
-0.1852557
-0.0442674
0.1535073
0.1819843
-0.0004042
-0.0820815
-0.1084282
0.0021819
0.1477960
-0.0183263
0.0717141
-0.1743200
-0.1274141
0.1417829
0.0150588
0.2288563
-0.0529459
-0.1121182
-0.6424453
-0.6803086
0.6699669
1.3313276
-1.1737553
0.0906347
0.3526976
0.0045029
-0.2300024
0.0109135
0.0608983
0.1346261
-0.0607909
0.1762420
0.2372925
0.0633509
0.0595431
-0.1697607
-0.5865252
-0.9758353
-0.4243744
0.3107162
0.9890164
-0.1479007
-0.6165456
-0.1104857
0.0143216
0.3066210
0.0461489
-0.0335856
0.0681918
-0.1124492
-0.0046018
0.0725471
0.0467202
0.1633957
0.0130629
0.0939780
0.0392735
-0.0925569
0.1072093
0.2519247
0.0052725
0.0036388
-0.1591990
0.6638542
0.8849159
0.1097884
-0.6813372
