0.8530150
-0.1671461
0.0272916
-0.0804653
0.0545187
0.0830343
0.0378861
-0.0900978
-0.0841406
0.0119646
-0.3049174
-0.3833218
0.7519571
-0.0195923
-0.1130901
0.0327431
0.0033700
-0.0032270
-0.1199652
-0.0247465
0.1430249
0.0222532
0.0204814
-0.0422803
0.2553195
0.0616995
0.0208120
0.5808201
0.1968648
-0.1284871
0.0392495
0.0890941
-0.0309922
-0.0857983
-0.0824879
0.1165496
0.0512900
-0.1100560
0.1977761
-0.5577723
-0.4678141
-0.1838594
-0.0316924
-0.1966114
0.1237894
0.5259648
0.9201640
-0.4334254
-0.0008046
0.0155952
0.0086644
0.2403901
-0.2773159
0.4658063
-0.5075738
-0.0032317
0.0720823
0.0045443
-0.1361850
0.0352741
-0.0231652
0.0064539
0.1309027
-0.0482845
-0.1637667
-0.1191485
0.0855080
0.2194752
-0.4174327
-0.0736199
-0.0015043
0.1525042
0.1019979
0.1912784
0.0593193
-0.0243532
0.0400672
0.0733266
-0.0557824
0.0138648
-0.0815839
-0.2124142
-0.5298043
-0.0722168
-0.0087299
-0.0181724
-0.0802859
0.0131693
-0.0381704
-0.0253192
0.0931073
-0.0948521
0.1742197
0.0900468
0.2961826
-0.4329380
-0.0986241
0.0111812
0.1534010
0.1322734
