0.1097146
-0.0126213
0.0416844
0.0171917
0.0296011
0.0347077
-0.0141785
0.0400320
-0.0561559
-0.0506702
-0.0597452
-0.0303112
0.0082373
-0.0262903
0.0363663
-0.0292984
0.0515514
-0.0095649
-0.0515044
-0.0173103
-0.0021059
0.0222791
0.0424580
0.0248428
-0.0174077
-0.0090167
0.0253719
-0.0500925
-0.0399333
0.0295106
-0.0125579
-0.0067040
-0.0016584
-0.0583021
0.1304584
0.0618788
-0.0072893
-0.0527482
-0.0247450
0.0479883
-0.0220195
0.0107364
0.0623158
-0.0465171
0.0172323
0.0001740
0.0375272
-0.0124611
-0.0408296
-0.0117751
-0.0217429
0.0140897
0.0127738
-0.0739584
-0.0345188
0.0601027
-0.0665712
0.0605259
-0.0441071
-0.0238765
0.0287555
0.0535848
0.0494241
0.0284391
-0.0215154
0.0342688
-0.0727589
0.1478116
-0.2002924
-0.0243131
0.0451017
-0.0307517
-0.0253544
-0.0117673
-0.0491113
0.0310733
0.0147965
-0.0107765
-0.0221350
0.0172970
0.0338896
0.0546421
0.0022522
0.0333650
0.0377680
-0.0607811
-0.0333815
0.0588036
0.0267008
-0.0524445
0.0727180
0.0270727
-0.0176401
0.0029817
0.0364171
-0.0585944
-0.0667570
-0.0026436
0.0492223
-0.0834774
