0.7247032
-0.0923903
-0.1777627
0.0663847
0.0327906
0.0002783
0.0840322
0.0107476
0.0096777
-0.1473216
0.2187901
0.3519015
-0.1052534
0.8369816
0.2664595
-0.1524863
-0.0519025
-0.0886586
0.1072321
-0.0729860
-0.0998080
-0.0294433
-0.0363483
-0.1535258
0.0348564
0.1790301
0.2835706
0.1819031
-0.3701545
-0.0538640
0.1441665
0.5976915
-0.2004704
0.0222790
0.1857318
-0.1192454
0.0165150
0.0522714
0.0422958
0.0396704
0.0008056
-0.1408627
-0.1503049
-0.1893188
-0.1511331
-0.0285754
0.0316473
0.2205072
0.7420928
0.2110933
-0.2013350
0.0871861
0.0732872
-0.0285258
-0.1230809
0.2274854
-0.0917539
-0.2410803
-0.2086162
0.6307850
-0.7322498
-0.1698191
-0.0998546
0.1400918
-0.1171064
-0.0165100
-0.1262956
-0.0036336
-0.0697051
0.0336027
-0.0774925
-0.0442032
0.0336117
0.0497882
0.1138693
0.2761095
-0.2513592
-0.2032296
-0.1160768
0.7487931
-0.6709285
-0.0712090
0.0905487
-0.0226342
-0.0652263
-0.0836740
0.2013197
-0.1144610
-0.2705252
-0.0650223
-0.1158049
-0.0424416
0.3268312
-0.0159244
0.0335843
0.1310650
0.0513787
-0.1241230
-0.0049123
-0.0399490
