0.0834461
-0.0015211
-0.0796134
0.0048461
0.0565085
-0.0866647
-0.0446199
-0.1071605
-0.0137866
-0.1958915
0.0486827
0.1205631
0.3028306
0.1921014
0.2739940
-0.3810056
-0.8125375
-0.3867770
0.6988840
0.1112925
-0.0879354
-0.1955692
-0.2032061
-0.2394819
-0.1591349
0.0030514
0.0722014
-0.0071091
-0.0065055
0.0216764
-0.0087030
0.0281364
0.0503470
0.1917814
-0.0567819
0.0389106
-0.0851525
0.0990638
0.1647047
0.1363752
0.0934575
-0.1388564
-0.8185228
-0.4306223
0.1069162
-0.1498060
0.1324969
0.1950176
0.1546526
0.0356902
0.0905123
0.0779295
-0.0102996
0.0617916
0.1873993
-0.1046247
0.0671948
0.0732358
0.4050337
-0.8993739
-0.1879158
0.5107872
0.9052319
-0.1947965
-0.0561952
0.0480404
0.0812451
-0.0149322
0.0446907
0.0570857
0.0079477
-0.0400691
0.1473459
0.0924245
0.1060252
0.1150414
-0.1805202
-0.1315434
-0.2466960
-0.0108974
-0.1730636
0.0578643
0.2529647
-0.1773270
0.1576853
0.6467515
-0.0534464
-0.1410026
-0.1459223
0.0435897
0.1913347
-0.0738277
-0.1425779
0.0407679
-0.1282253
-0.0782511
0.0934873
0.0011143
-0.0257313
0.1489099
0.0440203
-0.1413471
-0.1612419
-0.0322796
-0.0300785
0.3740529
0.4354708
-0.6276236
-0.9297659
-0.2840959
0.3944116
-0.0764124
-0.1417044
-0.2020669
-0.1070298
0.0674931
0.0502300
-0.1640246
-0.0932366
0.0756664
-0.0082936
0.1435189
-0.1323729
-0.1883639
-0.0573316
0.1974133
0.3550699
0.1858457
-0.1461101
-0.8239912
-0.4616662
-0.1015459
-0.0197424
-0.0072294
-0.0150706
0.1170269
0.0878417
-0.1776800
0.0290198
-0.1296808
0.1010971
0.1157736
-0.0057058
0.0716107
-0.1659951
-0.1338582
-0.0542044
-0.0791739
0.2155870
0.5025191
0.3495625
-0.7399907
-0.8843125
0.7579565
0.8295510
0.0384110
0.0576534
0.1703324
0.0532729
0.0353169
0.0428416
-0.0602593
0.0524590
-0.0902727
-0.0007546
-0.0566452
-0.0522522
0.0858866
0.1353779
0.1741588
0.2338229
0.1114792
-0.0945665
-0.5002124
0.3622709
0.6939910
-0.2305568
-0.1500607
-0.2643871
0.0827137
0.1093885
-0.0103227
0.1821107
0.1485836
0.1107839
-0.1306898
0.0000170
0.0498849
-0.1019999
0.0319928
-0.0265549
0.0116425
-0.0424385
-0.2420734
-0.2192032
0.2345141
0.1080459
0.1262054
-0.1122158
-0.4414205
