-0.0524627
0.2529647
0.3693217
-0.1773270
0.1576853
0.8902266
-0.1292902
-0.1410026
-0.0805280
-0.1459223
0.0435897
0.1913347
-0.0159241
-0.0738277
-0.0183660
-0.1550355
0.0407679
-0.0376598
-0.0782511
0.1944233
0.0559204
0.0011143
0.1489099
-0.0774297
-0.1373117
-0.1612419
0.3137561
0.3740529
0.2557030
0.4354708
-0.0242020
-0.6276236
0.7482686
-0.0764124
-0.0016145
-0.1070298
0.0674931
0.0929698
0.0094863
0.0583199
-0.1108680
-0.1640246
0.0298044
0.0016453
0.0589980
0.1842443
-0.1323729
0.0384155
-0.0576667
0.1492637
0.1974133
0.2595046
0.3550699
-0.6399162
0.3998373
-0.1889880
-0.0072294
0.1170269
-0.0630355
0.0692226
-0.1776800
0.0290198
-0.1296808
0.0716107
-0.1393085
-0.1338582
-0.1076365
-0.0791739
0.2438112
0.0183671
-1.0929385
0.7579565
0.5102229
0.1303577
0.0623805
0.0384110
-0.0266730
-0.1886016
-0.0872517
0.0576534
0.1086413
0.0532729
0.0507139
-0.1579334
0.0428416
-0.0602593
0.1748293
0.0580110
0.0499301
-0.0681764
0.0373390
0.0858866
0.2338229
0.1114792
-0.5663970
-0.5002124
-0.1843127
0.6089948
0.1757047
-0.1719338
-0.1229003
-0.0543319
0.0827137
0.1093885
-0.0103227
0.0006974
0.1107839
-0.0347189
-0.0893868
0.0000170
-0.0154785
-0.0416243
0.1211812
0.0116425
-0.0622784
-0.0424385
-0.1243398
0.1080459
0.1870221
-0.4414205
-0.9044951
0.2938073
-0.1812745
-0.3168038
-0.1339139
0.0899846
0.0573137
0.1247748
-0.0932553
0.0641199
0.0039880
-0.1584055
-0.0395923
-0.1778524
-0.0843688
-0.1322599
0.0982390
-0.1303248
-0.2535173
-0.8602745
-0.3718027
0.3808813
0.3094510
-0.0298485
-0.1106434
-0.1796264
-0.1156693
0.0522075
-0.0382384
-0.0252189
0.0832650
0.0373342
-0.1657562
0.0674350
-0.1233131
0.0549382
-0.0643193
-0.0715231
-0.1894516
0.1012040
0.0637715
-0.2804681
-0.4318558
-0.1801011
-0.1419329
-0.1415689
0.1269063
0.1508969
0.1751825
0.0567825
0.0817215
-0.0642051
-0.1610710
-0.1041985
-0.0207716
-0.0377863
-0.0327702
0.1625248
0.1527948
0.0062533
0.0127228
-0.2346751
-0.0443647
-0.0512106
0.1657999
0.3434777
0.1348634
0.1321354
-0.2623802
-0.8009325
0.7874764
-0.0591271
-0.3184529
-0.2229780
0.0446413
0.0096893
0.0126515
-0.0502125
0.0329447
0.0332013
