-0.0404944
-0.0029450
0.0022000
-0.3108865
0.1231208
0.9482839
-0.7882989
-0.2327351
0.0604812
0.1762072
0.1530949
-0.0063840
-0.1732772
-0.0695137
-0.0602499
-0.1252711
0.0062238
-0.0839215
0.0383394
-0.0583881
0.0914062
0.0457744
-0.0571866
0.0100838
-0.1403245
0.2074358
-0.0281701
-0.2496358
-0.3401341
-0.4756141
-0.5350479
-0.3602417
0.2380051
-0.4785415
-0.3638721
0.0697923
0.1121322
0.0266454
-0.1695270
-0.0231427
-0.0905052
-0.0972342
0.1551047
0.0956176
0.0805785
0.0688507
-0.0772128
0.0921099
0.0395295
0.0397610
0.0094001
-0.1524836
-0.4299958
0.7330219
-0.5155223
-0.0647332
-0.0361139
-0.1752670
0.0828463
0.1165904
-0.0364379
0.1318731
0.1249343
-0.1013750
-0.0154370
0.2746959
-0.0101946
-0.0676608
-0.4349098
0.8869404
0.2232345
-0.3241961
-0.1576066
-0.0012049
-0.0120387
-0.0056389
0.2599055
0.1171406
0.1257917
0.0781504
-0.0810855
0.0069311
0.0650326
0.1705310
0.0067844
0.0217130
-0.1620869
0.0804797
0.2699052
-0.1145319
-0.5317419
-0.1876213
0.2831232
-0.0912511
-0.5778290
-0.0367565
-0.0323102
0.2068715
0.1093935
0.1278529
0.1472906
-0.0529836
-0.1786885
-0.1643682
-0.0178251
0.1452084
0.0574221
-0.0606447
-0.1910590
0.0574434
-0.0689888
0.0816267
0.0855268
0.0448329
-0.1742618
-0.5590455
0.7076195
-0.3593220
-0.2734462
-0.0262801
0.0220922
0.0001002
-0.0112009
-0.0040382
-0.0420694
0.1878096
-0.1373645
-0.0615846
-0.0260496
0.0702521
0.1114369
-0.4770374
-0.1257863
0.6898099
0.9600793
0.5194381
0.0258106
0.0414601
0.0615588
0.0265017
0.0754498
0.1012613
-0.1543754
-0.1051557
-0.0475870
0.1147651
0.0253132
0.1262494
0.0298678
-0.0912384
-0.1824083
0.0010263
-0.0010574
0.1882011
0.1971331
-0.1345321
-0.0449269
0.9259122
0.8834893
-0.2726239
0.1477307
0.0607262
0.0619073
0.0299332
0.1639893
0.1520934
-0.1020331
-0.1079417
-0.1879181
-0.0219265
0.0339606
-0.0396623
-0.0116110
0.1622772
0.0772026
0.2203586
-0.2696472
-0.6985931
0.0406404
0.7420078
-0.1532788
-0.4851264
-0.3273595
-0.1190325
-0.0944699
0.2315735
0.2286874
-0.0157689
0.0124099
0.1363236
0.0121449
0.0065141
-0.0798007
0.0914588
-0.1205583
-0.0461539
0.0155658
0.0970316
0.0549654
0.0376012
