-0.0134948
-0.0511013
0.0398376
0.0500041
0.0535750
0.0518646
-0.0277243
0.0129465
-0.0268026
-0.0459613
0.0258955
0.0406531
0.0204917
-0.0476845
0.0016209
-0.0480861
-0.0516760
0.0206010
-0.0671878
0.0230652
0.0139598
-0.0260383
-0.0140472
0.0626166
0.0047098
-0.0372596
0.0844573
0.3110021
0.3172778
0.0702949
-0.1195692
-0.2664554
0.0899022
0.0445194
-0.0037527
-0.0647871
0.0315058
-0.0335910
0.0159762
0.0453065
-0.0386311
-0.0020780
-0.0035716
0.0273240
0.0325225
0.0368287
-0.0428064
0.0235994
0.0268184
0.0080211
0.0001798
-0.0146961
-0.0063311
0.0160607
-0.0265703
-0.0199118
0.0286246
-0.0187073
-0.0155232
0.0348571
0.0391682
-0.0637366
-0.0390761
-0.0560665
-0.0601480
0.0573304
-0.0362893
-0.0216346
-0.0451844
0.0555688
0.0405711
0.0499769
-0.0539937
0.0243109
-0.0167355
-0.0322876
-0.0358846
0.0330987
-0.0432675
-0.0141409
-0.0406192
0.0338907
-0.0194981
-0.0192688
-0.0386890
0.0455071
-0.0119125
-0.0108627
0.0128737
0.0232633
0.0304734
0.0157020
0.0210369
0.0351314
0.0170278
0.0295690
-0.0474532
0.0412132
-0.0104573
-0.0059388
-0.0372563
-0.0215985
0.0547299
-0.0229921
-0.0292429
-0.0477637
0.0088830
0.0112749
0.0267429
-0.0120210
-0.0284865
0.0410187
0.0027039
0.0621908
0.0298065
-0.0078459
0.0132297
0.0199348
0.0258320
-0.0280908
0.0180218
-0.0163496
0.0210626
0.0654203
0.0096574
-0.0193654
-0.1043375
-0.0331520
0.1038727
0.2689085
0.1956385
0.0529130
-0.0004659
0.0234769
-0.0560182
-0.0280471
0.0176741
0.0358439
-0.0537495
0.0145703
0.0320620
-0.0598376
0.0246419
0.0227048
0.0008921
0.0281472
0.0613837
0.0362498
0.0517343
0.0567102
0.0226027
-0.0667982
-0.0033635
0.0439677
0.0423959
0.0328366
-0.0434710
0.0540106
-0.0495499
-0.0336928
-0.0298148
-0.0542917
-0.0512298
-0.0365107
-0.0386783
0.0567278
-0.0517783
0.0194780
0.0188942
0.0427862
0.0595205
0.0469867
0.0427589
0.0311133
-0.0192839
-0.0465152
-0.0373138
0.0435668
0.0145833
-0.0063985
-0.0089608
-0.0523859
0.0097996
-0.0321016
0.0197424
-0.0521196
-0.0052317
0.0548931
-0.0173688
-0.0517095
-0.0478405
0.0008013
-0.0291942
0.0091793
-0.0093427
0.0157332
0.0584689
-0.0341427
0.0072147
-0.0036499
