0.0825192
-0.1258932
-0.0019659
0.0132694
0.0762697
0.2256564
-0.1594409
-0.5798102
-0.7005002
0.2276783
-0.0115575
-0.0285500
-0.0384776
-0.2019586
-0.1687530
0.0228863
0.1383954
0.1023979
-0.0097057
0.0530350
-0.0631090
0.0117573
-0.1162228
0.0297346
-0.0645249
0.0018310
0.1405345
0.1603786
0.0649935
0.0240586
0.0259397
-0.0224972
-0.0543310
-0.1295639
-0.1772634
0.5505916
-0.4247553
-0.7749525
0.8755953
0.4312416
0.1943289
-0.0957006
0.0195348
-0.2098191
-0.2947527
0.0661676
-0.0417902
-0.1992269
-0.0482057
-0.1220478
0.0042818
0.0032270
-0.0046780
0.0709099
-0.0155785
0.2754268
-0.9506664
0.2536869
0.0305451
-0.0572012
-0.1448930
-0.0751855
-0.0149217
0.1106529
0.0007662
-0.1213939
0.0912291
-0.0139390
-0.0989106
-0.0027589
-0.0558115
0.0393560
-0.1575940
-0.1022944
-0.0823709
-0.0187879
0.0872075
-0.0506479
0.2743737
0.3728505
0.2000832
0.2874926
-0.6097624
0.3796642
0.1543853
-0.0814083
-0.2936949
-0.0835841
0.2243191
0.1078699
0.0424863
-0.1004684
0.1062219
0.1428200
0.1132467
0.1432408
0.0487135
-0.0970745
-0.0845550
-0.0528493
-0.1301340
0.3211502
0.2606724
-0.1149771
-0.5274186
-0.2276730
0.8542202
0.2900256
-0.1055798
-0.0969622
0.0151856
0.0178188
0.1531317
-0.0050385
0.0531718
-0.0668958
0.0013713
-0.0548957
0.0436241
-0.0773122
-0.1423537
0.0132466
0.2581807
0.1996799
0.3580920
-0.4078651
0.4318731
-0.0615384
-0.0209921
-0.1942923
-0.3160577
-0.1150266
0.0353163
-0.0189105
0.0760156
0.0569085
-0.0361853
0.0266282
0.1032691
0.0723110
0.0237230
0.0909259
-0.0123971
-0.1233010
-0.2087614
0.0430240
0.0776384
0.1716602
0.1768984
-0.3497609
-0.7786941
-0.5114208
0.7685767
0.5035381
0.0450495
-0.2499511
0.1330083
-0.0559387
0.1127013
0.1120393
0.0910708
0.0404952
0.0827973
-0.1632663
-0.0850861
0.0124890
-0.1390460
0.0156928
0.0037007
0.2486153
0.3166172
0.4496063
0.2187212
-0.9833236
-0.1488164
0.3912911
-0.1287592
-0.1996705
-0.3057362
0.0037389
0.0210016
-0.0079478
0.1764790
0.0731609
0.1235937
0.0682823
-0.1211877
0.0207099
0.0173783
-0.1588633
0.0691021
0.0577803
-0.0872102
0.0011343
-0.0691848
0.1180327
0.1071337
0.2078039
0.2709570
0.5735831
