-0.0009564
0.1411773
0.0549952
-0.0029440
-0.0884516
-0.0285777
-0.1085515
-0.0739501
-0.1355774
-0.0436636
0.1362467
0.1024697
-0.0750313
-0.0691033
-0.2031792
0.1067392
0.0646333
0.1963105
0.0402278
0.2153917
-0.0162004
-0.3414498
-0.2264740
0.2658640
0.3713065
-0.0837603
0.0907891
0.0005843
0.1087631
-0.0088882
-0.0183362
-0.0653287
0.0476386
0.0379691
-0.1197055
0.0127502
-0.1131357
0.0864604
0.0508645
-0.1096553
0.0602862
0.0705534
0.0167740
0.0493145
0.0766666
-0.1266278
0.0121097
-0.0435597
-0.0729345
0.0847592
0.1775960
-0.0284887
0.0230564
-0.0399382
0.0395262
-0.0932589
-0.1412156
-0.0311041
0.1664663
0.0669209
-0.1060686
-0.1239117
-0.1128522
0.1371031
0.1499008
-0.0743174
-0.0667402
0.0037249
0.0344645
-0.0701864
0.0748388
0.0136165
0.1278610
0.1525229
0.0669621
-0.0920066
0.0087476
0.1011341
0.0947099
-0.1405665
0.0228495
-0.0909939
-0.0038091
0.1583779
-0.2576078
-0.1783171
0.0604002
-0.0534823
0.0223073
0.0257715
-0.1005475
-0.0012138
-0.0025796
0.0124526
0.0247866
-0.0878161
-0.0830327
-0.1103999
-0.1319101
0.0861665
-0.0322077
-0.0634158
0.1335502
0.0306502
0.1240915
0.0993868
0.1042732
-0.0270368
0.0908077
-0.0823735
0.1195167
0.1244060
0.0974506
-0.0793544
-0.0590131
-0.1273622
0.0738900
0.0776186
0.0657269
0.0277349
0.3567110
0.0264706
-0.0760702
0.0628190
0.1500496
-0.0475316
0.1024424
-0.1117757
-0.0585025
-0.0311616
0.0098377
0.0132740
-0.0523204
-0.1187440
-0.0556948
0.0965255
-0.0120196
-0.0428375
-0.0768796
0.1381415
-0.0134441
-0.0499594
0.0271718
-0.1236615
-0.0975685
0.2351708
0.1753953
0.0596043
-0.2875382
-0.2448144
0.0378771
0.1797438
0.1126773
-0.1241155
-0.1867782
-0.1307503
0.0600058
-0.0320653
-0.1318923
0.0261362
0.1338315
0.1248739
0.0182688
0.0368952
0.0666371
0.0993301
-0.0110242
0.0214873
0.0724192
0.0620595
-0.1295873
-0.1314909
0.0725736
0.1656475
0.0269604
0.0475147
-0.1697308
-0.0029393
-0.0730464
0.4398752
0.3689182
-0.1190382
-0.6088569
-0.0507738
0.3560120
-0.0210185
-0.0480758
0.1666787
0.0278808
0.0810638
-0.1302409
0.0195767
0.1297295
-0.0068084
0.0017459
-0.0711385
0.1009484
-0.1270353
-0.0324957
-0.0384467
