-0.0249166
0.2488640
0.2688795
-0.1447003
-0.0945588
-0.0255477
0.1650071
-0.0133036
-0.0673710
-0.1130746
-0.0079219
0.0288615
0.0830850
0.0888892
-0.0029246
0.0067908
-0.0386599
-0.0205861
-0.0154580
-0.0081513
0.0050858
-0.0175724
0.0131052
0.0200009
0.0355193
-0.0242483
0.0284541
0.0357567
0.0330256
0.0105494
-0.0316144
0.0525308
-0.0097535
-0.0167605
0.0011496
-0.0122680
-0.0250714
-0.0129955
-0.0108199
0.0177882
-0.0391124
0.0000031
0.0192861
0.0327053
-0.0351525
0.0004543
-0.0000764
-0.0337198
-0.0327930
-0.0208927
0.0406555
0.0269553
0.0173431
-0.0134683
0.0205024
0.0360516
-0.0274699
0.0045281
-0.0543439
0.0478650
0.0332417
0.0933056
0.0404911
-0.0524033
0.0047555
0.1662478
0.2065445
-0.0656778
-0.1461490
0.0981680
0.2259845
-0.0313903
-0.1456948
-0.1002936
-0.0827838
-0.0356721
0.0587106
0.0899864
0.0801278
0.0642998
0.0941723
0.0514950
-0.0590049
-0.0430355
0.0188978
0.0410737
0.0272362
-0.0286471
0.0069215
-0.0390418
0.0395176
-0.0305906
-0.0387042
-0.0424540
0.0155287
0.0149861
-0.0423439
-0.0263917
0.0280330
0.0209446
0.0437490
0.0429686
0.0198460
-0.0161509
-0.0267523
-0.0372320
-0.0254633
-0.0420968
-0.0213075
-0.0009879
-0.0175053
-0.0309044
-0.0074924
-0.0204440
-0.0415849
-0.0388436
0.0313472
-0.0122815
0.0271609
-0.0050850
0.0013915
0.0345704
0.0222317
-0.0228268
0.0007568
-0.0041835
0.0703619
0.0464487
0.0590079
-0.0259686
-0.0136404
0.1814754
-0.1111835
-0.3751823
-0.3442271
-0.0844461
0.0460277
-0.0633583
-0.1306188
-0.1046651
-0.1239386
-0.0286012
0.0391504
0.0873247
0.0534776
-0.0298094
-0.0641286
-0.0148631
-0.0519320
-0.0058792
0.0486256
0.0250519
-0.0322895
-0.0316991
-0.0132370
0.0201542
0.0264928
0.0211821
-0.0418081
0.0084481
0.0389311
0.0183412
-0.0147127
-0.0389137
0.0407647
-0.0036978
0.0037866
-0.0118041
-0.0026857
-0.0140198
0.0297321
0.0229426
0.0391453
0.0335182
-0.0286442
0.0241457
0.0353887
0.0323839
-0.0006179
-0.0382478
-0.0354691
0.0294603
0.0339680
0.0158208
0.0150726
0.0298306
0.0507760
-0.0196441
-0.0144230
0.0623559
-0.0062594
-0.0796126
0.0201877
-0.0079007
0.0595874
-0.0321203
-0.0346903
-0.1422163
-0.0910949
-0.1000782
