0.0067880
0.0519803
0.0726937
-0.0761964
0.0313970
0.0533877
0.7113380
-0.5275338
-1.0859682
-0.6194445
0.3390323
0.1603123
-0.1248049
-0.1272999
-0.3340163
-0.1798481
-0.0042178
0.0665334
-0.0261554
-0.0249288
-0.0846693
0.0114298
-0.0579638
0.0365575
0.0558254
-0.0716306
-0.2215786
-0.1249199
-0.2937353
-0.1172479
-0.0368602
0.0392547
0.0534862
-0.9832199
-0.2976985
0.1653614
-0.1459789
-0.1590781
-0.0745651
0.0450516
0.1373485
-0.0316806
-0.0257740
0.0269546
0.1137969
-0.1201976
-0.1224271
-0.2809052
-0.2417982
-0.1840440
0.0555925
0.1723508
0.8704624
-0.8906660
0.4800556
0.1095245
0.0239382
0.0276842
-0.0735926
-0.0610695
0.0357560
0.1623412
0.0538401
-0.0121399
-0.2609512
0.2202401
0.4019078
0.6668524
-0.9276765
0.1632753
0.4831439
0.1883901
0.0267573
0.0203067
-0.2131362
-0.0049207
-0.1092056
-0.1265441
0.0593881
-0.0131494
-0.0872463
0.0328696
0.0879434
0.1419433
-0.0461429
-0.2217533
-0.0929167
-0.0715771
0.6140425
-1.0397855
-0.3336550
0.3219763
0.1152767
-0.0284345
-0.1397636
-0.3142643
-0.0347352
-0.0441187
-0.0798650
-0.1049576
-0.0205788
-0.0771802
0.0781545
-0.0847723
0.0349339
0.0483710
0.0307437
-0.1357941
-0.2354319
-0.1907350
0.6897730
0.7166210
-0.8994882
-0.3008454
0.1500825
0.2565564
-0.0511427
-0.2740474
-0.0501127
0.1498686
0.1047155
-0.0784570
0.0973026
0.1388986
-0.0520998
-0.0550062
-0.0878788
0.0558279
0.3575489
0.6837031
0.7604710
-0.0698926
-0.2527673
-0.2803288
-0.2196699
-0.2234064
-0.0256705
-0.0062447
-0.0096305
0.1068346
0.0398349
-0.0361660
0.1640610
0.1618642
0.1105186
-0.2545441
-0.1814182
-0.1569024
0.0811389
0.8013957
0.5214432
-0.5804728
-0.7459301
-0.0919778
0.1166362
0.2926241
-0.1227284
0.0829378
-0.1228918
-0.0478154
0.1108330
0.0866442
0.1036739
-0.0021473
-0.0146886
0.8368543
0.2753357
-1.1004443
-1.1395541
-0.7366814
0.2141685
0.2984042
0.3444072
0.4532412
-0.1167703
-0.0721494
-0.2290682
-0.0032462
0.0349410
0.1039265
0.0048610
0.0923435
-0.0724503
0.0820544
-0.0364873
-0.0380724
-0.1709610
-0.1442111
-0.0818139
-0.1561686
0.3477394
0.6579103
-1.1803511
-0.7707224
-0.2606396
0.2523393
0.0306417
-0.1413537
-0.3220198
-0.1899820
