-0.0450314
-0.0611135
-0.0056588
0.0240290
0.1226547
0.0118825
-0.0385340
-0.1348210
-0.0868714
0.0063919
0.0941523
0.0105296
-0.0377797
-0.0450536
0.0311121
0.0441285
0.0623619
0.1134304
0.2045560
0.0324448
-0.0918586
0.0936223
-0.0275116
-0.1739599
-0.0831739
0.1348480
0.0832980
-0.4285121
-0.5498414
-0.4084673
-0.0118260
0.2545803
0.0634367
-0.0963772
-0.0073468
-0.0350596
-0.0505885
0.1122201
-0.1278551
-0.1147351
-0.1244956
-0.1198846
-0.0692511
0.0444578
-0.0800662
0.0199259
0.0918944
0.0084163
-0.0177228
0.0516895
-0.0815642
0.0133007
-0.0998171
0.1059821
-0.1077154
0.0298903
0.0610425
-0.0676182
-0.0681519
0.0477207
0.0795531
0.0340741
-0.0135617
0.0963865
-0.0865395
0.0222324
-0.0448252
-0.0575227
0.0627339
-0.0053821
-0.0769023
-0.0477602
-0.0565404
-0.0285217
0.1659699
0.0797090
0.0690043
-0.0946311
-0.0470842
-0.0231182
-0.2195622
-0.0365687
0.2617342
0.0649026
-0.4898114
-0.1613163
0.2395316
0.1860549
0.0403092
-0.1085700
-0.0876017
-0.0558270
-0.1113427
0.0180643
-0.1528431
-0.0620717
-0.0272298
0.0563614
0.0315537
0.1350045
0.0075544
-0.1061762
0.0970525
-0.0451159
0.0351899
-0.0200880
-0.1175581
-0.0120143
-0.1179870
0.0399473
0.0780924
-0.1036958
0.0604783
0.1243424
0.0750072
-0.0981509
0.0411182
0.1406241
0.0957645
0.0868686
-0.0273947
-0.0977807
-0.0304644
0.0147008
-0.0102924
-0.1289291
0.0061911
0.1090013
-0.0364716
0.0659035
-0.0345229
0.0336317
0.0788979
-0.1245051
0.0322431
-0.0679369
-0.1302416
0.1846242
0.1520143
0.0938180
0.0527961
0.1204452
-0.3590420
-0.0715154
0.2050692
-0.0057746
-0.1677377
-0.0817911
-0.2237673
0.1123651
0.1612621
-0.0628784
0.1353980
0.0346747
-0.1132302
-0.1149866
0.0151024
0.1044794
0.0967170
-0.1173160
0.1087591
-0.1070505
-0.1010660
-0.0222220
-0.0789382
-0.0738507
-0.1355389
0.0337045
0.1400038
-0.0204144
-0.1163603
-0.1002213
0.1411823
-0.1087594
-0.0105885
-0.0307183
0.0700466
0.0363296
-0.0869203
-0.0166107
-0.0266523
0.0873198
-0.0314706
-0.0957358
-0.0946962
0.1070071
0.0743721
0.0992379
0.1335289
-0.0928148
0.0951553
-0.1274394
-0.0837737
-0.0855988
-0.1505512
0.0979689
0.1757359
-0.0118220
-0.0998345
-0.1556567
