-0.0136784
-0.1743766
-0.1516012
-0.1641347
0.1762905
0.1830321
-0.4767877
-0.2625677
0.0907808
0.4244592
-0.0750572
-0.1843774
-0.1637070
-0.1015662
-0.1704350
-0.0033860
0.2122792
-0.0139872
-0.0758493
0.0023745
0.0135455
-0.1381635
-0.0090721
-0.0917780
-0.1299908
0.0531329
-0.0181928
0.0839841
0.1186116
0.0130532
0.0116001
-0.1460147
-0.0590559
0.0836173
-0.0896681
-0.0063581
0.0242969
-0.0690702
-0.1211800
0.0319983
0.1011051
-0.0092275
0.1819358
-0.1057224
0.0002744
0.0221392
-0.1843121
-0.1404258
-0.1296035
-0.1294532
0.0467608
-0.0158371
-0.1107851
0.0583622
0.1053102
-0.0232801
-0.0600282
0.0448892
-0.0392090
0.0686808
0.0768957
0.0749230
0.0439096
-0.0762857
-0.1452439
0.0679551
0.0067362
0.1761649
0.1956450
-0.2447050
-0.2062659
0.1702054
0.0986186
0.0909086
0.0348870
0.0381926
-0.0129425
0.0241877
0.0286107
0.1218614
-0.0369076
-0.0168774
-0.1108819
0.1071182
-0.0013764
-0.1119166
0.0840966
-0.0986018
-0.0935997
-0.0150342
0.0363708
0.0525579
0.0163746
0.0244891
0.0768553
0.1094810
-0.0911909
-0.0388015
-0.1688772
-0.1354353
0.1001389
0.2326168
0.0339966
-0.0826865
-0.1449862
-0.2961222
0.2736081
0.6662573
-0.0426056
-0.4145609
-0.0247257
-0.1706331
-0.0159843
0.0676529
0.0005552
-0.0041551
-0.0689239
0.0746212
-0.0435176
0.0771787
0.0140511
0.1014338
-0.0484882
-0.1150390
0.0589882
0.0179277
0.0861508
-0.0319347
0.1037518
0.1045123
-0.0177500
-0.0516985
-0.1322399
0.1147410
-0.0370657
-0.0790058
-0.1677314
0.0751979
0.1756264
-0.0018880
0.1106171
0.1409039
-0.0960588
-0.1085992
-0.1501414
0.0211114
0.1383655
-0.0276217
-0.0716238
-0.0387156
-0.1238992
-0.0284276
-0.1083496
-0.0590893
-0.0409225
0.0081581
0.0178337
-0.0766419
-0.0976065
-0.0118197
-0.0667780
-0.1052685
-0.0350180
0.1667805
0.2879085
-0.1022538
-0.4309244
-0.2821762
-0.0429188
0.1670372
0.1207304
0.0096466
0.1429021
-0.0541284
-0.1284842
0.0393460
-0.0251361
0.1659100
0.0883751
-0.0596509
0.0755832
0.1014415
0.0694030
-0.0298049
0.1170360
-0.0422912
-0.0513774
0.0704018
-0.1276664
0.0876335
0.0808184
0.0664626
0.0581661
0.0484910
0.1387087
-0.0929740
-0.1287920
-0.0469689
-0.0345632
-0.0391143
