-0.0904346
0.0881513
-0.0371324
-0.0197414
-0.1324347
0.1198155
0.1155524
0.1698717
-0.1853981
-0.4846470
0.3964364
0.2756746
0.0723010
-0.1304277
0.0269590
0.0108447
0.0719080
0.1111927
0.1792741
0.1209300
0.0058047
0.1159949
0.1358140
0.0279993
-0.0043902
-0.0315698
0.0407782
0.1197497
0.0061749
-0.0265859
0.1390510
0.0771420
0.0901612
-0.0344623
-0.0657064
0.1077078
0.0136165
0.1211783
-0.1227742
0.0154728
-0.0935537
0.0216878
-0.0811210
-0.0713047
0.1143512
-0.1152858
0.0148532
-0.0231348
-0.0009105
-0.1401028
-0.1147311
-0.0079960
0.0141322
0.0911045
-0.0128864
-0.1293809
-0.0926644
0.0444415
0.1261442
-0.1139290
-0.0791807
0.0078695
0.0401878
-0.0510275
0.0750289
0.0170185
0.1140439
-0.0195171
0.0826102
0.1346761
0.1023202
-0.0668305
-0.0743988
0.0399562
0.0240173
0.0867077
0.0769615
0.0458384
0.0040025
-0.0313966
-0.1317234
0.0742803
0.1585917
-0.0374726
-0.1420157
-0.0296294
-0.0036747
0.3123350
-0.3773294
0.1499935
0.3653394
0.1572587
-0.1514662
-0.0166720
-0.1791848
0.1004341
-0.0781904
-0.0910262
0.1003345
-0.0460860
-0.0362807
-0.0841614
0.0860403
-0.0066824
-0.1333628
-0.0547644
-0.0889719
0.1304639
-0.0631663
0.0131993
0.0482515
0.0029061
-0.0820408
0.0971947
0.1296837
0.0142805
0.1035152
-0.0142394
0.0024761
0.0192268
0.0155594
0.1279385
-0.0468936
0.1264452
-0.1033882
0.0065010
-0.0511450
-0.0671074
-0.0295206
0.1150455
-0.0829689
0.0420459
0.0528420
0.0463532
0.0967918
0.0527097
0.0966621
0.0515371
-0.1417436
0.0086564
0.1290600
0.0452113
-0.0382348
-0.1336027
0.1150849
-0.0765901
-0.0637163
0.0891339
0.1094723
0.0268712
-0.0830114
-0.0735245
-0.0768344
0.0754524
-0.1335867
0.1138844
0.0120024
-0.0286697
0.0997204
0.0804618
-0.1031564
-0.0511910
0.1046246
-0.1629730
0.1021347
0.1314395
0.1038029
-0.1690474
-0.0712623
0.0134316
-0.0863412
-0.0030715
-0.0132846
0.0021356
0.0919110
-0.0508519
0.0154921
0.0897239
-0.0602911
0.0680296
0.1331735
-0.0030541
0.0047281
0.1431464
-0.0030306
0.0638144
-0.1373539
-0.0365394
-0.0163626
-0.1338570
0.0649188
-0.1378733
-0.0113499
-0.1010764
-0.0289321
-0.0680795
-0.0619078
-0.1046962
-0.0044393
0.1370839
