0.0953095
-0.0184676
0.0902289
0.0218718
0.0767382
-0.0524374
0.0728319
0.0034070
0.1167451
0.0864992
0.1271464
-0.1188280
-0.0835061
-0.0663847
0.0141628
0.1483665
-0.1146121
0.0176462
0.0465030
0.1097359
0.0591907
-0.0057599
0.1416869
0.0329949
0.0290283
-0.0736668
-0.1323622
0.0605348
-0.0776447
-0.0850381
-0.1030362
0.1109097
0.1234273
-0.0754632
-0.0538656
0.0531734
0.0663987
-0.0223872
0.0956824
0.0098947
-0.0327412
-0.0550816
-0.0777096
-0.0966502
-0.0573828
0.1313794
0.0736391
-0.3878743
0.0954804
0.2645459
0.4158570
0.3001405
0.0422534
0.0022080
0.1779213
0.1619260
0.1213962
0.0123197
-0.0333989
-0.0689278
0.0977033
0.0917616
0.0283598
0.1055044
0.0799360
-0.0058235
-0.0492018
-0.0415688
0.0679409
-0.1246955
0.0780428
-0.0643459
0.0911780
0.0239005
-0.1415426
-0.0535483
0.1219815
0.0990784
0.1106056
-0.1109210
-0.0436920
0.0990431
-0.1346261
-0.0331881
-0.0610098
-0.0770435
0.1152153
-0.0580481
-0.0326470
0.1228479
-0.1368042
-0.1122838
0.0996368
0.0685607
-0.1283253
0.0703767
-0.0046547
0.0210057
-0.0356068
-0.1246819
0.1028706
-0.0178532
-0.0615133
-0.0167866
-0.1440975
-0.0674461
-0.0509766
0.0756476
0.0939692
0.0114744
-0.0847203
0.1130144
-0.0089108
-0.1084973
-0.1219728
0.1400202
-0.0547916
-0.0100451
-0.0354661
0.0794778
0.0898586
-0.0746396
0.0592806
0.1482024
0.0757177
0.0112305
-0.0692823
-0.2134894
-0.0376528
0.0861717
0.0232785
0.3096174
0.1908587
0.0045756
0.1375539
0.1246483
-0.0563532
0.0294728
-0.0655102
-0.0012569
0.1062053
0.0709527
0.1125453
-0.0777427
0.0496525
0.1348799
-0.0166229
0.1198126
-0.0182335
-0.1106647
0.0884030
0.1368864
0.0694901
-0.1267679
-0.0445794
0.0799695
0.0608861
0.1000780
-0.0215453
-0.1071731
-0.0125922
-0.0505764
0.1415122
0.0431379
0.1283050
0.0119738
0.0265136
-0.0109720
0.1058726
-0.0245901
0.0127382
0.1147738
-0.0280711
0.1059315
-0.0274227
0.0630344
-0.1042428
-0.1503682
-0.0978581
0.0785844
-0.0753860
0.0727002
0.0116655
-0.0255037
0.0926140
0.0869318
-0.0665121
0.0904122
-0.0142733
-0.0511739
-0.1002606
0.0119406
-0.0941996
0.0217377
0.0470965
-0.1165889
0.1110943
0.0259807
0.1162544
-0.1010123
