1.5973104
-0.0473997
0.0573948
-0.0044202
-0.1117569
-0.0970218
-0.0209616
0.0618887
0.0177555
0.0209422
0.1340052
0.1538496
-0.5391417
-0.6747773
-0.1545245
0.0308370
0.0617866
0.1317601
0.1204843
0.0232669
-0.1346728
-0.0563804
0.0387315
-0.1265695
-0.0023780
0.1422957
-0.1269759
-0.6826763
-0.6339447
-0.0419830
-0.5344787
-0.0447852
0.2648525
-0.1543435
-0.0367346
-0.1513812
0.0551837
-0.0386488
-0.0814603
-0.0656619
-0.0662306
0.0556039
-0.0262878
0.0425185
0.1170660
0.0532983
-0.0546754
-0.2099376
-0.0303615
0.1221583
0.0200890
0.0566515
-0.0647138
-0.3198096
-0.6117181
-0.3696780
-0.0798489
0.3205943
0.1648592
-0.2268440
0.0196915
0.1018951
0.0454523
0.0425835
0.0663742
0.0193419
0.0724476
0.1181625
-0.0382157
-0.1709781
-0.1623800
1.1477713
-0.7643616
-0.7036762
0.0644409
0.2531284
0.0562500
-0.1812059
-0.1247851
0.0598342
-0.0248377
0.0509857
-0.3974874
0.0043758
-0.0876096
0.1249047
-0.0627442
-0.1046420
0.0883754
0.1102302
0.0756443
-0.0266090
0.1360417
-0.0532386
0.0129863
0.0584775
-0.7881102
-0.3750020
0.8379569
-1.1449871
