0.2710797
0.0604221
0.0725881
-0.0226591
-0.0611788
-0.0071274
0.0217719
0.0279678
-0.0142701
0.0058487
0.0337146
-0.0344231
-0.0416447
0.0020943
-0.0316908
0.0289039
0.0120749
0.0365044
0.0285813
-0.0348387
0.0112982
0.0219606
0.0141283
-0.0243631
-0.0311566
0.0086772
0.0203378
-0.0094708
0.0039240
-0.0183003
-0.0329734
0.0257870
-0.0070506
0.0206062
0.0005208
-0.0142828
-0.0724420
0.0414298
0.1185319
-0.3133561
-0.1791920
-0.0805414
-0.0577690
0.0100712
0.1607826
0.2502615
0.2286292
0.0705630
0.0719579
-0.0182583
-0.0175192
0.0365460
-0.0224917
-0.0179470
0.0437371
-0.0054379
-0.0270143
-0.0247134
0.0051316
0.0303129
-0.0356202
0.0436463
-0.0163092
-0.0002213
0.0182517
0.0366115
0.0456404
-0.0361896
0.0224802
0.0170188
-0.0165802
-0.0329855
0.0415451
0.0275665
0.0053363
-0.0572397
-0.0113683
-0.0111280
0.0838114
0.0011277
-0.0923090
0.0591624
-0.0568577
-0.0043905
0.0109076
-0.0263723
-0.0413045
0.0484987
-0.0011545
-0.0379938
-0.0027031
0.0003026
0.0361778
0.0318406
-0.0108449
0.0200164
0.0075592
-0.0245412
0.0240657
0.0285178
