-0.0283047
0.0496618
0.1804441
-0.0704512
-0.2425210
-0.0926295
0.5428501
0.6346195
0.0975297
-1.2031781
0.5385986
0.4570209
0.2567413
0.0520832
-0.0603333
-0.2227721
-0.1494404
-0.0881487
0.2270923
0.1325702
0.2605866
0.0284948
-0.1014257
0.0394889
-0.1073265
0.0529316
0.0062643
0.1687682
-0.1350732
-0.0406291
-0.1505265
-0.1187944
0.2052649
0.6253574
0.4741822
0.0423470
0.5559783
0.2515982
-0.1148110
-0.1305483
-0.2366684
-0.1381138
-0.1641751
-0.1605607
-0.0376293
0.0029691
-0.1182365
0.1585892
0.2273542
0.2060107
0.1224240
0.1230997
-0.0658279
-0.1406091
0.3077633
0.5194213
0.5971468
0.2536425
-0.1332179
-0.1477948
-0.1421663
0.0053155
0.1197411
-0.1386901
-0.2472614
-0.0746989
0.0204943
0.0161721
0.0592131
-0.1155040
-0.3586117
0.2161013
0.4607126
0.6802674
0.8384193
-0.1922981
-0.9305842
-0.6523237
0.1414381
0.5754641
0.6274208
0.5213168
-0.1825362
-0.3294006
0.1246007
0.2266022
-0.0345278
0.0317368
-0.1332616
-0.0073945
0.0839584
-0.2954223
-0.2730053
-0.0182342
0.1516511
0.6381573
0.6699361
-0.6282431
-1.0820907
-1.1309958
-0.0890289
0.4502398
0.1246177
-0.2946251
-0.1864363
-0.0513939
-0.1496372
0.0361049
-0.0488560
0.1119749
0.0738051
-0.1106165
-0.0180719
0.0272806
0.1436379
-0.1450972
-0.1650133
0.6345940
0.6447881
-0.9157251
-0.9102692
0.6400241
-0.1224627
-0.1835382
-0.0408572
0.0763539
-0.0275959
0.0427857
-0.0995241
-0.0099121
0.0719094
-0.1455692
-0.0717774
0.2837367
0.1860381
0.4054265
0.6359498
0.3201426
0.5128738
0.7285490
0.3160282
0.0225152
-0.1052628
-0.2349473
0.0583241
0.1610771
0.0849028
-0.0713299
-0.1288771
0.0238078
-0.0554486
0.1472670
0.0463728
0.2134397
0.1256980
-0.2061001
0.4780674
0.6943449
0.6566664
-0.6102832
0.2604736
0.0891386
-0.1029107
0.2261799
0.0755682
-0.0737257
0.0556996
-0.0298055
-0.0100748
-0.1108315
0.0667105
-0.0717215
0.1621116
0.2477656
-0.0035577
-0.1040376
-0.1707233
-0.2612552
-0.1342222
0.3431710
0.5545942
0.3213063
-0.4633291
-0.7054019
-0.5791704
0.5262464
0.5874567
0.3466373
0.0463948
-0.1731031
0.0038476
0.3069270
0.0974003
0.0666259
0.0477676
-0.0574107
0.0677104
0.0737817
0.1822673
0.1819936
