0.0624462
-0.2124748
-0.0048632
-0.0544629
0.1438417
0.0861628
-0.1967843
-0.3796797
-0.3441618
-0.3148376
0.1449088
-0.2629720
-0.1554052
-0.1772285
0.0353192
-0.0570698
0.1290309
0.0936915
0.0991246
-0.0896470
-0.1221271
-0.0422151
0.0754503
-0.0237239
0.0120816
0.0270896
-0.1230023
0.1894714
0.6076438
0.7431232
0.1852457
-0.0931094
-0.3066052
0.1376635
0.5229165
-0.4273093
-0.3075508
0.0686577
0.3007838
0.2695054
0.2275783
0.0012965
-0.0042358
-0.1506882
-0.2627658
0.3350097
0.0223796
-0.0408603
-0.1467749
-0.3036539
-0.2898388
-0.2526742
0.2341996
0.3058511
-0.3452139
-0.1586465
-0.1780758
-0.0620192
0.0793544
0.1061808
-0.0869541
0.0354092
-0.0333005
-0.0861274
-0.0209389
-0.0491394
0.1538677
0.0096563
0.0976262
-0.4458227
-0.0466873
0.0658049
0.2714938
-0.0000340
0.0635552
-0.0029519
0.0763715
-0.1509301
-0.1373012
-0.2135717
-0.1841317
0.0789422
-0.0848712
-0.0128071
-0.1623109
0.0615141
-0.2591976
-0.0827674
0.0057829
0.0648176
-0.1069840
-0.0535816
-0.0071630
0.0598657
0.2609951
0.0977369
-0.0536337
-0.2290261
-0.0718266
-0.3086233
-0.0716296
-0.3849410
-0.3499475
0.1586065
0.1592207
0.0059029
-0.1261714
-0.1371519
-0.0761098
-0.0393299
0.0137768
0.0257504
0.0792239
0.0450427
-0.0187159
-0.1366707
0.5009253
-0.2691400
-0.1937223
-0.0989369
-0.0478939
0.1455294
0.0617424
-0.1600031
0.0184541
0.0949508
0.1550765
-0.0862935
-0.1600186
0.0559256
0.1355159
-0.1143435
0.1176824
0.0463364
-0.0747788
-0.0769642
-0.2227717
0.1717475
-0.0369276
0.1591003
0.1217335
0.0918076
-0.2985388
0.1734651
-0.1547424
0.2366026
-0.0042235
-0.0363847
-0.2144229
-0.0173509
0.1345457
0.0394147
0.0162429
0.0317262
-0.0054809
-0.0849950
-0.1019474
-0.1687310
0.0128939
-0.3897972
-0.1184115
-0.0937232
0.0816854
0.0295669
-0.1111161
0.0586774
0.1115034
-0.1061749
-0.1450470
-0.0948431
-0.1172453
-0.2124013
0.2428109
0.2212001
-0.5077742
-0.1459335
0.0253540
0.1137520
-0.0401423
0.1012128
0.0135961
0.0145497
-0.3171975
-0.0167668
-0.0073499
0.2025405
-0.0998842
-0.0077503
-0.1207675
-0.2730975
0.6085088
-0.0641996
-0.0693547
0.0627233
0.1046892
0.1140663
-0.1820194
-0.0963583
-0.1118301
-0.0048602
