0.1269635
0.0616699
0.0099244
0.0021530
0.0466894
0.0717690
0.0125067
0.1015359
0.0009049
0.0233663
0.0968118
0.0293461
-0.1205595
0.0320374
0.0083226
-0.1581269
-0.0177155
-0.0484457
0.1738350
0.1358534
0.1039728
0.1072091
0.0338753
-0.1186716
-0.0014679
-0.0256406
0.1997860
0.0519522
0.1040218
-0.2437290
-0.4617216
-0.4612456
0.1511059
0.0156438
0.0565553
0.0919851
0.0454567
-0.0980705
0.0801280
0.1065762
-0.1049427
0.0996963
-0.1611882
0.0514113
-0.0849511
0.1104088
-0.1368879
-0.0164935
0.1172098
-0.1394582
-0.0760531
0.0969244
0.0025184
-0.0853409
-0.0587746
-0.0575592
-0.0789908
-0.0297352
-0.0375703
0.0286206
0.1036626
0.0696060
0.0412739
-0.1441926
-0.0214921
0.0322168
-0.1283039
0.1281526
0.0077710
-0.0890037
0.0266041
0.0783809
0.0219684
-0.1144830
0.0266186
0.1382682
0.0685008
-0.1078089
-0.0213236
0.0213795
0.0071789
0.0591297
0.0975212
0.0432277
-0.0279178
0.0132252
-0.0947264
0.1295440
0.1164940
-0.1172527
-0.0821601
-0.0695000
-0.1038607
-0.0206637
0.0949995
0.0465437
-0.1430191
0.0303105
0.1352186
0.1267421
0.1478836
-0.1296945
-0.1329482
-0.0919758
-0.1565458
-0.1073248
-0.0819496
-0.0035855
-0.0264441
0.1850056
0.0785161
0.1493175
-0.0914710
0.0238399
-0.0881289
0.1252797
-0.0515046
-0.3410243
-0.1473605
0.2115524
-0.0016938
-0.2042795
0.1019116
0.0565348
0.0356426
0.1050049
-0.1432561
0.0177467
0.0801433
0.0579156
0.1437900
-0.1104060
-0.0246542
-0.1398543
0.1142462
0.1027576
-0.0018232
-0.1233302
-0.0809334
0.0820535
-0.0947479
-0.0922698
0.1142687
0.0691216
-0.0079707
0.0415004
-0.0189176
0.0074412
0.1020321
0.0019926
-0.0454803
0.0881261
0.0219677
0.0647915
0.1435512
-0.0995343
-0.0186964
-0.1346298
-0.1142510
-0.0745820
0.1389542
0.0425828
-0.1459490
0.0736824
0.0471398
0.0020037
-0.1032332
-0.0754400
0.1034767
0.0963575
0.0576070
-0.0253913
-0.0904697
0.1117292
-0.0439336
-0.0236275
-0.0045557
0.1257513
0.0049528
0.1442297
-0.0070539
-0.1189988
0.1040496
-0.0260759
0.0952701
0.0298170
0.1277551
-0.0598929
0.0902722
-0.0032720
0.1144132
-0.1058513
-0.1170653
-0.0332377
0.1432537
-0.1054007
-0.0341215
0.1276298
0.0773154
-0.0044756
