0.0158965
0.0878256
-0.0893935
-0.1278808
0.1253622
-0.0086758
-0.0508062
-0.1050376
0.0466223
-0.0976625
-0.1401906
-0.0940897
-0.0695514
-0.1044067
0.0576699
-0.0111500
-0.0976651
-0.0227230
0.1049637
0.0576259
0.0264346
-0.0943691
0.0275211
-0.0577738
-0.1239994
-0.0630915
0.0552486
0.0156539
0.0061436
0.1184941
-0.0271855
0.0521587
0.0955552
0.0163486
-0.0241424
-0.0052482
-0.1229683
-0.1173375
0.0464929
-0.0371065
-0.0440941
0.0510312
-0.0667119
-0.1254818
0.0913812
-0.0581844
0.1157806
0.1353799
-0.1092413
0.0638182
0.0038776
-0.1471199
-0.0598666
-0.0621517
-0.0969075
0.0809618
0.0320710
-0.0761103
-0.1011291
-0.1085057
0.1135647
0.0402227
-0.0931941
0.0186415
0.0170884
0.1383725
0.2125895
0.0624946
-0.5013815
0.2984521
0.3111932
-0.0625720
-0.1801486
-0.0926437
0.0020629
0.0635756
0.0043949
-0.0841118
-0.0654453
0.1078833
-0.0893759
0.0712770
0.0684770
-0.0031255
0.1155449
-0.1174067
0.0604169
-0.0163580
0.0643746
0.1120375
-0.1021719
0.0857511
-0.1524879
-0.1011115
0.0653875
0.0984638
0.0568059
-0.0601005
0.0799842
0.0356089
0.1040395
-0.1043690
-0.0860093
0.0612715
-0.1307793
-0.0754827
0.0433242
0.0645641
0.0919362
0.1242596
0.0235536
0.0100575
0.0576643
-0.1320509
-0.1143229
-0.0330091
0.1335378
-0.0624130
-0.0505726
-0.1169800
0.0133386
0.0827786
0.0905608
-0.0493194
-0.0944572
-0.1092450
-0.0765600
0.0581168
0.1128372
0.0096567
-0.0453405
-0.0059203
0.0644985
0.0957218
0.1250331
-0.1329651
0.1102501
0.1373238
0.0641881
-0.0111573
0.1083252
-0.1199706
0.0299508
0.0100762
-0.1199076
-0.1233209
0.1386100
0.0131799
0.0704730
-0.0020102
0.0358292
0.0132634
0.1326001
-0.1235655
0.1089040
-0.1089816
-0.0400970
-0.1126288
0.0931228
-0.0376863
0.2878484
0.1739378
-0.0715176
-0.0140859
0.0296314
0.0327973
-0.0793654
-0.0947996
-0.0538613
-0.0958059
-0.0727286
0.0592135
0.0969794
0.0583631
-0.0267758
0.0089912
-0.1586606
0.1134553
-0.0547251
-0.0706885
-0.0773007
0.0414798
-0.0089380
-0.0883609
-0.0869928
0.1348485
-0.1053279
0.1381378
-0.0528929
-0.0741543
-0.1127631
-0.1137139
-0.0541719
0.0166691
0.1054246
0.0066204
-0.1387990
0.0204027
-0.1096331
0.0111146
