1.0230212
0.0121651
0.1020709
-0.0858777
-0.0356078
0.0022553
-0.2642732
-0.6931009
-0.9317224
-0.7555347
0.2491550
-0.3935199
-0.0001782
0.1008052
-0.1742086
0.0615593
0.3045198
0.6234927
0.2721552
-0.7952668
-0.2658711
0.1797979
0.4149535
0.5066663
-0.0437273
0.1351414
0.1817674
0.0349000
0.0453453
0.0263135
-0.2880662
-0.2114256
0.1509940
-0.0722709
-0.9514454
-0.4416707
-0.0299012
-0.0122069
-0.1534227
0.1196764
0.0272456
0.0236977
0.1820951
0.1197095
-0.0402040
0.0157773
-0.1574275
-0.1797937
0.6542548
-0.2666410
0.0009331
0.1651997
-0.1468612
0.1634699
0.3456143
0.0702235
0.6932372
-0.0912052
-0.1059922
0.0347347
0.1578085
0.0816550
0.0523133
-0.0811344
-0.1121428
-0.0322642
0.2885797
0.0353365
-0.2034910
-1.2875712
0.6419388
0.2313536
-0.1061150
-0.1381073
-0.2887822
-0.0747201
0.0478874
0.0626043
0.0354566
0.0759203
-0.0184622
-0.0965192
0.0219041
-0.1713640
0.0510274
-0.1275452
0.1534481
0.0732615
-0.0448895
-0.1360343
-0.2207105
0.2934109
-0.4002957
-0.0009360
-0.1054077
-0.1216847
0.0478168
0.0640006
-0.1463690
-0.0311621
