-0.0231550
0.0300712
0.0296727
0.0116376
0.0496641
0.0790650
-0.1570899
-0.2104644
-0.0594211
-0.1191651
-0.5259391
0.0770965
0.6532679
0.4120002
-0.2032677
-0.2157779
-0.2076297
-0.0646738
0.0453569
0.0739704
0.1277048
-0.0830269
-0.0411839
-0.2193721
-0.2192313
0.0558746
0.0771375
-0.1153271
0.0322566
-0.0481985
-0.0126199
-0.2224481
0.4068241
-0.5193160
-0.0458713
-0.4398627
-0.1031047
0.2770891
0.0712163
-0.0006292
0.0778477
-0.0612210
-0.0923321
-0.2102846
-0.0054251
-0.0604627
-0.1291084
-0.0975313
0.5263184
0.2588864
-0.2521452
-0.5977434
0.6187868
-0.2150574
-0.0100414
0.0913699
-0.0472694
0.0239445
0.0721282
-0.0638683
0.0108625
-0.1318323
-0.1662455
-0.4140745
-0.1551794
0.1448898
-0.1838768
0.0799748
-0.0481135
-0.1466472
-0.1185382
-0.1078614
-0.0847781
-0.0393750
-0.0928195
0.1055153
0.1316759
0.1150446
0.0717777
0.1134928
-0.1399944
-0.1368031
0.0353461
-0.0635548
0.1461104
0.3044746
-0.1922169
-0.0940464
0.0299072
-0.0286300
-0.0133914
0.0167568
0.0059903
0.0026346
-0.0412904
0.1139717
-0.1222989
-0.0611626
-0.0123542
-0.1780274
0.0514656
-0.6178899
-0.0576856
0.4176845
0.2066216
-0.1307651
-0.2635119
0.1740051
0.2194968
-0.0110890
0.1142989
-0.0299795
0.0344113
-0.0850988
0.0444507
0.1770271
-0.1114151
-0.1278260
-0.1575183
0.1103251
-0.3981740
-0.1653173
-0.1336898
0.1080056
0.0747284
0.1063211
-0.1499765
-0.0321041
-0.1544842
0.0832317
-0.0693369
0.1198920
0.5302547
-0.0442198
-0.3017289
-0.5328666
-0.3611438
-0.0888124
0.0760406
0.1634332
0.2141835
0.1935896
0.1189213
-0.0722602
-0.1920952
-0.0693254
-0.0801466
0.0536960
0.0733827
-0.0769603
0.0112276
-0.2150153
-0.0835083
0.2207097
0.5742193
0.0738725
-0.1042805
0.0766191
0.1240225
0.0368687
-0.0444732
0.0273087
-0.0376017
-0.0420606
0.0422315
-0.2438434
0.1057190
0.4999035
-0.1005247
-0.4176885
-0.2698896
0.0639855
0.2302514
-0.1819919
-0.1109748
0.0565561
0.0382701
0.1604275
0.0699288
-0.1314473
0.1059193
0.0203888
-0.0139104
-0.0681611
-0.0826506
-0.0361810
-0.1482437
-0.0059359
-0.1371024
-0.0981957
0.4565824
-0.4049329
0.4193622
0.2005610
0.0630003
0.0619510
0.0252377
0.1234588
-0.0642651
0.0755322
