-0.0028389
-0.1264054
-0.0865161
-0.1151884
0.0973444
-0.1558875
-0.0716429
0.1361473
-0.0566149
-0.0521609
0.0100120
0.0671319
0.0337292
0.1029429
0.0862291
-0.1252892
0.1709263
-0.0926553
0.0314937
0.0781716
0.0445357
-0.0503315
-0.0252520
0.0157996
-0.1118482
0.0045127
-0.1312323
0.2116035
0.1429633
0.0358179
0.0026977
-0.1316468
-0.0126860
0.0098368
-0.0416695
-0.0004875
-0.1647490
0.0888544
0.0461548
0.0562913
-0.0014615
0.2263701
0.0128748
0.0090696
-0.0556891
-0.1320737
0.2832167
-1.0488959
0.3750023
0.6389520
0.8704752
0.6788732
-0.0600659
-0.3675292
0.0855045
0.0268812
-0.0358810
0.0153352
0.0025169
-0.0408247
-0.0510150
-0.2775836
-0.0747381
0.3842126
-0.4765013
-0.0499025
0.1794312
0.1735369
-0.0422754
-0.0639355
-0.0144355
-0.0335609
0.1190480
-0.0669065
-0.0480831
-0.1415765
-0.0883350
0.0545631
0.1722892
-0.0017794
-0.0150085
-0.0522744
-0.2193714
-0.2585346
0.3132468
0.4126969
-0.4468770
-0.7989274
0.4950692
0.0823602
-0.1301758
-0.3310925
0.0328702
0.0527894
-0.0013121
0.0916197
-0.0117110
-0.1441903
0.0819073
0.0136319
0.1037408
-0.1200048
0.0305471
-0.1129007
-0.1901159
-0.0606372
0.2756270
0.6225067
-0.1557124
-0.5951198
-0.1312230
0.2233787
0.2808323
-0.0703713
-0.2507615
-0.2941828
0.0685811
-0.0059323
0.0910354
0.0261264
0.0067880
0.0726937
-0.2258824
-0.2285005
-0.0371077
0.7113380
-0.8730376
-0.6194445
-0.1165522
0.4430632
0.5633074
-0.0259146
0.1755407
-0.0033268
-0.0249288
-0.0846693
0.0114298
0.1621016
0.1076759
-0.0716306
-0.0100649
-0.0137601
-0.1249199
-0.1172479
0.3993623
0.6832830
-0.7161946
-0.9832199
0.3209554
0.4983230
0.1712304
0.1653614
-0.1459789
-0.3127000
-0.1590781
0.1373485
-0.0352036
0.0411433
0.0283889
0.0759667
-0.2518195
-0.2890173
-0.2417982
-0.8906660
-1.1639845
0.1441164
0.4800556
0.3361859
0.3274492
0.1095245
-0.0649905
-0.0926988
-0.3088501
-0.1899591
0.0179232
0.0276842
-0.0735926
0.0721407
-0.1268430
0.0538401
-0.0080298
0.1675564
-0.0873039
-0.1794952
-0.0121399
-0.2079340
0.0417495
0.2202401
0.4019078
0.6135886
-1.0732743
0.0115624
0.3011654
0.3167462
0.1883901
-0.0049207
-0.1406666
-0.1265441
0.0593881
-0.0131494
