-0.4669222
0.2533627
0.0865931
-0.0042700
0.0828567
0.0211826
0.0210018
0.0714188
-0.0374427
-0.0676305
-0.1028753
0.0396524
0.0485376
0.0335345
0.0130011
-0.0705270
0.0404424
-0.0950452
0.1955800
0.2475512
0.1788739
0.1216017
0.0034136
0.0536619
-0.1848606
0.0577599
0.3037034
-0.4830479
-0.6712633
-0.5710837
-0.1074516
0.0224936
0.2123956
-0.0589214
-0.0777295
-0.1158578
0.1424902
0.0383404
0.1271872
0.0073271
-0.0054791
-0.0690358
-0.0745382
0.0339463
0.0069993
-0.0316469
-0.0119331
-0.2889849
-0.2359410
-0.1670266
0.0378675
0.2003718
0.4010496
0.0148268
0.0078964
0.2175703
-0.1997815
-0.0095003
-0.0461628
0.1796182
-0.0371622
-0.0926217
0.0605487
-0.0190836
0.0541884
0.1998167
0.0463861
-0.0418712
-0.1931218
-0.2089947
-0.1697690
0.6458145
0.5255474
-0.1340936
-0.4736876
-0.3809772
0.2265297
0.1395655
0.0641163
0.0366906
0.0200282
0.0224876
-0.0244722
0.0441594
0.0510639
0.0942738
-0.0891582
0.1152016
0.0593383
-0.1824340
-0.1208438
0.1612622
0.1841391
0.1790023
-0.0891066
-0.4097964
-0.1588652
-0.1042876
-0.0256008
0.4761626
0.7698502
-0.4068564
0.0193285
0.1987937
0.2744537
-0.0073244
0.1154779
-0.0583240
-0.1592722
-0.1249520
-0.0388568
-0.1295276
0.0947612
-0.0769335
0.1623161
-0.1365230
-0.1006081
-0.0685376
0.1062923
0.1092509
-0.0232504
-0.3442156
-0.0375814
0.0647575
0.3924616
-0.6185205
0.1636131
0.2075109
0.1165880
-0.0309536
0.0192425
-0.0492329
-0.1020620
0.0934161
0.1159289
0.2015861
0.0366728
0.0416298
-0.1980773
-0.0945868
0.0386349
-0.0576334
0.0153315
0.1375501
-0.0144267
-0.3327319
0.0555696
-0.2413934
0.4571350
0.2114513
-0.4006494
-0.5344290
0.0428806
0.1783587
-0.0911862
0.0491905
-0.3942271
-0.1711397
0.0183424
0.2469087
-0.1816944
-0.1178671
-0.2266184
0.2631019
0.0980307
0.1471466
-0.2954329
-0.3668686
-0.3924464
-0.0811646
0.1367285
0.1595944
0.2243827
0.4102150
-0.9275199
-0.6468104
-0.1655965
0.8245390
0.6239715
-0.2907169
-0.0300645
-0.2018845
-0.1711062
0.1583306
0.0275971
-0.0823612
0.0129905
0.0020568
-0.0158919
0.0323456
0.0624117
0.0730350
-0.0556049
-0.1383659
-0.0815556
0.1478526
-0.0805432
-0.2431271
-0.1718921
-0.1918333
