-0.0405046
-0.1315198
0.0880184
0.1028023
-0.0328117
-0.1230576
0.1267260
0.1250729
-0.0777259
0.0294799
0.0364747
0.0744192
0.0836269
0.0244042
0.1149365
0.0825134
-0.0777946
0.0061360
0.0764524
-0.0620080
0.0376784
0.1253457
0.0975721
-0.0339856
0.1391239
0.0099175
-0.1147145
0.0081885
-0.0318094
-0.0026527
0.1274151
0.0252119
0.0303093
-0.1182987
-0.0561163
0.1171070
-0.0323289
-0.0878063
0.0819743
-0.0556556
-0.0199301
-0.0250600
0.0332903
-0.1411772
0.0599560
0.0239252
-0.1610899
0.0613438
0.0143810
0.0401915
-0.0509663
-0.0258362
0.0851748
-0.0935137
0.3452632
-0.0949393
-0.1339883
-0.0502813
0.0324171
-0.1116699
-0.1429408
0.0161773
-0.0659034
0.1230513
-0.0415818
-0.0541491
-0.0807952
-0.0845495
-0.0256068
-0.1058478
0.0485481
-0.0582609
0.0339089
-0.0511634
0.0054298
-0.1056082
-0.0391456
0.0720064
-0.0571731
-0.0888827
0.0076807
0.1186469
-0.0002539
-0.0531017
0.0786399
0.0388895
0.1444422
-0.1054268
0.1241003
0.0951771
-0.0580508
-0.0969700
-0.0412328
-0.1296474
0.0031607
-0.0013473
-0.1338779
0.0406416
0.1155657
0.0495010
0.1393690
-0.1437778
0.1406086
0.1171605
-0.1410526
-0.0064881
0.0969335
0.1177058
-0.0920827
-0.1050117
-0.1184310
0.0008907
-0.0857300
-0.0901678
0.0815871
-0.0500495
-0.1055055
0.1371882
-0.0019609
-0.0062367
0.0977205
0.1096561
-0.0298855
-0.0971335
0.0275777
0.0589828
-0.1052600
0.0417083
0.1216852
-0.0409536
0.1260636
0.0351497
0.0338015
0.0605028
-0.0552197
0.2040338
0.1483888
-0.3372394
-0.0245229
0.2106957
0.1194191
0.0888757
0.0872514
-0.0518138
0.0249849
-0.0081840
0.1087404
-0.0559822
0.1450857
-0.0453611
-0.0966611
-0.1435461
-0.0617920
0.1049527
0.0903970
0.1041445
0.1371747
-0.1447213
-0.1178944
-0.0107712
-0.0527404
-0.0641521
0.0197039
-0.0681713
0.0036399
-0.1449659
-0.0395306
0.1157205
0.1170169
0.0355019
-0.0358828
0.1488883
-0.0339100
-0.1007973
-0.0148090
-0.1097497
0.0885428
0.1208845
0.0171327
0.0597723
-0.1165204
-0.1122134
-0.1279080
-0.0200506
0.1105634
0.0179095
0.1214300
-0.0700931
-0.0161029
0.0119983
-0.0315819
-0.1287474
0.0538289
-0.0373830
0.0866531
-0.1233865
0.0409577
-0.1184900
-0.0246405
-0.0381903
