0.0564177
0.1436104
-0.0982932
-0.1957725
-0.1161689
0.1668371
-0.4184176
-0.1796885
0.0906265
0.1143848
-0.0813125
0.0734687
0.1001010
-0.1094922
-0.1191828
0.0574870
-0.0748361
0.0116601
0.0268820
0.0621518
0.0150180
-0.1495998
0.0979604
0.1047410
-0.0731908
0.1483914
-0.2059508
-0.1695060
-0.2321444
0.1724407
0.3255042
0.2511138
0.3640968
-0.1992223
-0.2917883
0.0357312
0.1991003
0.0787491
-0.1186292
-0.0175709
0.0053445
-0.0818042
-0.0805377
-0.0916329
-0.0322084
0.1327554
-0.2068062
0.2769659
0.5224431
0.1741782
-0.4302862
-0.5656353
0.1172089
0.0334631
0.2271225
0.0549037
-0.0142905
0.1649345
0.0019205
-0.0660377
-0.1264054
-0.0865161
-0.0177711
-0.1558875
-0.1401086
0.1361473
-0.0566149
0.0694492
0.0100120
-0.1216553
0.1029429
-0.1252892
0.1709263
-0.0926553
0.0445039
0.0314937
0.0445357
-0.0503315
-0.0629274
-0.0252520
0.0157996
-0.1118482
0.1749027
-0.2514669
0.2116035
0.1429633
0.0958505
0.0541486
-0.0704219
-0.0811162
-0.0546800
-0.0196850
0.0888544
0.0757195
0.0461548
-0.0014615
0.2263701
0.0090696
-0.0556891
-0.2251498
-0.3815578
-0.0290097
0.3229547
1.1442625
0.8890611
-1.3190864
-1.0488959
0.3750023
0.8704752
0.6788732
-0.1646296
-0.3473684
-0.2001392
0.0237721
0.0399764
0.0921505
-0.0422161
-0.0358810
-0.1284346
0.0902736
0.0482840
-0.2775836
0.1748373
0.3442655
0.4004285
-0.8018737
0.4718942
0.4352326
0.1735369
0.1172654
-0.0946756
-0.0480831
0.0151666
0.0729560
-0.1539091
-0.0883350
0.0545631
-0.2193714
-0.2778920
-0.1900923
-0.2585346
-0.0465535
0.3132468
0.7827604
-0.4468770
-0.7989274
0.2102812
0.4718743
0.3981913
-0.1252205
-0.1301758
-0.2861913
-0.2294076
-0.1487641
0.0328702
0.0916197
0.0136319
0.1037408
0.0949604
0.0305471
-0.0606372
0.2685126
0.6225067
0.2587657
0.3763450
0.2862853
-0.1298596
-0.0395537
-0.2941828
-0.0536066
-0.0429851
-0.1373166
0.0685811
-0.0848011
0.0910354
0.1584087
0.1121950
0.1703884
0.1394265
0.0835044
-0.0761964
-0.2684853
-0.2285005
-0.0371077
0.0533877
0.8240104
-0.0775086
-0.5275338
-1.0859682
-0.8730376
0.5633074
0.1603123
-0.3340163
-0.1963881
-0.1798481
-0.0261554
-0.0033268
0.0114298
-0.0026519
-0.0579638
