0.0013477
-0.0778725
-0.0090272
-0.0279500
-0.0246691
-0.0043248
-0.0096270
0.0134227
0.0220502
-0.0400471
0.0266517
0.0058449
0.0362402
0.0155213
-0.0251408
0.0383951
0.0093042
-0.0119346
0.0389446
-0.0234405
-0.0193957
0.0381392
-0.0382100
0.0367799
0.0024705
-0.0047947
-0.0137307
0.0152256
-0.0294544
-0.0401140
-0.0444216
0.0378816
-0.0287518
0.0072015
-0.0215769
-0.0167305
-0.0023992
-0.0221152
0.0148641
0.0285890
-0.0284767
-0.0227482
0.0125186
0.0323055
0.0273154
-0.0337401
-0.0115045
-0.0332757
0.0115827
-0.0046099
0.0535283
0.0440524
0.0641425
0.0271584
-0.0580943
0.0905409
-0.3482200
-0.0234778
0.2369392
0.0833165
-0.0812643
-0.1098239
-0.1235644
0.0181612
0.0741117
-0.0330582
0.0075613
-0.0393473
-0.0028817
-0.0128481
0.0001115
0.0153649
-0.0447759
-0.0255755
-0.0069317
-0.0109306
0.0086820
-0.0273621
0.0308755
0.0141730
0.0484298
0.0006379
0.0212985
-0.0403684
0.0229281
-0.0391254
0.0048929
-0.0199465
-0.0327429
0.0246138
-0.0194126
-0.0053466
-0.0106411
-0.0460416
0.0402964
-0.0325728
-0.0081962
0.0249070
-0.0370709
0.0280729
-0.0272498
-0.0405394
-0.0201262
0.0047348
-0.0279383
-0.0124368
0.0241086
0.0166605
0.0425739
0.0372691
-0.0085456
0.0427603
0.0015894
-0.0536471
0.0076781
0.0141754
0.0985390
0.0323803
-0.0254157
-0.1272202
-0.0839904
0.1938760
-0.4659605
-0.3980301
-0.0017896
0.1521734
-0.0977613
-0.0945945
-0.1225500
-0.1099633
-0.0475786
-0.0394313
-0.0001174
-0.0187328
-0.0102916
-0.0123017
0.0486436
-0.0116897
0.0223585
-0.0272863
-0.0345409
-0.0347368
-0.0237814
0.0322876
-0.0188912
-0.0458518
0.0081578
-0.0162703
0.0201394
0.0467635
-0.0027497
0.0265117
0.0335707
-0.0020138
-0.0198329
0.0295768
0.0240534
-0.0393045
-0.0427430
0.0204871
0.0301858
-0.0469180
-0.0417429
0.0044490
-0.0012551
0.0265886
-0.0406080
-0.0165300
-0.0023189
0.0488913
0.0020140
-0.0177434
0.0453442
0.0196388
-0.0674235
-0.0405703
0.0310740
0.0676374
0.0841556
0.0782695
-0.0474116
-0.0812736
-0.1173444
-0.1553739
-0.1307821
0.0579759
0.2919084
0.3332807
0.3019996
0.1973224
-0.2297128
0.3014136
0.0350506
-0.0081575
-0.0916826
-0.0402066
0.0113632
0.1058781
0.0759060
0.0092202
