-0.0839364
-0.1041021
0.1450200
-0.1142628
0.0050150
-0.0846567
-0.1178584
0.0421243
-0.1348688
0.1473053
-0.1434943
-0.0746683
0.0993558
-0.0660369
0.1639024
0.1913320
0.1254133
-0.0042188
-0.3425717
0.1006833
0.0614000
0.1211927
0.0655363
-0.0875309
-0.0299726
0.1024458
0.0712683
0.1768404
0.1683986
0.0265491
0.0307083
0.0922275
0.0317368
-0.1112944
-0.0075578
0.0370546
-0.0653096
-0.1243284
-0.0117505
-0.1450050
-0.0953573
0.0005489
0.0924774
0.0845381
0.0893790
-0.1249108
0.0445905
0.0105079
0.0247633
-0.0394431
-0.2361577
-0.1429863
0.0092115
0.2411979
-0.0019887
0.1098067
0.0391007
-0.1323490
0.0067272
0.1304970
0.0551745
0.1192973
-0.0785424
-0.0241782
-0.0778574
0.1072229
0.0988594
-0.0330378
0.0396058
-0.1068167
-0.0941410
-0.0173513
0.0343109
-0.0020389
0.0807183
0.0488305
0.1787771
0.0550127
-0.0044227
-0.0239629
0.1690747
-0.0655287
-0.0970690
0.3799797
0.0594583
-0.1502155
-0.1421556
-0.1292099
0.0702483
0.1223869
0.0756296
-0.0367624
0.1105574
-0.0724035
-0.0772264
-0.0675033
-0.1285373
0.1394256
0.0312344
-0.0981876
0.0482331
0.0431043
-0.0911520
0.0424722
0.1253936
0.0002060
0.1096072
0.1197711
0.0370498
-0.1298202
-0.1590539
0.1047433
0.0544571
0.0575962
-0.0305477
-0.1251665
0.2459684
0.0159219
0.0558767
-0.0804146
-0.1393281
0.1663613
0.0096566
-0.0558224
-0.1631422
-0.1016958
-0.1239735
-0.0567196
0.0161573
-0.0130516
-0.0286269
0.0765206
-0.0474814
0.0985182
-0.1011217
-0.0688425
-0.1039753
-0.1215369
-0.0335749
0.0877576
0.0628749
0.2665837
0.1437363
-0.0423006
-0.1759613
0.3341311
0.3446045
-0.0613954
-0.1546789
-0.0415336
0.0020444
0.0009304
0.0230030
0.0752687
0.1569794
-0.1151709
0.0900016
-0.1108026
-0.0063663
0.0942617
-0.0151868
0.0788055
-0.1495831
-0.0535536
-0.1125805
0.0397608
0.1080160
0.0963428
-0.1130319
-0.0495603
-0.0216877
-0.0467902
0.0122414
0.0845025
-0.1688014
-0.2810568
0.0537127
0.3182562
-0.0169977
0.0065359
0.0462790
-0.0218015
0.0661487
-0.1003731
-0.0783436
0.1633948
-0.0631161
-0.0155129
-0.0726095
0.1181613
0.1096823
-0.1204513
0.1077596
-0.0263138
-0.0878334
-0.1283504
-0.0057218
-0.0120933
-0.1263569
-0.1208427
