-0.0139546
-0.0105133
0.0201188
0.0119233
0.0545940
-0.0063912
0.0107458
-0.0459200
-0.0078090
-0.0116382
0.0583360
0.0788853
0.0928952
0.0366269
-0.0179633
-0.0897639
-0.2559496
-0.2431491
0.4613870
0.3252148
0.0439542
-0.2131800
-0.2097722
-0.1776807
-0.0670684
0.1031113
0.0381200
-0.0122695
-0.0062893
-0.0932610
-0.0383523
0.0213365
0.0558140
-0.0082504
-0.0248318
0.0383486
0.0500675
-0.0364888
0.0464437
0.0068397
0.0418069
-0.0458538
-0.0160563
-0.0308572
-0.0335738
-0.0334653
0.0194253
-0.0120841
-0.0198747
0.0514770
-0.0079589
0.0232272
0.0115070
-0.0135878
-0.0435389
0.0097720
-0.0738603
-0.0285522
0.0910895
0.0383177
0.0004186
-0.0334446
-0.0814532
0.3927426
-0.0798640
-0.1410029
-0.0581948
0.1048618
0.0651134
-0.0059665
0.0150666
-0.0454576
0.0105217
0.0223929
0.0577639
-0.0195597
0.0175388
-0.0447198
0.0028823
-0.0539577
-0.0152867
0.0124461
0.0368969
-0.0352080
-0.0502438
-0.0534435
-0.0171067
-0.0182260
0.0395438
0.0361712
0.0477116
-0.0405837
0.0159448
0.0261332
0.0445284
-0.0000906
0.0128323
0.0234440
0.0182741
-0.0537649
0.0212140
-0.0110044
-0.0083636
0.0220912
-0.0430649
-0.0372111
0.0074923
0.0137558
-0.0137802
-0.0052826
0.0515255
-0.0069436
-0.0642009
-0.1145742
0.1618424
0.2718604
-0.1097920
-0.0499157
-0.0013496
0.0732343
-0.0107678
-0.0270090
-0.0159615
0.0539215
0.0233492
-0.0523825
0.0089224
0.0083499
0.0139782
0.0402025
0.0160842
0.0402446
0.0370943
0.0480551
-0.0260281
-0.0251832
0.0148897
-0.0381737
0.0174580
-0.0164767
-0.0116134
-0.0418891
-0.0421574
0.0358869
0.0268609
-0.0387555
-0.0293981
0.0169706
-0.0006640
0.0336355
-0.0513750
-0.0072329
-0.0473937
0.0405733
0.0191173
0.0714774
-0.1098356
0.0117318
0.1047595
-0.1804792
-0.0078504
0.0286416
-0.0159949
-0.0180382
-0.0215626
0.0495091
-0.0182478
0.0140093
-0.0413869
0.0311811
-0.0022415
0.0296896
-0.0391794
0.0164911
-0.0180020
0.0116338
-0.0462040
0.0040444
0.0035520
0.0359844
0.0457719
0.0286326
-0.0194810
0.0463216
-0.0258750
-0.0417315
-0.0250164
0.0057211
-0.0159022
-0.0324655
-0.0194406
-0.0153631
-0.0075480
-0.0322943
-0.0363968
-0.0111832
0.0217055
-0.0490085
0.0129346
0.0433820
