-0.0658382
-0.0059446
0.0072418
0.0662059
-0.0190125
-0.0667639
0.0542842
0.0346776
0.0354092
-0.0444396
-0.0195985
0.0188277
0.0272773
0.0024955
-0.0159465
-0.0087091
-0.0432237
0.0260371
0.0109979
0.0365078
0.0001396
0.0027038
0.0006037
-0.0404903
-0.0469679
-0.0020997
-0.0169778
-0.0011239
-0.0152139
0.0212492
-0.0219899
0.0435051
0.0426063
-0.0752038
-0.0914766
0.0616830
-0.0467328
-0.0938836
0.0118679
0.0459507
0.0776947
0.0409557
-0.0108802
-0.0047851
-0.0407125
0.0065730
-0.0178625
-0.0521934
-0.0621364
-0.0015118
0.1073274
0.1231609
-0.0272862
-0.0532774
0.0688407
-0.0249956
0.0429470
0.0170214
0.0002789
0.0191251
-0.0093720
-0.0327325
-0.0415014
-0.0190708
-0.0401586
0.0121523
-0.0205462
0.0188530
-0.0308954
0.0125079
-0.0191666
0.0350702
0.0196480
0.0635288
0.0621184
-0.0152099
-0.0934824
-0.0355526
0.0170009
0.0335734
0.0701755
0.0239607
-0.0068965
-0.0591791
0.0374225
0.0388813
-0.0160528
0.0027929
-0.0077806
0.0657234
0.0545723
0.0093658
-0.0864160
0.0434755
0.1663934
0.0713285
0.0111502
-0.0926410
-0.0817711
-0.0697712
-0.0072617
-0.0028966
0.0037098
-0.0126106
0.0034275
-0.0362281
-0.0255651
0.0354454
0.0605934
0.0262541
0.0270500
-0.0375318
-0.0100874
0.1465550
0.0451611
-0.0274047
-0.0252511
0.0333388
-0.0023381
-0.0103898
-0.0043988
0.0384955
0.0247172
-0.0105185
-0.1281367
0.0471762
-0.0051316
-0.0464958
-0.0651344
-0.0259577
0.0023939
-0.0444208
0.0123902
0.0168840
0.0381346
0.0151881
0.0218763
-0.0300947
0.0412152
0.0880816
0.0706686
0.0472480
-0.0172178
-0.0161612
-0.0304146
0.0440695
0.0145380
0.0090798
-0.0586058
0.0107414
0.0170020
-0.0062934
0.0297218
0.0743303
0.0313777
-0.0753077
-0.0109106
-0.0116318
-0.0498918
0.0163276
-0.0378137
-0.0078989
-0.0402134
0.0595179
0.0245423
-0.1087546
0.0453682
0.1154776
0.0840459
0.0748336
-0.0472769
-0.0575795
-0.0467412
-0.0232058
0.0225818
0.0348224
-0.0221554
-0.0324455
0.0045605
0.0071911
-0.0335095
0.0144607
0.0233108
0.0422055
0.0390301
-0.0679139
0.0082056
0.0116835
0.0288693
0.0318021
-0.0595268
0.0307336
0.0147664
-0.0167372
0.0035979
-0.0053567
0.0009276
0.0076032
0.0369621
0.0477024
