-0.0247987
-0.0075520
-0.0381403
-0.0473471
-0.0450762
-0.0512455
0.0317287
0.0057120
0.0398976
-0.0050303
-0.0704832
-0.0150093
-0.0402239
0.0141215
-0.0134569
0.0878526
0.1189253
0.0593336
-0.0554267
-0.1441631
-0.1832185
-0.2598175
-0.0316530
0.2164348
0.3703448
-0.1384975
0.0436314
0.0252400
0.1068213
0.0166621
0.0603954
0.0461805
0.0069953
-0.0239554
-0.0660714
0.0072453
0.0336931
-0.0400204
-0.0177297
-0.0205395
-0.0122968
0.0172949
0.0532003
0.0164303
0.0407787
0.0042213
0.0142593
0.0496114
0.0178501
-0.0290514
0.0128657
0.0076275
0.0418990
0.0034815
0.0353884
0.0096438
-0.0428552
0.0328815
0.1029103
0.0864768
0.0561999
-0.0471609
-0.1356129
0.3450423
-0.0854578
-0.1332926
-0.0477503
0.0891688
0.0341086
0.0369374
0.0085590
0.0195964
0.0341661
0.0376401
0.0273894
0.0569042
-0.0151798
0.0243292
-0.0007460
0.0310054
0.0216742
0.0376082
0.0295024
0.0143681
-0.0003294
-0.0124639
-0.0189818
-0.0428699
0.0082710
0.0298920
0.0376908
0.0136678
-0.0124935
-0.0411885
0.0287344
0.0038040
0.0319089
0.0054295
0.0395823
0.0314567
-0.0073162
-0.0205916
-0.0842652
-0.0245904
0.0537855
0.0676641
0.0561509
-0.0067180
-0.0244070
-0.1375116
-0.0206800
0.2051103
-0.0816024
-0.2271018
-0.1558500
-0.0249154
0.0323069
-0.0351790
-0.0331304
0.0071939
-0.0274373
-0.0133675
0.0398773
-0.0131711
0.0279787
-0.0101099
0.0306158
0.0352521
0.0036207
-0.0096355
-0.0144090
-0.0379556
0.0043025
0.0126408
-0.0403608
0.0009099
-0.0222006
0.0468770
0.0422437
0.0501834
0.0228178
-0.0064955
0.0432584
0.0069897
-0.0026299
0.0231362
-0.0144026
0.0356100
0.1279280
0.0283328
-0.0980112
-0.1720222
-0.2542575
0.0824684
0.3728742
-0.2837127
0.0118619
0.0227484
0.0229969
-0.0038881
-0.0427543
-0.0137517
-0.0261414
0.0129984
-0.0163382
-0.0504245
-0.0030448
-0.0354097
-0.0009600
-0.0530332
-0.0479835
0.0446960
-0.0101491
-0.0382580
-0.0226877
0.0211810
0.0381123
-0.0457349
-0.0394849
-0.0247907
0.0107525
0.0323856
-0.0446599
-0.0584631
-0.0552295
-0.0310972
0.0335553
0.0316421
0.0468138
0.0546012
-0.0484318
-0.0327053
-0.0136154
0.0721296
0.0123084
-0.0132403
-0.0323699
-0.2392958
-0.1623580
-0.0304689
