0.0257998
-0.0409301
-0.0162992
0.0478270
-0.0095681
-0.0350298
-0.0062774
0.0332318
0.0014566
0.0108707
0.0351182
-0.0888334
-0.1287079
-0.1017121
-0.1304498
0.0761513
0.3027141
0.2430919
-0.2492955
-0.0911594
-0.0081550
0.0112524
0.0707340
0.0340647
0.0229930
-0.0322023
-0.0457307
0.0057740
0.0132611
0.0122064
-0.0129957
0.0135875
0.0016380
0.0132972
-0.0149297
0.0395239
-0.0093693
-0.0278101
-0.0150723
-0.0458874
0.0174691
0.0106810
0.0273222
0.0013168
-0.0091259
0.0240185
0.0445460
0.0076139
-0.0470638
0.0064365
-0.0200405
0.0135678
0.0246976
0.0316953
-0.0328978
-0.0144101
0.0101169
0.0162733
-0.0498963
-0.0204590
0.0052360
0.0679882
0.0040734
-0.0447385
-0.1308514
0.0982684
0.0372856
-0.0318479
-0.0071938
-0.0215328
-0.0064848
0.0386150
0.0177010
0.0268575
-0.0278932
-0.0053064
0.0140637
-0.0074935
0.0152973
0.0083079
0.0370473
-0.0052723
-0.0259599
0.0025902
0.0594594
0.0108547
-0.0411613
0.1186920
-0.0993174
-0.0048401
0.0176472
-0.0406085
0.0317496
0.0201002
-0.0143019
0.0017113
0.0109949
-0.0237247
-0.0362683
-0.0022632
-0.0007499
0.0321479
-0.0228944
-0.0218819
-0.0139473
0.0173323
-0.0191040
-0.0016546
0.0337317
0.0739704
-0.0964979
-0.1702342
0.0504096
0.0062210
0.0077297
0.0045333
-0.0115516
0.0254578
0.0158009
0.0091001
-0.0164498
0.0121233
-0.0278018
-0.0363872
-0.0209537
0.0579359
-0.0592484
-0.1645421
-0.2780053
-0.0381009
0.0693016
-0.0319358
-0.0196204
0.0064943
-0.0017617
0.0157313
0.0298610
-0.0129094
-0.0453286
-0.0350227
-0.0244949
-0.0242554
-0.0240534
0.0228346
0.0219400
-0.0249281
0.0154718
0.0191622
-0.0332701
0.0091790
-0.0095329
-0.0035751
0.0073950
-0.0191795
0.0190315
-0.0044970
-0.0109660
0.0455673
0.0487122
-0.0310817
-0.0060787
-0.0034939
0.0562184
-0.0379528
0.0133156
0.0509542
0.0488622
-0.0006198
-0.0215052
-0.0409094
0.0079139
-0.0457049
-0.0520232
-0.0077232
0.0357525
0.0150270
-0.0113569
0.0138619
-0.0392454
-0.0129706
-0.0194030
-0.0322810
-0.0243216
-0.0205717
-0.0208219
-0.0124074
0.0363201
0.0270931
0.0239237
-0.0324269
-0.0124939
-0.0222555
-0.0169805
0.0110703
-0.0123601
0.0314122
0.0176579
-0.0011055
-0.0111607
-0.0271237
