0.3938755
-0.0360274
0.0367234
-0.0283814
0.0120473
0.0298414
-0.0222471
-0.0379785
-0.0563920
-0.0008710
-0.0473587
-0.0634735
0.0342441
0.0261023
-0.0205473
0.0196580
-0.0276778
-0.0163989
-0.0298861
-0.0075430
0.0279487
0.0193979
-0.0430375
-0.0098043
-0.0398155
-0.0046957
-0.0394071
-0.0399111
-0.0011960
0.0124823
-0.0301713
-0.0353042
-0.0120596
0.0083219
0.0944874
0.2496058
-0.1928976
-0.0105400
0.0341188
-0.0762029
0.0014879
0.0130486
0.0115032
-0.0094914
0.0002048
0.0064617
-0.0051479
0.0072755
-0.0177480
-0.0487387
-0.0124000
0.0167152
-0.0130991
-0.0422125
0.0204966
-0.0096540
0.0186628
-0.0001929
0.0228817
0.0314658
0.0309496
0.0314386
0.0439507
-0.0218436
0.0249708
0.0507820
-0.0727487
-0.0248393
0.0024828
-0.2719365
0.4201681
-0.2260022
-0.1676920
-0.0938811
0.0050003
0.1079344
0.0059847
0.0235358
-0.0835969
-0.0617180
0.0089263
0.0444440
-0.0333217
-0.0043396
0.0441818
-0.0424417
-0.0068775
-0.0283508
0.0195851
0.0338193
0.0488310
-0.0136316
-0.0060517
0.0151453
-0.0274790
-0.0179628
0.0316237
0.0434135
0.0710869
-0.0398864
