-0.0577037
-0.0242256
-0.1639999
-0.0332389
0.0476626
-0.0134613
-0.0122493
-0.1371610
-0.0286238
-0.0235671
0.1721013
-0.1235521
-0.0117866
-0.1485194
-0.1001603
0.0162844
0.0596392
-0.1769075
-0.0107144
-0.0398215
-0.1044625
-0.0847001
-0.1287852
-0.1507088
0.1762860
-0.0393305
0.0529469
0.1417003
0.0032923
0.1594412
0.1741358
0.1564370
0.0227876
-0.1259577
0.0486184
0.3024887
0.2385818
-0.5236710
-0.1657981
0.4121521
0.6740906
0.6341155
-0.2621536
-0.4781620
-0.3671927
0.1340546
0.0809547
-0.0156249
-0.0566864
-0.1270173
0.0627836
-0.1417988
0.0237253
-0.0410831
-0.2103841
-0.1384807
-0.0805654
-0.0096754
-0.1853029
-0.0099505
0.3113132
0.2209267
0.6362313
-1.4837920
0.7415853
0.0905053
-0.1599404
-0.3931422
-0.1331887
0.2340214
0.3054080
-0.1142376
0.0337954
-0.0900136
0.0094515
0.0414966
-0.0109305
0.1182074
0.1280282
-0.0249685
0.0385096
-0.0598994
-0.0441681
-0.0985536
0.0946665
0.0796680
-0.1152433
-0.0679109
0.1114743
-0.0525442
-0.1414394
0.1268601
0.0734107
-0.1664960
-0.1643064
-0.0801434
-0.1216918
-0.1517759
-0.0698384
0.0284523
-0.1734721
-0.1420890
0.0500139
-0.0662383
0.0260517
0.0703532
-0.1158572
-0.0719565
-0.1266460
0.1692158
-0.0536014
0.0089255
-0.1211897
-0.0758835
0.0667493
-0.0890687
0.0345733
0.0288984
-0.0647562
0.1369944
0.1681497
0.1012100
0.1113306
-0.0414186
0.0537119
0.0740097
-0.0977713
-0.0992271
0.0615064
-0.0821787
-0.0027225
0.1048829
0.0948054
-0.1168186
0.1180037
-0.1447782
-0.0587197
-0.0655206
-0.0883908
0.0905097
-0.0568775
0.0218414
0.0258919
0.0086062
0.0373666
0.0506977
0.0956196
0.0031592
0.0631927
-0.0188419
0.0204874
-0.1348839
-0.0735279
-0.1681132
0.1661772
0.1522441
-0.1319399
-0.0312491
-0.0620558
-0.0588851
-0.0826381
-0.1035085
0.0613346
-0.0086259
0.1504398
0.0733482
-0.0141392
-0.1148391
-0.0002734
0.1066655
0.1228795
0.1073450
-0.0971281
-0.1155745
-0.1686537
0.0739185
-0.0752910
0.1230827
0.0005081
0.1591671
0.1339252
0.1570790
0.0540127
0.0574124
0.1540513
0.0317420
0.0519893
0.0266723
0.1717339
0.1061784
-0.1358874
-0.0636424
-0.0717301
0.1442450
0.1147220
-0.1445814
-0.1320576
-0.0194762
0.0835563
0.0221825
