-0.0992638
-0.1169920
0.0810438
-0.1236337
-0.0972395
-0.4239531
0.2091676
0.6697668
0.7836990
-0.6198519
-0.8520020
-0.1394811
1.0820235
0.5658864
0.1610633
-0.2369456
-0.2627492
-0.5035193
-0.1515895
0.2185864
0.3442346
0.2362525
0.0498256
-0.0932734
0.0197188
0.1763511
0.2242660
-0.1276235
0.1659079
0.1603658
-0.0192219
0.0297504
0.0278843
-0.0564849
0.1344328
-0.1411705
-0.2257732
-0.0037737
0.5200394
0.4831368
0.7425336
0.6352735
-0.2706125
-0.8952688
-0.9698041
1.2041054
-0.1160033
0.0930980
-0.0742195
-0.0684380
0.3427981
0.3343165
-0.0021786
-0.2850396
-0.1617060
0.1612909
-0.0375376
-0.8120265
-0.0109343
1.7139807
-0.2647880
-0.7616134
-0.6075192
0.7171553
0.1252740
-0.4726803
-0.2645626
0.1547638
0.1203741
-0.1132482
0.0853629
-0.2146413
-0.0186075
0.2104523
-0.0131537
0.4510339
0.1682539
-0.2259505
-0.2575121
-0.5520841
-1.0205556
-0.3234938
0.9196944
-0.2953190
-0.7279914
-0.1883303
0.7318457
-0.0066701
-0.0967762
-0.0512989
-0.1020363
0.1640556
0.2004498
0.2830311
0.0217165
-0.0718741
-0.1460332
-0.2737672
-0.1154252
0.1787788
0.1248397
0.0481196
0.0785776
-0.3594640
-0.8554369
-0.0334666
0.7902066
0.1667741
0.5665465
0.0247527
-0.7184290
-0.5174098
0.5668898
0.1241316
-0.0141786
0.0891768
-0.1960273
0.1147096
0.1817989
0.2194140
-0.0094750
-0.3336828
0.0344445
0.1021366
0.4738051
-0.3153153
-0.1586532
0.4669954
0.4198448
0.3644222
0.6433469
0.3337310
0.0836884
0.0000155
0.0957986
-0.3141371
-0.0453522
0.0595833
-0.0704885
0.1255984
0.0044044
0.2370672
-0.2019582
-0.3145894
-0.0686961
0.2618665
0.3148083
0.3367540
0.1578145
-0.5172933
-0.7670467
-0.2076109
0.4669805
0.4819987
0.5429286
-0.8977399
0.2585767
0.4233441
0.3870726
-0.1536987
0.1692227
0.1782355
0.0716409
-0.0885839
-0.2149584
0.1480434
0.3563058
0.4108432
0.5933686
0.2604735
0.1495708
-0.2654286
-0.3364244
-0.3996532
0.6814608
0.8418613
0.5386188
-0.2933809
-0.5255838
-0.1520119
0.3732410
0.3854997
0.3484259
-0.0882521
-0.2024726
0.0456639
-0.1642458
-0.1241741
-0.2785046
-0.0094669
0.3605534
0.0348474
-0.0578587
-0.1163578
-0.4834097
0.1738374
0.2735267
0.2749144
0.0198056
-0.1579129
