-0.4572467
-0.1007022
1.2024755
1.7156188
-2.1001902
-0.1781234
0.6105847
0.4919363
0.1686342
0.1766874
-0.2012069
-0.0805481
0.0973209
0.1982262
0.0510891
-0.0939765
0.0140466
0.1308728
-0.1636026
0.1435547
0.0084163
0.0375402
0.1441667
-0.1067672
-0.2162321
-0.2256046
0.3090240
0.3918618
0.3703380
0.3577153
0.1701976
-0.2603854
-0.2105561
2.2965310
1.9495823
0.1086924
0.4826380
0.5658013
-0.1256630
0.1129516
-0.3436626
-0.1908378
-0.2151355
-0.1462475
-0.0700293
0.2287010
0.1935107
0.1443263
-0.1488345
0.0843125
-0.0214506
-0.0182217
-0.2188766
0.2432868
0.2403996
-1.5764323
0.6981677
-1.6723299
-0.0012896
0.5440548
0.4229269
0.3144367
0.0565032
-0.1175406
0.1511790
-0.0785742
0.0939259
0.1483562
-0.1735461
-0.1024116
-0.1073302
0.1596859
0.1213400
0.1876677
0.2989870
0.1383460
-0.2093242
-0.7109535
-1.4328638
-1.5628134
-1.2176455
0.9425508
1.6013998
-2.3241012
0.3321419
0.6078929
0.5017271
-0.1355545
-0.0086034
0.0696047
-0.0448409
-0.0360336
-0.1159685
-0.0479302
0.1524086
0.0512194
-0.1516387
-0.2750502
-0.2632955
-0.2071286
0.2632443
0.6278015
0.4064877
-0.0369091
-0.5253343
-1.3932688
0.6870552
1.5389647
1.5694978
0.4712846
-1.0623195
-0.0953770
0.8033460
0.4581732
0.2353319
-0.2951638
0.0275601
0.3550545
-0.0502708
0.2056140
-0.0814810
-0.2054296
-0.0047093
-0.0004512
-0.0520289
0.0251959
0.0042665
-0.1862101
0.1901184
0.3836812
0.4276147
1.5971543
1.4690878
0.0780402
-1.3465809
-1.5308208
-1.1558229
0.0276826
-0.0579929
-0.1792999
0.1117585
-0.1976523
-0.0228963
0.0840236
-0.1581920
-0.0273949
0.1605614
0.2112520
-0.0891226
0.0012733
-0.0330187
-0.1623230
-0.3180781
-0.0883969
-0.0804511
0.3908498
-0.3097066
-1.4845326
-1.6359710
1.1457303
-2.0694042
-0.8689458
0.6203519
-0.1650643
-0.0313285
-0.1756370
-0.0680667
0.0265762
0.2164223
0.0219057
0.2032829
0.1444289
-0.0337948
-0.0705672
-0.0064354
-0.0176597
-0.2498535
0.0013305
0.1946467
0.4373824
0.5863959
0.2386686
0.1334541
-0.6439589
-1.4652371
0.2122947
1.3579703
1.2799151
1.4136393
1.5732964
-1.3861895
0.4432011
0.3549867
0.1106201
-0.0015217
-0.2436446
-0.2082494
-0.0192668
0.2579321
-0.0040932
