-0.3601848
-0.2563854
-0.2324801
-0.0874331
-0.1142589
0.2568174
-0.0614250
-0.0969335
-0.1908405
-0.0608798
-0.1652401
0.0424032
0.1099480
0.0634322
-0.1614300
-0.1561373
0.1541835
0.0907713
0.1612416
-0.0898535
0.0736258
-0.2639029
-0.2138014
-0.3108148
0.0599885
0.4246551
-0.2811642
-0.4578930
-0.5536334
-0.4245001
-0.0894695
-0.0249392
0.6596386
-0.7843114
-1.3721831
0.2944779
0.3303616
-0.2618987
-0.1094656
-0.2698023
-0.2368726
0.1325992
0.0989626
0.0562258
0.0236137
0.0468742
-0.1325183
0.1258900
0.0982817
-0.1850069
0.0369848
-0.1398022
0.3230554
0.4474240
-0.2456554
0.0622441
-0.7517416
-1.3324167
0.1960513
0.3001909
-0.0548577
0.0787575
0.0541078
0.2679406
0.1894015
0.1313888
-0.1789573
-0.1012877
0.0104825
0.1478542
-0.1828994
-0.1927852
0.0049087
0.1435144
-0.0021962
0.2472105
0.0405007
-0.0026326
-0.1542546
-0.2968577
-0.4531894
-0.4300527
0.0014857
0.3785433
0.3109715
-1.2696624
0.1349721
0.2697000
0.1061381
-0.2994089
-0.0894287
0.0536310
-0.0757115
0.0475644
0.1867965
0.0790973
-0.2144123
0.2088375
0.1169555
0.0267995
-0.0353082
0.0649079
0.0499379
-0.0953106
0.1265634
0.2731253
0.0617179
0.0577059
-0.4573972
-0.2969894
0.0938148
0.1601776
0.3306264
1.0771055
-0.8602386
-1.2250978
0.3244963
-0.1006355
-0.2499207
-0.3140408
-0.2882898
0.0117155
0.2102582
0.0467424
0.1230920
-0.2007507
-0.1458488
0.0513775
0.1540388
-0.2535421
0.1781271
-0.2126193
-0.3213741
0.1072766
0.1000096
0.2356167
0.1193071
-0.1394631
0.5796715
0.3335729
0.1244559
0.4964755
0.1909289
-0.2523912
-0.3228726
0.1184037
0.0797933
-0.0102040
0.0599913
0.1580475
-0.1790928
0.2017496
0.2007840
0.0195453
0.0978453
0.0495151
0.4932433
0.0608661
-0.2104627
-0.3316892
0.0398883
0.5038977
-0.3041660
0.2613337
0.3645534
-0.1831850
-0.0205667
-0.0566271
-0.2209406
0.1661649
-0.1146683
-0.0000389
-0.0056400
0.2399624
-0.0609051
-0.1911634
-0.1559837
-0.1368346
-0.0974993
0.1582211
0.0840636
-0.2679361
-0.2419161
-0.2335322
-0.0996129
0.2455274
1.1228788
1.2722549
0.3861548
-0.3251916
-0.9415429
1.3148729
0.1036392
-0.2452867
-0.1746155
-0.0795552
0.3077303
-0.0257161
-0.1006656
0.2054466
