-0.2771846
-0.1543091
0.0641183
0.4613608
0.1440285
-0.2838922
-0.6276660
0.5807822
0.5481798
0.6648257
-0.7825064
-0.3729551
-0.3820758
0.1485885
0.3717840
0.4763116
0.1742147
0.2832674
-0.1048986
-0.0747318
-0.2876378
-0.2902593
-0.1441287
-0.1549891
0.0840364
0.0204733
0.1327992
-0.1066090
-0.3538653
-0.4356229
-0.1786574
0.0596627
0.3856219
0.2387182
0.2145206
0.0669372
0.7345899
0.8456001
-0.3246445
-0.5628944
-0.4858916
-0.4376904
-0.2612729
0.3192634
0.1214902
0.0188706
0.0833730
0.1778583
0.1681080
0.2385222
-0.1383650
0.1517894
0.0351495
-0.1631733
0.0220185
0.2283521
-0.0606039
-0.0582693
0.0925639
-0.1536036
-0.2317870
-0.0342018
-0.2040892
0.2104173
0.2451785
-0.1671934
-0.2541082
-0.0486051
-0.0101672
0.3606226
0.1512389
-0.2041337
-0.5845940
-0.9829222
-0.7082867
0.8150279
0.8352691
0.2192905
-0.5567608
-0.8703774
-0.7658379
-0.1659032
0.0274588
0.2913298
-0.1487418
0.0708183
0.0648637
0.1373576
0.1967026
-0.2296265
0.0798840
-0.0122614
0.0251114
-0.0182285
0.1579576
-0.0359659
-0.2721540
-0.0457466
0.0324439
0.1685909
-0.1397257
0.0922576
-0.0986443
-0.3197113
-0.3146307
-0.0405660
0.2446528
0.4582308
0.3322744
0.1141617
-0.3996857
-0.4506130
0.7704274
0.2894385
0.0942913
-0.2313878
0.0933800
-0.0196365
0.3373614
-0.0074100
-0.0158965
-0.2224705
0.0053665
0.1284077
-0.1370880
0.1948754
-0.0165088
0.3092314
-0.1211285
-0.0992141
0.0844649
-0.2163111
-0.6425755
-0.2103588
-0.2457810
-0.6838187
-0.4620329
-0.1418487
-0.4655829
-0.3611123
-0.3405119
0.0420050
0.3237365
0.3224239
0.1381693
-0.1312227
0.0350866
0.1513503
0.0463482
-0.1840872
-0.1465549
0.1661821
0.0029339
0.1261998
-0.0312899
-0.1463336
-0.1108108
-0.2591031
-0.3125346
-0.1396240
0.1182273
-0.6031785
-0.1251375
0.0907343
-0.1686528
-0.4975537
-0.2480603
0.2018701
-0.0509776
-0.0705161
0.0226164
0.0203296
0.2084283
-0.1869416
-0.2696852
0.1314280
-0.0957479
0.2171279
0.1449558
-0.1085357
-0.2275770
0.0937209
0.0595392
0.1752526
-0.0337947
-0.0097877
-0.0263582
-0.1898325
-0.2364969
-0.0185560
-0.2050731
0.4575543
-0.3892338
-0.4943930
-0.5125372
0.9079035
0.7127115
-0.0385747
-0.1763561
-0.1969393
