-0.0266608
0.1534831
-0.0567160
0.1612356
-0.2570590
0.2934255
-1.5736632
-0.4135109
1.2351335
1.6578222
-0.6025547
-0.3040578
0.3011787
0.4683616
0.4173208
-0.0085403
-0.0396681
-0.0431925
-0.0452139
-0.1913121
0.1150454
-0.0744999
0.0943378
0.0567471
0.0410253
-0.0853511
-0.1568391
-0.0724697
-0.0403227
-0.1313286
0.0188660
0.0905449
-0.0970037
-0.0898256
-0.1533572
0.1109852
0.0717922
-0.2193686
0.1260111
0.1769602
0.3085497
0.1439955
0.0018997
-0.3529751
-0.2276419
-0.9716408
-0.7714130
-0.1896021
0.2505971
0.2512292
0.2925098
0.3255261
0.1549973
0.0424366
-0.1492631
-0.0160629
-0.1312921
0.1302631
-0.1093668
-0.0683581
-0.1089755
-0.1065493
0.0098076
0.1646339
-0.1889588
-0.1271312
0.0170733
-0.0565928
0.1754069
-0.2950086
0.6832758
-0.9584865
-1.2769337
-0.1725601
1.3441884
1.4390891
-1.0621829
-0.6540128
-0.4225552
-0.1419701
0.0838928
0.2491893
0.0774549
-0.1204248
-0.2090907
-0.1664417
0.1046834
0.0556088
0.0422189
-0.0915113
-0.0926879
-0.0703253
-0.2032332
0.1634520
0.1205936
0.1881820
-0.1341134
0.0347855
0.2044926
0.0277528
-0.0387761
-0.0050803
0.1321210
-0.0441815
0.1932960
0.0991582
-0.2314733
-0.2174762
0.4793423
0.1131978
-0.0154413
1.0276027
-0.6999598
-0.7877852
-0.3760758
0.1218888
0.3184230
-0.3071828
-0.2158246
-0.0509201
-0.0323550
-0.1461033
-0.1595561
-0.0046098
0.0252025
-0.0227243
0.1335787
-0.1076123
0.1060307
0.1902617
0.1789511
-0.0061746
0.1047259
0.2439262
0.0786623
-0.0407487
-0.0249953
-0.5686522
-1.4195830
-1.1418357
0.8309250
1.5896759
-0.1649202
-0.4767125
-0.2914227
0.1774359
0.2028021
0.0096589
-0.1981958
0.0463979
-0.2608489
0.1450257
-0.0837268
0.0120663
-0.0445049
0.1208896
-0.0250300
-0.1464503
-0.0733801
-0.0618183
-0.1419364
0.1755321
-0.0840736
-0.0295985
0.1313184
-0.0214061
-0.0135727
-0.2644279
0.1015612
0.5462353
-0.1934374
-1.1820671
-1.6230130
1.5914560
0.9994536
-0.1876769
-0.2599442
-0.1764668
0.1890624
0.0917827
0.1601260
0.0783127
-0.2122686
-0.0361445
0.0845613
-0.0737813
-0.0404673
0.1435765
0.2341665
-0.0123121
0.0188547
0.0491868
0.0036275
0.1110864
-0.1191611
-0.1435272
0.0417942
0.1469913
0.1368289
0.0433685
