-0.1384356
-0.0861619
0.1692367
0.0113371
0.1017873
0.1944257
-0.1583319
-0.2318757
0.0924549
-0.2123406
0.3284394
0.0644080
0.1646529
0.1791947
-0.5393503
-1.0496705
0.2975806
0.5334684
-0.0640478
0.4019585
0.4189642
-0.2885008
-0.4900577
-0.5653807
0.0836735
0.3518313
0.0603049
-0.1366470
-0.3041516
-0.1568698
-0.0906087
-0.1907090
0.0305295
-0.0594183
0.1252772
-0.0664278
-0.1435817
-0.0759806
0.4486009
0.4442626
0.0455723
0.0614593
-0.1312932
-0.3702270
-0.4697361
0.6533441
-0.6751020
-0.0996714
0.0672522
0.4979955
0.0675533
-0.0086946
-0.2068317
-0.3128591
-0.1172894
0.2489495
0.0247787
-0.2767201
0.1209690
0.2035091
0.4787103
0.1540311
0.0841253
0.3016340
0.5106498
0.6558055
0.2689123
-1.1436131
0.3655908
0.1946106
0.1866397
-0.2269144
-0.0086892
-0.0024079
-0.0725450
-0.2590001
0.2287024
0.1151865
0.3054363
0.1979280
-0.0405124
0.3311066
0.1762227
-0.4257925
-0.1295523
-0.0235726
0.1674261
0.1525903
-0.8215655
0.6767197
0.8463026
-0.2354494
-0.3554181
-0.1613420
0.3498753
0.4892690
0.2497224
-0.0259281
-0.1839329
-0.0698872
-0.3691645
-0.0212272
-0.1625312
0.1101224
0.1688331
-0.0173128
0.0240962
0.2133319
-0.2728827
-0.1605259
0.0651665
-0.2041171
0.3889584
0.4795261
0.0675441
0.0164453
0.3241114
0.4503331
0.4074143
-0.9990243
-0.7739923
0.1624078
-0.0515869
0.0283025
0.0103877
0.1431089
0.1745474
0.2716860
0.1382368
0.3319387
0.1232823
0.3190112
0.2097139
0.2093318
0.3015226
0.2314517
-0.0215468
0.5811647
0.7505634
0.4202314
0.8971604
0.3097509
-1.2185911
-0.4664219
0.4167414
0.5328130
0.1179515
-0.1126748
-0.0550980
-0.3413178
0.0622250
0.0345836
0.2079602
0.1725464
-0.0747994
0.0201195
-0.2247661
-0.2337009
-0.1232455
0.3266436
-1.2930644
-1.0993459
0.9243284
-1.5696723
-0.7524119
0.3054196
0.5973433
0.4936804
-0.0162206
-0.0447515
-0.0575427
-0.2937154
-0.0092265
0.0200824
0.0887257
0.1374874
0.1050019
0.2405387
0.0777164
0.0753773
-0.2650954
-0.4217400
-0.2080974
0.0369226
0.1662268
0.2956041
0.5084188
0.2920249
-0.0161333
0.1457259
-0.0535671
0.8542033
0.5171002
0.1345685
-1.0317491
0.3829703
0.5081060
0.5103102
0.1074833
-0.1004321
