0.2904941
0.0205228
0.1801846
0.0366894
0.0729857
0.1517460
0.1253262
-0.0559770
-0.1481984
0.1871972
-0.0595006
0.2100837
-0.0482566
-0.2073197
0.1300513
-0.0440094
-0.1040036
-0.1762269
0.0806532
0.0134885
0.2074741
-0.2098145
-0.1045925
-0.2147029
-0.1973968
0.1322151
-0.0989500
-0.2949440
-0.4372793
-0.3546092
-0.0875069
-0.1472723
0.6040663
0.2763524
-0.5511088
0.4451968
0.5047210
0.0004716
-0.0637925
-0.0319340
0.0267581
0.0601557
0.0450208
0.1656231
-0.1142231
-0.0880826
-0.0349324
0.2238067
-0.0529853
0.1755939
-0.1457277
-0.2939886
0.0429973
0.2032733
0.3072923
-0.5319757
0.0772944
1.1015494
-1.4608342
0.4189291
0.1951321
0.6685357
0.3325344
-0.3569541
-0.2031870
0.2071100
-0.0955810
0.0193501
-0.1109690
0.2067122
0.2254045
-0.0640978
-0.1202845
-0.0108552
-0.1865939
0.0422225
-0.0511972
0.1118077
0.2700097
0.3307587
0.4072836
-0.2565623
-0.2493095
0.2443205
0.0121332
0.6634872
-1.2292226
0.0306602
0.5911793
0.1230840
0.0474614
-0.1418969
0.1540924
0.0886987
0.2631877
0.1030226
-0.0083696
-0.0431022
-0.0123872
-0.1344603
-0.0456487
-0.1520009
-0.1654639
0.1334710
-0.0771647
0.1641179
0.3042025
0.1630825
0.1620566
0.1651783
-0.5719354
-0.4573550
0.0080099
-0.0563763
0.7222554
0.7550058
-0.3643997
0.5067843
0.3257414
-0.2533694
-0.1768885
-0.0406944
-0.0300851
-0.1573164
-0.0427021
0.2021345
0.1286281
0.0473630
-0.0545145
0.1546042
-0.1942554
-0.3868536
-0.5640196
-1.1070568
-0.5419835
0.0022149
0.7879978
-0.2563854
-0.2324801
-0.2308527
-0.0874331
0.0395030
-0.1142589
0.2568174
0.0550904
-0.0969335
-0.0984011
-0.0488274
0.1314531
0.0098753
0.0424032
0.1099480
-0.1614300
-0.1561373
0.0852710
0.1612416
-0.2138014
0.1141498
0.0599885
0.4246551
-0.4578930
-0.5536334
-0.0249392
-1.3721831
-0.8580565
0.1423771
0.2365979
0.2068996
0.3303616
0.1678051
-0.2618987
-0.0035053
-0.3052535
-0.2368726
-0.0219189
0.0989626
0.1170662
0.0599922
-0.0320741
-0.0370657
0.1575606
-0.1416990
-0.1592401
0.0733326
0.1258900
-0.1850069
-0.1398022
0.0418458
0.1128771
0.3230554
-0.1446102
-0.1299462
-0.2631080
0.0622441
0.1945920
0.6459381
-0.7517416
-0.6607404
0.3529826
0.5881298
