-0.4730121
0.1563737
0.2158423
0.4106486
0.0917173
-0.1083887
-0.2289357
0.0297581
-0.0880396
0.0639665
0.0048794
-0.3552809
-0.0939210
-0.0774232
-0.1499549
0.2070438
0.3527901
0.1656979
-0.0492069
-0.2249928
-0.5866131
-0.6773015
-0.2693898
-0.2335902
1.2840178
-1.3077528
-0.7809614
1.3573168
1.8060070
1.2595621
0.1700603
0.0697513
-0.3640219
-0.0201259
0.0162276
0.0786036
0.0295944
-0.0543227
-0.1929804
0.1115527
-0.1386145
-0.1162995
-0.0872994
-0.1866319
0.1022217
0.1018088
0.1071565
-0.5067588
-0.1665941
-0.4062731
-0.1317931
0.2651582
1.7946333
-1.1946769
1.1969735
-0.0337362
0.1371503
0.3393274
0.3214501
-0.1681918
-0.0067313
-0.2527965
-0.1383008
0.2499362
0.1051043
-0.2503011
-0.2955527
0.1398240
0.1896196
0.1157966
-0.1169420
-0.3141958
-0.1957714
-0.3726897
0.1175246
0.8297577
0.8187490
-0.3875360
-1.5445060
-1.6428964
-1.6378610
-1.0917081
1.6752710
-0.0124220
-0.3056175
-0.3769307
0.0156457
0.3893121
-0.1026706
0.0123485
0.0404714
0.1558176
0.2086386
0.1453334
-0.0859534
0.0192970
-0.3218320
-0.1542118
0.2879093
0.0389612
0.3673291
-0.3001727
-0.6320412
-0.5562982
-0.1732674
0.3740913
2.0975291
0.5503188
-1.4472218
-1.2445096
0.5094521
1.7416088
-0.0170752
-0.2365654
-0.7438495
-0.4313125
0.1027785
0.0056008
-0.0513955
0.1533122
0.0912115
-0.0420834
-0.0776954
-0.1950091
-0.2815006
0.0188687
-0.1206485
-0.2560012
-0.2293765
-0.6666978
-0.3390646
-1.5742791
-1.2107173
1.3864613
1.6483182
1.6434831
0.7937251
-0.0713573
-0.0291059
-0.0394460
0.1823744
0.3846573
0.0240158
-0.1065098
-0.1190989
-0.0570377
0.2216632
-0.1194155
0.2215311
-0.1046026
0.1350362
-0.1166105
-0.1059980
-0.1296252
0.1385631
0.2164483
-0.3949576
-0.4338061
-0.2610603
1.5404963
-1.4061681
-0.6981566
1.5733553
-0.2619133
0.0668015
0.1747177
0.4007469
0.1515040
-0.1482922
0.0134539
0.0830829
0.0710456
-0.1648445
0.0018983
0.0992250
0.1543600
0.0133426
0.0440036
0.0311551
0.1350396
0.0150998
-0.0343105
0.1410307
0.2328226
-0.2661343
-0.3285566
-0.3230905
0.0394645
0.1449427
-0.0942741
0.0712006
-1.6182137
0.8522784
1.3977883
1.4012123
-0.3681921
-0.6837737
0.1592339
0.2753667
0.2137380
