1.1151774
-0.0264657
-0.3071442
0.0947282
-0.0308329
-0.1505625
0.0711191
-0.1812595
-0.2421543
-0.2790392
0.3413521
0.4275710
0.2359214
-1.6184656
-0.0102885
0.0337757
-0.1078688
0.1479656
-0.0509453
0.0736037
0.0490331
-0.1547427
-0.0508378
-0.3508303
0.0686850
-0.2370968
0.3632495
0.2046451
0.2008064
-0.2161432
-0.4704431
-0.4473280
0.2123900
-1.4015891
-0.0131071
-0.2384323
0.0507005
0.1022860
-0.0164304
-0.3153097
-0.4388222
-0.2073052
-0.3111432
-0.1580951
0.1466052
0.4038877
0.2188516
0.3057611
1.1917937
0.4507293
-0.1668775
0.1491697
0.0320117
-0.1083806
0.0260612
-0.3077669
0.2129164
0.4947995
0.4006655
-0.4380717
0.4887585
1.3721419
0.5453436
0.1671288
0.0795130
0.5082016
-0.0170928
0.1161887
-0.1301591
0.2680153
-0.1503650
0.1753258
0.0587149
-0.3227342
0.1099597
0.2097559
0.5065295
0.4298025
-0.9814648
-0.1782685
1.3412530
-0.1009978
-0.2206351
0.0776202
-0.1778876
0.1323269
0.0615555
0.3358916
0.0051968
-0.1957087
-0.5327126
-1.5041797
0.0558135
-0.2725761
-0.0476811
0.0290416
0.2234667
-0.1373020
-0.0704837
0.1257972
