0.3800185
-1.0860276
-0.1098069
0.3588623
0.2989632
-0.1234934
-0.0383595
0.0349782
-0.2370204
0.0398649
0.1089695
0.0552925
-0.0427275
0.2115753
0.1704942
-0.0152719
0.0333085
-0.1036450
-0.4263201
-0.3085531
-0.1520114
-0.0750423
0.2313899
0.2678667
0.5084307
-1.2371521
0.9052937
1.4542479
1.6068661
0.9854791
0.3566066
-1.1852133
0.1298307
0.2822219
0.5974219
-0.0243756
-0.0427040
-0.0043607
0.0405800
-0.1554040
-0.1394939
0.0864457
-0.1774247
0.0450878
-0.2595649
0.2821342
0.0160437
0.0403115
0.4794412
0.2932723
0.5835660
0.3331717
0.0823445
-1.4740998
1.2386320
-1.4003778
0.5455816
0.2527301
-0.0301886
-0.0264700
-0.2358182
-0.1532182
0.0340734
0.0925075
-0.0331739
-0.1271616
0.0658315
-0.4179228
-0.1781269
0.4169781
0.1856921
0.3089216
-0.1822019
-0.2100902
-1.1552112
-1.6995355
1.2545111
1.2135132
1.0876596
1.1648923
1.3704172
-1.1507355
-1.0088926
0.2916707
0.2451404
-0.0215031
-0.1190739
-0.0338864
0.2139278
-0.0655862
-0.0358705
-0.1111764
0.1683178
0.1190553
-0.1543317
-0.2920297
-0.3542011
-0.0489786
0.1380421
0.3254982
0.5602044
-0.3062058
-0.9887461
-1.3253511
-0.6179350
1.0776544
1.2669342
-0.0453000
-1.4498759
-1.4724550
0.1853254
0.6354439
0.2814828
-0.0085404
-0.0360245
-0.0805318
0.0129378
-0.0673280
-0.0332588
0.2646638
0.1887970
-0.2555219
-0.1529425
0.0189574
0.2047698
0.2986907
-0.7590847
-1.2643523
-1.1598236
0.2905758
1.1110143
0.3320768
0.3047784
0.2124825
0.0199054
-0.1332193
0.0191848
0.0211821
0.1932450
0.1371231
0.2021647
-0.0705118
0.0959128
-0.0977161
0.2250433
-0.0931965
-0.3278695
-0.2562485
0.0775402
0.0358293
0.4450097
0.2405673
0.2793479
-0.3315723
-0.7800469
0.6843875
-0.8863302
-1.5925423
-0.9012317
0.5922079
-0.2425719
-0.3001685
0.0067213
-0.1424699
-0.1529067
-0.0609547
-0.0908511
0.2107659
-0.1813367
0.0369422
0.0069086
-0.4443399
-0.4077029
0.0634287
0.3006509
0.4324934
0.4609275
-0.1603583
-0.9768720
-0.2510178
1.2509691
1.1292005
0.9191075
-0.4838112
-1.3790064
-0.5184589
0.0856166
0.4502198
0.5437918
0.3515797
-0.2618341
0.0264176
0.0283715
0.1881603
0.0930178
-0.1354629
-0.1447827
0.0571722
0.1701874
0.0119714
