-0.0562452
0.0398063
0.0799417
-0.0454600
-0.0230424
0.0103962
0.0823734
0.0720101
0.0405150
0.0720520
-0.0126007
0.0393962
0.0584511
-0.0310449
0.0798189
-0.0286544
-0.0145066
-0.0308208
-0.0656975
0.0682016
-0.0680989
-0.0798123
0.0696136
0.0480845
0.0080461
-0.0448681
0.0484146
0.0646962
-0.0282252
-0.0326665
0.0520518
-0.0356756
-0.0262546
-0.0461877
-0.0384677
0.0204650
-0.0759809
0.0811979
-0.0515931
-0.0479741
-0.0080414
0.0130507
0.0237093
0.0677490
-0.0405748
0.0601456
0.0261765
0.0630430
-0.0761052
0.0573732
0.0649128
0.0300541
0.0493671
-0.0605713
0.0580643
-0.0476572
0.0249131
-0.1398004
0.5205111
-0.4348637
-0.0131069
0.1943983
0.2297376
0.0495386
0.0105416
0.0742725
-0.0118224
-0.0109546
-0.0570101
0.0490100
0.0491938
0.0155540
0.0189437
-0.0194500
0.0369155
-0.0627622
-0.0464684
0.0344829
0.0205093
0.0725660
-0.0568777
-0.0700327
0.0418122
0.0064138
0.0122727
-0.0611713
-0.0385455
-0.0590693
0.0260381
0.0002784
0.0191593
-0.0472915
-0.0005277
0.0459325
-0.0549676
0.0478266
0.0740841
-0.0085346
0.0184507
0.0762470
-0.0144079
0.0173322
0.0731976
0.0601009
0.0405542
-0.0070356
0.0540764
-0.0137262
-0.0596824
0.0370089
0.0285994
0.0589375
0.0551443
0.0415148
-0.0135580
0.0846371
-0.0078730
-0.0341311
0.0706361
0.0039644
-0.0599236
-0.0030492
0.0214811
-0.0462877
-0.0438853
0.0538157
-0.0095543
-0.0523896
0.0798768
0.0265192
-0.0370373
-0.0146997
-0.0299906
-0.0656544
0.0860403
0.0384780
0.0482750
-0.0211004
0.0763939
-0.0525542
0.0648529
-0.0347301
0.0299993
-0.0125406
-0.0328343
-0.0723890
-0.0250481
0.0423750
0.0182476
-0.0239323
-0.0724949
0.0785810
0.0674651
-0.0131095
0.0759807
0.0310528
0.0680459
-0.0137461
-0.0687340
-0.0079868
0.0465409
-0.0549843
-0.0511800
0.0410109
-0.0734864
-0.0471111
0.0779323
-0.0325994
0.0648189
-0.0603117
-0.0334877
-0.0599866
-0.0292095
0.0179206
0.0255191
-0.0062974
-0.0605680
0.0809049
-0.0293298
0.0422978
0.0226780
0.0023226
-0.0310455
0.0387843
-0.0351934
0.0507451
0.0230939
0.0023797
-0.0551425
-0.0679884
-0.0125099
0.0237883
0.0105410
0.0608195
0.0058747
0.0608682
0.0425784
0.0250888
-0.0649477
0.0846608
