-0.1211205
0.1407860
0.0253786
0.0625014
-0.3107358
-0.3002637
0.5054864
0.4167594
0.0964322
-0.0885198
-0.0578555
0.0102896
0.0166817
0.2499459
0.2147012
0.0557473
0.0506864
-0.1120048
0.0190101
-0.1334577
0.1200699
-0.0590883
0.1369047
0.1418188
-0.0946740
-0.1531931
0.0778656
-0.1403866
-0.2631560
-0.0596189
-0.0214656
0.0357287
-0.0880983
0.1424184
0.0862986
-0.0824722
0.0173588
0.1010534
0.0337228
-0.1151033
-0.1118968
-0.1106279
-0.0170736
0.0866109
-0.1052850
0.0789602
-0.3274908
0.2461296
-0.0544666
-0.0741964
-0.1208954
0.0723143
-0.1190318
-0.0814705
0.0859672
-0.1217638
0.0444345
-0.0859225
-0.3517135
-0.1080350
0.3837965
0.4223700
0.5200767
-0.0764222
0.0721875
0.2381282
0.1369375
-0.0297863
-0.2519988
-0.1138457
0.0654074
0.2198525
0.1123664
-0.0486002
-0.1615158
-0.2398434
0.0360782
0.2618171
0.2641228
0.3839543
0.0650550
-0.2305340
-0.0569238
0.0371017
0.1513801
0.1315419
-0.0711417
0.0067244
0.3121979
-0.1295551
-0.3812842
-0.0922221
0.2551722
0.0495945
-0.4000269
-0.1858534
-0.1298899
0.0606876
0.2055387
0.2302769
0.1142154
-0.0169574
-0.1971537
-0.1423895
-0.1327417
-0.0104429
0.2533629
0.1955801
0.2075373
0.2247558
-0.3191729
-0.4098029
0.4984549
0.2328814
0.0769632
-0.1675472
0.0907380
0.2379744
0.2451647
0.0741019
-0.1429344
0.0714818
0.0778907
0.1910784
0.0132660
-0.3495599
0.5539834
0.4044573
0.3494003
0.0196713
-0.1202849
0.1491864
-0.0443524
-0.0342073
-0.0141943
-0.2139252
0.0154603
0.0683302
-0.0233626
0.0686283
0.0711094
-0.0647714
-0.2893252
-0.1040015
0.4275549
0.0124254
-0.0205256
0.0133286
-0.0103419
-0.0101327
0.1618196
0.0038074
0.1372754
-0.1119065
-0.0132057
-0.0099235
-0.0634151
-0.0498683
-0.0174215
0.0095791
-0.0204640
-0.3943421
-0.4578360
-0.0092780
-0.0128294
-0.0887031
0.0790203
-0.1201997
-0.0892256
0.0142877
-0.1264077
-0.0802214
-0.1077601
0.1631488
0.0946972
0.0389444
-0.1387043
-0.2306134
-0.2651068
0.0266974
0.3755152
0.8488484
0.5129381
-1.0173452
-1.3040276
0.4418188
0.7216858
0.4697871
0.2462553
0.1038763
-0.1596552
-0.1131491
0.1254230
0.0459399
0.1866880
-0.0561503
-0.0903136
-0.0594695
-0.0365669
0.0798335
