-0.0246856
0.0136880
0.0399502
0.0279001
0.0142053
-0.0007114
-0.0348331
-0.0357446
0.0078439
-0.0021431
0.0194935
-0.0271205
-0.0579842
-0.0190239
0.0252282
0.0395886
-0.0161553
0.0081826
0.0116286
-0.0174805
0.0143996
-0.1418759
-0.1437075
0.0722940
0.3220174
0.1957415
-0.0871152
0.0142801
-0.0504032
0.0119011
0.0202834
-0.0071409
0.0178419
0.0371001
-0.0076733
-0.0123029
-0.0254534
-0.0106082
-0.0154103
0.0173766
-0.0153569
-0.0388862
0.0317008
0.0113307
-0.0054095
-0.0177511
0.0361827
0.0229713
-0.0251514
0.0110791
0.0135429
-0.0230746
-0.0164567
-0.0192717
-0.0375679
0.0192796
0.0433538
0.0237116
-0.0166425
-0.0216201
0.0368417
0.0189888
-0.0070565
-0.0229747
-0.0366077
-0.0368844
-0.0260713
0.0139037
0.0388274
0.0126386
0.0305944
0.0366779
-0.0214849
0.0356129
0.0010267
-0.0216772
-0.0123138
0.0462386
-0.0051522
-0.0181161
-0.0004848
-0.0367551
0.0356281
-0.0170114
-0.0333816
-0.0352492
-0.0329484
0.0148887
-0.0085904
0.0048184
0.0388527
-0.0221668
-0.0128108
-0.0070725
-0.0021009
-0.0255155
0.0288285
0.0272208
0.0330615
-0.0253328
0.0150111
0.0284884
0.0248618
0.0221825
0.0180511
0.0253184
-0.0119727
0.0068275
-0.0101637
-0.0250534
-0.0076810
-0.0388037
0.0131656
-0.0093603
-0.0282945
-0.0235401
-0.0223777
0.0053367
-0.0201047
0.0328590
-0.0131300
0.0087050
-0.0153024
-0.0230323
-0.0196067
-0.0204000
0.0369696
0.0114060
0.0029498
0.0317116
0.0116193
0.0135066
0.0330361
-0.0012521
-0.0051311
-0.0143493
0.0327834
0.0262363
0.0225641
0.0259963
0.0287591
0.0130034
-0.0112149
0.0180008
0.0426053
-0.0297396
-0.0195483
-0.0222654
-0.0557032
0.0071296
0.0477969
0.0371110
0.0402062
-0.0100721
0.0330824
0.1512703
-0.1090552
0.2923793
0.1326994
-0.0067529
0.0186576
-0.0299335
0.0371553
0.0261952
0.0101677
0.0076572
-0.0283568
-0.0267926
0.0308985
-0.0277009
-0.0209927
-0.0309083
-0.0370272
-0.0174617
-0.0010678
-0.0176065
-0.0362676
0.0184189
0.0331918
-0.0035343
-0.0244361
0.0316064
0.0104763
-0.0221158
0.0362304
0.0219318
0.0004077
0.0360614
0.0240787
-0.0150542
-0.0091782
0.0204170
0.0298051
0.0324063
0.0092663
-0.0029157
0.0071924
0.0342997
0.0337144
0.0334885
