-0.0191391
-0.0971371
0.0131808
0.0723621
0.0028980
-0.0199588
0.0346225
-0.0648689
0.0807626
0.1240786
-0.0282062
-0.1075424
-0.0077779
0.0055777
0.0902818
-0.1535147
0.1705229
0.1503338
-0.0933707
-0.1778343
-0.0718631
-0.0497738
-0.0792429
-0.0105280
-0.0057744
0.0066101
0.0442370
0.0529449
-0.0129247
-0.0716099
-0.0638378
0.0505542
-0.0993968
0.0605060
-0.0804134
-0.1394213
0.0600571
-0.0169839
-0.1324255
-0.0689904
0.1273928
0.0567201
-0.0473277
0.0804732
-0.1123875
-0.0896673
0.0543152
-0.0179071
-0.0071605
-0.0325796
-0.0393960
0.0616649
0.0704717
-0.0424923
0.0668983
0.0080368
-0.4208184
0.0553461
0.1586286
-0.0961976
-0.2050159
-0.1995060
0.0694936
-0.0658968
-0.0348855
-0.1369665
0.0582190
0.0611406
-0.0194330
-0.1202905
-0.1601123
-0.0854432
0.0217439
0.1333385
0.1133938
0.0312693
0.0712634
0.1714406
0.1064423
0.0045193
-0.1775219
-0.6564522
0.4659492
-0.1044706
-0.2375524
-0.0410058
0.1440890
0.1154822
0.0323918
-0.1364987
-0.0195477
0.0602481
-0.0176925
0.0424811
-0.1079131
-0.1271145
-0.1288801
-0.0116589
0.1481577
0.1125450
0.1701931
0.0350591
0.0049505
0.1145430
0.1103986
-0.0699945
0.1187490
0.0358912
-0.0126566
-0.0524035
-0.0986025
-0.0422123
-0.0583628
-0.0431004
0.1097955
0.0528991
0.0422974
0.0840844
-0.0965766
0.0851484
0.0079268
-0.0565456
-0.1647066
-0.0675655
0.1160635
0.0405834
-0.2409126
-0.0682736
0.0205143
0.1440889
0.1998244
0.0655485
0.0780658
-0.0582487
-0.0445130
0.0089372
-0.0231660
-0.0398097
-0.0449919
-0.0211875
0.0096008
-0.0447219
0.0044187
0.0410669
-0.0034230
0.0479362
0.1619588
-0.0161545
-0.0161102
-0.0636441
-0.1956972
-0.1040154
0.0984277
0.1587284
0.3999122
-0.8357917
0.3191082
0.1000976
0.0292826
-0.2140800
0.1412909
-0.0062692
0.0846737
-0.0126240
0.0260835
-0.0694174
0.1169747
0.0814574
0.1037246
0.0470744
-0.0523117
0.0478420
0.0626231
-0.1347255
0.0080206
0.0075329
0.0167390
0.3209196
0.0691576
-0.3507494
-0.3425859
-0.0157824
0.3812750
0.2908661
0.2122951
-0.2476066
-0.1734728
-0.0248609
-0.0176812
-0.0057977
-0.0078210
0.1060712
-0.1455478
-0.0153243
-0.1189711
0.1241376
0.0487615
0.0065131
0.0582469
0.0254160
