0.2142184
0.0061163
0.0252773
0.0017012
0.0661710
-0.0444175
0.0341653
0.0034268
0.0564548
-0.0115559
-0.0305029
0.0058105
0.0286557
-0.0037894
-0.0302727
-0.0195793
-0.0157421
-0.0664730
-0.0060256
0.0195359
0.0162552
-0.0331862
0.0303618
0.0283678
-0.0255219
-0.0092206
-0.0093402
-0.0494586
-0.0046072
-0.0302556
-0.0250958
-0.0304769
0.0637966
-0.0260816
-0.0448709
0.0004692
0.0614908
-0.0414873
0.0258324
-0.0103899
-0.0289864
-0.0513172
-0.1540916
0.1787587
0.4275732
0.2203507
-0.5112653
0.0987201
-0.0430950
-0.0388265
0.0298069
0.0390078
0.0297278
-0.0428627
-0.0396130
-0.0198079
-0.0649988
0.0123538
-0.0639256
0.0229492
0.0125274
-0.0168641
-0.0043297
0.0101610
-0.0193316
-0.0143562
0.0173702
-0.0299946
-0.0164465
0.0104871
-0.0137712
0.0448432
-0.0371127
-0.0024721
0.0234172
0.0243781
-0.0583930
0.0261005
-0.0372176
0.0501568
0.0043216
-0.0218303
-0.0078418
-0.0052968
-0.0675619
-0.0257523
0.0205711
-0.0044572
-0.0481038
-0.0287175
-0.0086148
-0.0316203
0.0283332
-0.0263640
0.0191862
-0.0160525
0.0153816
-0.0188576
-0.0237766
-0.0378766
