0.0520642
-0.0515756
-0.0361593
0.0469345
-0.0361921
0.0148762
0.0100116
0.0310661
0.0416121
0.0416188
0.0488610
0.0192291
-0.0167041
0.0275754
-0.0318330
0.0239736
-0.0568096
0.0186379
-0.0069610
0.0222759
0.0420972
-0.0330415
-0.0355342
0.0234705
0.0060114
0.0503157
0.0304857
0.0434463
-0.0391315
0.0340547
-0.0394952
0.0314388
0.0519189
0.0126762
0.0224052
-0.0287337
-0.0243956
-0.0362862
-0.0515679
-0.0124660
-0.0304749
0.0357236
-0.0287472
-0.0224424
-0.0488024
-0.0274323
0.0317780
0.0266162
-0.0146868
0.0457965
-0.0497235
0.0075205
0.0288456
0.0190179
-0.0065915
-0.0019184
0.0235146
0.3659661
-0.4405541
0.2777017
-0.0375704
-0.0977336
-0.0636370
-0.0358656
-0.0295167
-0.0453651
-0.0007180
-0.0349486
0.0091481
-0.0484441
0.0623604
-0.0427150
0.0517992
-0.0271238
0.0421979
-0.0195551
-0.0078223
-0.0134182
-0.0369346
0.0280496
0.0167368
-0.0063116
0.0282532
0.0465385
-0.0317302
-0.0491926
0.0127001
-0.0298142
0.0294954
-0.0496798
0.0145023
0.0306382
0.0002071
0.0011255
-0.0445326
-0.0210050
-0.0090248
0.0366070
0.0073521
-0.0034591
0.0024755
0.0412774
-0.0561127
-0.0158009
-0.0503392
0.0326620
-0.0466853
0.0334285
0.0200398
-0.0332192
0.0138747
-0.0139225
-0.0244911
0.0022732
-0.0122555
0.0110022
0.0194765
-0.0323013
-0.0520925
-0.0500337
0.0301446
-0.0184782
0.0554575
0.0282556
-0.0133700
0.0414269
0.0367099
-0.0231338
-0.0314973
0.0054518
-0.0328642
-0.0335166
-0.0062892
-0.0042040
-0.0100865
-0.0391222
-0.0509792
-0.0544452
0.0161162
-0.0155804
0.0407767
-0.0299572
0.0551094
-0.1641351
0.3158809
-0.3872481
-0.0592688
0.2732201
-0.0260899
0.0357915
-0.0588650
-0.0808896
0.0465895
0.0086657
0.0449918
-0.0232053
0.0317527
-0.0580576
0.0198814
-0.0105374
0.0256226
-0.0532844
-0.0346052
-0.0086387
0.0247553
0.0363901
-0.0380872
0.0320698
0.0475256
0.0093288
0.0028928
-0.0219575
0.0057379
0.0343247
0.0202225
0.0359634
0.0483230
0.0291255
-0.0482077
0.0374939
-0.0128528
0.0158203
-0.0240237
-0.0092798
0.0344902
-0.0448782
0.0115307
0.0185556
-0.0133775
0.0216066
0.0420542
0.0079389
-0.0295435
-0.0040256
-0.0253458
0.0062242
0.0371608
-0.0188873
-0.0328398
-0.0334413
