-0.0305267
-0.0597951
-0.0663031
0.0204162
-0.0413791
0.0371579
0.0331318
-0.0605231
0.0456112
-0.0823636
-0.0174807
0.0830145
0.0010761
0.0344188
-0.0440969
0.0690768
-0.0313796
-0.0649536
0.0140555
0.0419431
-0.0128937
0.0144603
-0.0356848
-0.0600364
0.0794831
0.0298003
0.0338649
0.0404729
-0.0552758
0.0658183
0.0577757
-0.0658634
-0.0497790
-0.0513988
-0.0129091
0.0203362
0.0681092
0.0300536
-0.0130569
0.0181572
-0.0013612
0.0497974
-0.0063481
-0.0683854
-0.0814245
-0.0398216
0.0092786
-0.0100130
-0.0618664
0.0121998
0.0810885
-0.0687291
0.0715348
-0.0799688
-0.0548780
0.0506888
0.0043334
-0.0239843
-0.0219762
-0.0266406
0.0376413
-0.0387116
0.0144022
0.0792483
0.0023223
0.0454377
0.0356432
-0.2026572
0.1090879
-0.3968629
0.3055941
0.0360615
-0.0903473
-0.0622915
-0.0484300
0.0115737
-0.0691573
-0.0276345
-0.0523652
0.0000012
-0.0135426
0.0640747
0.0115400
0.0352943
-0.0204217
-0.0365918
0.0443905
-0.0008437
-0.0548386
0.0702628
-0.0384585
-0.0147781
0.0734510
-0.0254340
0.0020593
0.0578172
-0.0376183
0.0306042
-0.0634150
-0.0066681
-0.0857292
0.0641966
0.0703242
0.0836917
-0.0573553
-0.0464511
-0.0082140
-0.0382313
-0.0814865
0.0523077
-0.0266676
0.0607194
-0.0457189
-0.0719900
0.0241826
-0.0208599
-0.0646142
0.0511093
0.0530540
0.0030449
-0.0562452
0.0799417
0.0267211
0.0367806
-0.0245131
0.0823734
0.0380695
0.0720520
0.0748887
0.0256531
0.0347662
-0.0009721
-0.0039448
0.0245155
0.0682016
-0.0680989
-0.0798123
0.0409108
-0.0319891
-0.0448681
-0.0789910
-0.0343729
0.0646962
-0.0326665
-0.0536627
-0.0708965
0.0373774
-0.0461877
0.0195919
-0.0272650
-0.0018407
0.0204650
-0.0759809
-0.0638958
0.0811979
-0.0080414
-0.0337167
0.0328684
0.0457600
0.0061998
-0.0528949
-0.0349301
-0.0761052
-0.0605713
0.0595383
-0.0480028
0.0580643
0.0075088
0.0754243
-0.0476572
0.0813093
0.0060491
0.0216949
-0.0435196
0.0052836
-0.1398004
0.5205111
-0.2221068
-0.3855820
0.2297376
0.0207368
-0.0885754
0.0635588
-0.0062713
0.0495386
0.0093325
0.0133777
0.0742725
-0.0118224
-0.0162608
-0.0914358
-0.0193055
0.0128071
-0.0019095
0.0155540
-0.0627622
0.0061836
0.0344829
0.0205093
0.0725660
