-0.0332923
-0.1084496
-0.0787321
-0.0497042
-0.0225990
0.0351871
0.0606729
-0.0803960
-0.0320423
-0.0397133
0.0786102
0.1841524
0.0530068
-0.0479560
0.0320424
0.0180799
-0.2330134
-0.4473401
0.4021906
0.2758643
-0.0312538
-0.0813000
0.0502234
0.0555241
-0.1011909
0.0352916
0.1200892
0.0901432
0.0745064
-0.0457133
0.0852067
0.0357779
0.0048014
0.0450389
-0.0900226
0.3047170
0.0509488
-0.4049604
0.0715261
0.3217887
0.3698408
0.3524045
0.1318361
-0.0111515
-0.0897467
0.0518411
0.0236065
-0.0582390
0.0711819
0.0549846
-0.0050582
0.1243005
-0.0131980
-0.0041549
0.1589822
-0.0371335
-0.0975871
0.3187450
-0.1025463
-0.0567794
-0.0596222
-0.0459215
0.0186537
-0.1233267
0.0117916
0.0784434
0.0438488
0.0555897
0.1007898
-0.0481147
-0.0424628
0.1109219
0.1994063
0.1182563
-0.0083772
-0.0186547
-0.1572480
-0.0140094
0.1471330
0.2355672
0.1787201
-0.0980585
-0.0050366
-0.1112499
-0.0273699
0.0641967
-0.0547803
0.0643848
0.0440398
0.0400623
0.1221210
-0.0924117
-0.1602013
-0.3208413
-0.1770182
0.4046306
0.2117142
-0.1170205
-0.0590740
0.0991118
0.0089913
0.0948878
0.0227566
0.0046611
-0.0930187
-0.0962190
-0.0976781
-0.0810124
0.0743696
0.0482678
0.0331621
-0.0785705
0.0514837
0.0341069
-0.0290368
0.0557082
-0.0120669
-0.3931820
-0.1528903
0.0242484
-0.1103267
-0.0052572
0.1092150
0.0671784
-0.0251881
-0.0956399
0.1109365
-0.0431156
0.0042597
-0.0843105
-0.0866865
0.1358227
0.0914034
0.1635320
-0.1409002
-0.3708015
-0.4474312
-0.1211668
0.0107886
0.0055468
-0.1306922
0.0658987
0.0189683
0.0987657
0.0509129
0.1205683
0.0622418
-0.0727265
-0.0994317
0.0127877
0.0559813
0.0611125
0.0041594
0.1542933
0.0577868
-0.2041995
0.3568645
0.4804267
0.4692567
-0.2096620
0.2091723
0.1037098
0.0935764
-0.0244985
0.0869784
0.0569767
0.0198228
-0.1072530
-0.0636094
-0.0047590
0.0100562
-0.0195121
0.0791386
0.0910759
-0.0679333
0.0915332
0.0599404
-0.0769224
-0.0340649
0.1076483
0.1711369
-0.0693817
-0.1751654
0.3266673
0.2272761
-0.2080791
0.2445365
0.2439398
0.0726949
0.0258482
-0.1504119
-0.0495857
0.0492853
0.0068342
0.0778207
-0.0672636
-0.1024213
-0.0446464
0.0237495
-0.0349935
