0.2915794
0.0236128
0.0537173
0.0334945
-0.0669853
-0.0009607
-0.0402373
0.0102570
0.0071749
-0.0166410
-0.0132251
-0.0276935
-0.0349905
0.0231705
0.0188237
0.0134651
0.0113328
-0.0289216
-0.0075177
0.0082621
-0.0124817
0.0174846
-0.0077209
-0.0503328
-0.0213059
0.0131373
0.0358147
-0.0172738
-0.0407480
0.0447276
0.0342379
-0.0483266
-0.0386082
-0.0339248
-0.0461620
-0.0196649
-0.0059721
-0.0477922
0.3828579
-0.1571874
0.2505837
0.3228135
-0.0357769
-0.0303891
0.0374416
-0.0341096
-0.0178585
0.0328699
0.0195261
-0.0121560
-0.0022293
0.0015663
-0.0342123
0.0011607
0.0363955
0.0461993
0.0402351
-0.0078731
0.0232707
-0.0054534
0.0242004
0.0205577
-0.0503670
-0.0063794
0.0272026
-0.0257660
0.0496636
0.0198975
0.0107819
0.0002189
-0.0019219
0.0305985
-0.0358243
-0.0012014
0.0011876
0.0420705
0.0191844
0.0368472
-0.0035786
-0.0346061
0.0534970
0.0236924
-0.0273534
-0.0038006
0.0324339
-0.0542718
-0.0406601
0.0283220
0.0111220
-0.0008527
-0.0539647
0.0090069
-0.0020926
-0.0290341
-0.0414504
0.0172656
0.0597768
0.0125193
0.0098692
0.0037047
