0.0421999
-0.0146840
0.0343226
-0.0380424
-0.0136993
0.0271331
0.0152040
0.0156900
-0.0270466
0.0061329
0.0277375
-0.0341996
0.0419154
-0.0328120
-0.0098977
-0.0345542
0.0305949
-0.0023046
0.0028568
-0.0354854
-0.0168764
-0.0003482
-0.0058508
-0.0392711
0.0392988
0.0261831
-0.0293143
0.0412854
0.0310946
-0.0255662
0.0281971
-0.0396811
-0.0196771
-0.0121465
0.0299236
0.0157842
0.0106214
0.0227938
-0.0213061
-0.0349168
0.0136548
0.0187305
-0.0338964
-0.0024971
0.0022264
0.0119458
0.0257781
-0.0141497
0.0353083
-0.0384520
0.0131665
0.0212563
-0.0336122
0.0178280
-0.0312359
0.0238091
-0.0036798
0.0274890
0.0014889
-0.0263312
0.0317559
-0.0021595
-0.0006626
-0.0093935
-0.1888169
0.1809453
-0.1853040
0.0123183
-0.0709137
-0.0334482
-0.0109642
0.0289588
0.0121890
0.0137321
0.0088774
0.0344816
-0.0167226
-0.0091299
-0.0447297
-0.0120227
-0.0294900
0.0302160
0.0128070
0.0185619
-0.0318746
0.0065644
0.0138672
0.0270715
-0.0359069
0.0128248
-0.0383502
-0.0080410
-0.0282362
0.0404330
-0.0413847
-0.0334202
-0.0038988
0.0167322
0.0411444
-0.0296976
0.0389938
-0.0321210
0.0049884
0.0185117
0.0252200
0.0040522
-0.0340683
-0.0038790
0.0043406
0.0133044
-0.0391987
0.0172814
-0.0223683
-0.0015744
0.0175498
-0.0218054
0.0095653
-0.0330433
0.0197452
0.0052184
0.0036117
0.0315441
0.0316347
-0.0113710
-0.0064079
0.0232000
0.0253166
0.0213326
-0.0406439
-0.0359267
-0.0178203
0.0141667
-0.0217614
-0.0152460
-0.0231803
0.0000970
-0.0320279
-0.0113976
-0.0290234
-0.0266984
0.0365831
0.0272469
0.0001307
-0.0364394
0.0198915
0.0317150
-0.0377036
-0.0162616
0.0375181
0.0210483
0.0079750
0.0080886
-0.0260324
-0.0162614
-0.0164490
-0.0011159
-0.0206711
0.0330962
-0.0207017
0.0152267
-0.0117777
0.0371418
-0.0221459
-0.0149323
-0.0073098
-0.0265560
-0.0013028
-0.0139838
-0.0067763
0.0292009
-0.0117490
-0.0349468
-0.0175259
-0.0209946
0.0029911
0.0259343
-0.0332739
-0.0007717
-0.0404876
-0.0355165
0.0279001
-0.0325006
0.0375696
-0.0176676
-0.0007114
-0.0244250
0.0144829
-0.0357446
0.0078439
-0.0220069
0.0122592
-0.0271205
0.0252282
-0.0127325
0.0395886
0.0116286
-0.0004893
-0.1418759
-0.1824786
-0.1437075
