-0.0543454
0.0687636
-0.0453659
0.0883984
0.0121665
-0.0766518
0.0531917
-0.0202701
0.0466551
-0.0103956
0.0147169
-0.0117864
-0.0109680
-0.0740067
0.0104953
-0.0305806
-0.0552483
-0.0639612
0.0047002
-0.0034282
0.0679677
-0.0557801
-0.0493951
-0.0292171
-0.0681244
-0.0291378
0.0668167
0.0086570
-0.0515347
-0.0619473
-0.0544026
-0.0126855
0.0038135
-0.0383665
0.0199088
0.0529613
0.0648672
0.0087513
0.0244707
-0.0485802
-0.0289112
-0.0045298
0.0808430
0.0607673
0.0039872
0.0388315
0.2296406
-0.1172684
-0.0810660
-0.1349873
-0.1240581
-0.0527278
-0.0080687
0.0328949
-0.0744740
-0.0260619
0.0702083
-0.0601147
-0.0646727
-0.0046216
-0.0388982
0.0277234
-0.0422393
0.0658728
-0.0447241
-0.0603727
0.0488598
-0.0521857
0.0128745
-0.0021003
-0.0479583
0.0653943
-0.0109865
-0.0595811
-0.0451111
0.0042690
-0.0053728
0.0198944
0.0678230
0.0723682
0.0136926
-0.0123562
-0.0172392
-0.0262867
0.0106679
0.0586651
0.0820677
0.0120358
-0.2978770
0.1312477
-0.0442876
-0.1349336
0.0080282
0.0769505
0.0268955
0.0299409
0.0660851
-0.0174474
-0.0303064
-0.0487761
-0.0824890
0.0744967
-0.0143163
0.0694962
-0.0306395
0.0158330
0.0188862
0.0071854
-0.0137262
-0.0722101
-0.0362248
0.0671990
0.0592122
0.0095564
0.0266502
0.0698585
-0.0689769
0.0432462
0.0343507
0.0185463
0.0001735
0.0411049
-0.0193335
0.0413076
0.0664532
-0.0325268
-0.0357143
-0.0813093
-0.0206658
-0.0540057
-0.0393055
-0.1906665
-0.1298998
0.2440242
0.2514488
0.3006227
0.1172877
0.0389803
0.0188419
0.0208086
-0.0075969
0.0738645
-0.0507847
-0.0448846
-0.0374224
0.0629849
0.0185301
-0.0287139
-0.0261513
-0.0547168
-0.0429495
0.0601529
-0.0470994
-0.0337060
0.0301186
-0.0678000
-0.0393199
-0.0423917
0.0350999
0.0603423
0.0417785
0.0513639
-0.0318049
-0.0567202
0.0081696
-0.0355084
-0.0399426
-0.0356030
0.0439527
-0.0280061
-0.0023743
-0.0103666
0.0144077
-0.0749498
-0.0553148
-0.0474327
0.1010460
0.0096456
0.0855221
-0.1650160
-0.2585597
0.0007008
0.3181485
0.1722246
-0.0639789
-0.0948410
-0.1276214
-0.0417435
-0.0214482
0.0698206
-0.0129584
0.0363876
-0.0420305
0.0282265
-0.0442805
-0.0465953
0.0017417
-0.0610521
-0.0180226
0.0140701
