0.8101679
-0.0032661
-0.1153060
-0.0425164
-0.0178345
0.0351942
0.0228166
0.0438975
-0.0388483
0.0916831
-0.0443372
-0.0885272
-0.0282555
0.0342498
-0.0633660
0.0131247
0.0102387
0.0039221
-0.0954241
-0.0307503
0.0007967
-0.0445892
-0.0341894
0.0033074
-0.0556616
-0.0022124
0.0750821
-0.0249103
-0.0413721
-0.0170205
0.0182262
0.0682839
0.0075603
-0.0609529
0.0803621
-0.0990276
-0.0899185
0.1584433
-0.2012193
0.2365759
0.8744702
0.8572043
-0.2464344
-0.4909035
-0.4506413
-0.3506762
0.0149710
0.1109523
0.0856011
0.0359767
0.0221811
0.0897411
-0.0747855
-0.0162363
0.0764490
0.0217312
0.0763610
-0.0080955
0.0299799
-0.0289268
0.0762423
0.0767458
0.0874234
-0.0063485
-0.0507862
0.0824670
0.0103494
0.0117887
0.0557103
0.0667689
0.0280268
-0.0378136
0.0357962
0.0413425
0.0972249
0.0878416
-0.0035163
-0.0546075
0.0815835
0.0199985
-0.0114955
0.6548380
0.0185380
-0.0559142
0.0237915
0.0058456
-0.0773407
-0.0801965
0.0823392
-0.0401649
-0.0187677
0.0237203
-0.0894703
-0.0067955
-0.0193047
-0.0157211
0.0835420
-0.0952173
0.0346418
0.0871737
