-0.0261208
0.0206323
-0.0057753
-0.0271219
0.0199662
-0.0085624
-0.0508438
-0.0149356
0.0392390
0.0072990
0.0711837
0.0390367
0.0976595
0.0533125
-0.0324922
-0.1103139
-0.2155292
-0.1209701
0.1701324
0.0948787
0.0447271
-0.0664874
-0.0604008
-0.1473959
-0.0258682
-0.0084637
-0.0488986
0.0027263
-0.0050387
0.0048168
-0.0398137
0.0121070
0.0623490
-0.0189310
0.0327386
-0.0179750
0.0423691
0.0010586
0.0123240
-0.0537147
0.0542850
0.0412480
0.0433716
-0.0090516
-0.0250002
0.0422266
-0.0332236
-0.0005376
-0.0418442
-0.0327977
0.0302087
-0.0604652
0.0196853
-0.0228056
-0.0065208
-0.0341081
0.0556929
0.0594871
0.0626911
-0.0632061
-0.2258663
-0.2117074
-0.0973037
-0.0731933
-0.0814321
0.0509569
0.0529029
0.0728209
0.0479303
0.0305827
0.0441950
0.0166470
0.0470412
0.0565970
-0.0319869
-0.0267317
0.0306086
0.0425683
0.0247200
-0.0155227
-0.0625231
0.0240724
0.0602277
-0.0468565
-0.0527914
0.0378993
0.0214179
0.0255846
0.0244943
0.0365184
-0.0050236
0.0380809
-0.0270530
-0.0555170
-0.0135834
-0.0235505
0.0108949
0.0488984
0.0671779
0.0032874
-0.0047955
-0.0457476
-0.0655392
0.0382874
0.0171621
0.0886695
0.0523852
0.0180554
0.0194086
-0.0727077
-0.0032255
0.1505172
0.0894118
-0.0174800
-0.0647623
-0.0392926
0.0506422
0.0502374
-0.0385409
-0.0306561
-0.0445088
-0.0376077
0.0399068
0.0328312
-0.0107756
0.0530593
-0.0329982
-0.0120353
0.0058901
-0.0412989
0.0318317
-0.0571385
0.0174897
-0.0108256
0.0380248
-0.0220360
0.0165314
0.0433884
-0.0233108
0.0262413
0.0100900
0.0007997
0.0352124
0.0673725
0.0481647
-0.0348309
0.0304120
-0.0154383
0.0178340
0.0543220
0.0426396
0.0907879
0.0614807
0.0153458
-0.0627863
0.1933770
-0.0290142
-0.1407370
-0.0722005
0.0559945
0.0285781
0.0068108
-0.0488075
0.0236325
0.0238749
0.0259428
-0.0295504
-0.0370266
-0.0522407
0.0531647
-0.0158870
0.0029258
0.0038284
0.0103189
-0.0476960
0.0469783
-0.0008533
0.0363972
-0.0246367
-0.0156659
-0.0408216
0.0159567
-0.0503255
0.0386777
-0.0313334
-0.0299947
0.0542721
0.0003698
-0.0337146
-0.0431012
0.0570848
0.0416380
0.0337215
0.0073639
0.0126339
-0.0742651
-0.0679687
-0.0145334
0.0682123
0.0799571
