0.0699973
-0.0101800
-0.0343850
-0.0217055
-0.0571279
-0.0160536
-0.0235631
0.0136975
-0.0523689
0.0184188
0.0477707
0.0247833
-0.0057737
0.0560191
0.0307871
0.0601745
0.0196182
-0.0560084
-0.0050772
-0.0185303
-0.0573918
0.0716286
-0.0419249
0.0670807
-0.0466751
-0.0719213
0.0714839
-0.0353060
0.0013423
0.0496102
-0.0135189
-0.0391210
-0.0906791
-0.0087222
0.0008441
0.0054156
-0.2400434
0.1772977
0.1265009
-0.0021002
0.0321794
-0.0438983
-0.1335820
-0.0841712
-0.0504679
0.0377923
-0.0296638
-0.0675140
-0.0064421
0.0073758
0.0312509
0.0561501
-0.0284605
0.0547170
-0.0290178
0.0031008
0.0469201
-0.0413724
0.0611703
0.0164275
-0.0517286
0.0120227
0.0421237
0.0453372
-0.0655692
0.0189010
-0.0080240
-0.0597823
0.0508031
-0.0196766
-0.0006552
-0.0981154
-0.0798299
0.0552952
0.0278456
0.0822998
0.0346516
0.0038685
0.0821174
-0.0013935
0.0086188
-0.1993485
0.1047329
0.0708427
-0.1010854
-0.0420301
0.0974169
0.0198992
-0.0232735
0.0232443
0.0055068
-0.0545658
-0.0033363
-0.0520562
-0.0260341
-0.0177398
-0.0039398
-0.0489371
0.0440099
0.0558457
-0.0283180
0.0382484
0.0245271
-0.0646210
-0.0159641
-0.0005022
0.0477321
0.0031262
-0.0566964
0.0100079
0.0670878
-0.0504809
0.0125685
0.0130013
0.0494299
0.0543335
0.0063488
0.0762458
0.0371464
-0.0052439
-0.0269679
0.0010047
0.0877804
0.0242841
0.1088665
-0.1823580
0.0801522
0.2835189
0.3808118
0.0815977
-0.0685191
-0.0287270
0.0067258
-0.0372967
-0.0520121
-0.0362464
0.0126187
0.0430429
-0.0314730
0.0692681
0.0064772
-0.0390005
-0.0333348
0.0512495
0.0193689
-0.0116808
0.0399082
0.0032271
-0.0161220
-0.0099967
0.0132051
0.0493035
0.0066059
0.0153269
0.0298338
-0.0159429
0.0005064
0.0281203
0.0418266
-0.0320776
0.0054294
0.0750468
0.0476412
0.0259853
0.0003135
0.1137204
0.0932571
0.0900959
-0.0515405
0.0283939
-0.2888061
-0.2784658
-0.2098800
0.2645073
0.0657890
-0.0837091
-0.0868487
-0.0809007
-0.0115668
0.0529080
0.0473888
0.0289069
0.0022485
-0.0871853
0.0200638
-0.0374220
-0.0569942
-0.0530185
0.0451916
0.0399495
0.0075734
-0.0048634
-0.0733658
0.0417637
-0.0559699
-0.0500909
0.0492670
-0.0486245
-0.0480874
-0.0052458
