-0.0233455
0.0065966
0.0082326
0.0452125
0.0377108
0.0152201
0.0652666
0.0370981
0.0201631
-0.0218336
-0.0671516
-0.0621207
0.0076993
-0.0412144
0.0412392
0.0857921
0.0990009
0.0053621
-0.0814371
-0.2345414
-0.2511245
-0.0222348
0.2974539
0.3218278
0.0556144
-0.0842725
0.0872369
0.0538475
0.0508801
0.0159021
0.0641644
-0.0261451
-0.0511053
-0.0332451
-0.0354668
0.0304722
0.0525749
-0.0376449
0.0259231
-0.0162920
-0.0381420
-0.0158431
-0.0112129
-0.0011852
0.0288445
-0.0068661
-0.0556680
-0.0400212
0.0050775
0.0481462
-0.0253585
0.0352949
-0.0158001
0.0023293
0.0242593
0.0500237
0.0133702
-0.0063077
0.0108542
0.0334287
0.1162507
0.0240036
0.0314625
0.2964915
0.2342024
-0.1068026
-0.0383122
-0.0824476
-0.0073224
-0.0046200
0.0417443
-0.0587963
-0.0082293
0.0139864
0.0165887
-0.0234895
0.0126196
0.0037221
0.0317746
-0.0148140
-0.0487866
-0.0151660
0.0407630
-0.0569581
0.0098415
-0.0550488
-0.0409057
0.0098183
0.0288107
-0.0502407
-0.0136231
0.0393745
0.0595095
0.0608818
-0.0042247
-0.0343605
0.0421892
0.0289934
-0.0659371
0.0353498
0.0089009
0.0607276
0.0224854
0.0584503
-0.0035737
-0.0183093
0.0088739
0.0282071
0.0420001
0.0992813
0.0353369
0.0285562
-0.2805726
-0.0576302
0.2180895
0.1562848
-0.1588057
-0.0265934
0.0272754
-0.0179635
0.0284099
0.0085737
-0.0405151
0.0642561
0.0637223
0.0366707
0.0361761
-0.0340698
-0.0148273
-0.0384502
-0.0423011
-0.0273692
-0.0119726
-0.0211799
-0.0554930
0.0380998
-0.0272570
-0.0354601
-0.0178841
0.0440796
-0.0498537
0.0378600
0.0039508
0.0203211
0.0241373
-0.0155861
0.0587777
0.0449500
-0.0060358
0.0205484
0.0241861
-0.0390065
0.0228466
0.0424618
0.0535553
-0.0066729
0.1477976
0.1282379
0.1721177
-0.1211511
0.0421609
-0.0166813
-0.0341477
-0.0079955
-0.0340071
-0.0305606
-0.0010248
0.0057054
-0.0475921
-0.0504983
-0.0122423
0.0508358
-0.0255816
-0.0383066
0.0010953
-0.0466015
-0.0559790
-0.0544134
0.0333828
0.0176556
0.0438465
-0.0017263
0.0017881
0.0367947
0.0198566
0.0432277
0.0485802
-0.0538260
0.0491255
0.0067349
-0.0030814
0.0152415
-0.0315403
0.0063293
0.0265454
0.0469824
0.0266338
0.0352591
-0.0626679
-0.0235807
