0.0029161
-0.0300949
-0.0143501
0.0170701
-0.0561101
0.0004564
0.0023170
0.0195862
-0.0006967
-0.0490112
0.0295937
-0.0020431
-0.0520047
0.0475523
0.0049796
-0.0230879
-0.0501031
0.0344337
0.0054302
0.0174509
0.0490715
0.0179903
-0.0140307
0.0646553
-0.0426011
0.0032148
-0.0323557
0.0025040
0.0851829
0.0136378
0.0177807
0.0447846
-0.2257040
0.0035002
0.1418995
-0.1259529
-0.0250621
0.0282722
0.0283622
0.0506031
0.0317800
-0.0382023
0.0508242
-0.0634544
0.0068358
0.0470131
-0.0418211
-0.0547030
-0.0123248
-0.0592859
0.0191452
-0.0322277
0.0127099
-0.0366010
-0.0341803
0.0314137
0.0553130
0.0435383
0.0475361
-0.0202260
0.0507445
-0.0088250
-0.0037576
-0.0396384
0.0389696
0.0097072
-0.0452605
-0.0204361
-0.0443433
0.0656547
0.0198931
-0.0426552
-0.1015741
-0.1863663
-0.1605203
0.0323264
0.2115161
0.0527020
-0.0230528
-0.1157906
-0.1109152
-0.1281555
-0.0189668
0.1008139
-0.0284756
0.0307084
0.0206118
-0.0531414
-0.0374582
0.0213969
-0.0422329
-0.0173743
-0.0553985
-0.0458156
-0.0136667
-0.0347786
-0.0184457
-0.0267384
0.0499827
-0.0238345
-0.0083193
-0.0517922
0.0092334
0.0301464
0.0377745
-0.0360700
-0.0553345
0.0291111
-0.0479124
0.0135526
-0.0299342
-0.0577546
-0.0348179
0.0002494
0.0454174
-0.0123366
0.0455622
-0.0857425
-0.0468872
-0.0030001
0.0709468
0.0114746
-0.0205193
0.1274254
0.1907494
-0.1411755
-0.0396444
0.0522429
0.0342178
0.0722867
0.0405753
0.0391190
0.0581583
0.0129030
0.0039490
-0.0069795
-0.0303824
0.0098922
0.0009393
-0.0232966
-0.0335113
0.0490802
-0.0404269
-0.0161904
0.0073720
0.0254015
0.0274320
0.0561718
-0.0287596
-0.0523931
0.0396749
-0.0302398
0.0284638
0.0236379
-0.0048973
-0.0360747
-0.0401023
-0.0341169
0.0472858
0.0498556
-0.0718734
-0.0247600
0.0534942
-0.0532062
-0.1802219
-0.0925137
0.1296896
0.1436698
0.0359858
0.0258325
-0.1087018
-0.1304920
-0.1154242
0.0487256
0.0221708
0.0963372
0.0485094
0.0286148
-0.0444663
-0.0320818
0.0178363
-0.0023740
0.0668324
-0.0368569
0.0445292
0.0089402
0.0139729
0.0397884
-0.0585116
0.0066475
-0.0464008
-0.0272396
-0.0527325
0.0169591
0.0419101
0.0268858
0.0025784
-0.0532392
0.0584967
0.0313379
