0.0439082
0.0603957
0.0287110
0.0079984
-0.0427528
0.0122218
-0.0026940
-0.0590341
0.0533014
-0.0213611
-0.0487258
-0.0184503
-0.2812641
-0.1160974
0.0635421
0.3773811
-0.2667372
-0.3742081
0.2533934
0.0462148
0.0320388
0.0550865
-0.0665505
-0.0206413
-0.0161217
-0.0156872
-0.0130682
0.0233035
-0.0601847
-0.0034148
0.0021042
-0.0420750
0.0089921
0.0238800
-0.0386361
0.0081173
0.0258391
0.0407380
-0.0252342
0.0089081
0.0397619
0.0664911
0.0637043
0.0360741
0.0086824
0.0367972
-0.0071725
0.0442364
0.0534961
-0.0393301
0.0239582
-0.0245963
0.0297835
-0.0487221
-0.0026922
-0.0369120
0.0018197
0.0144035
0.0716219
0.1274143
-0.0403214
-0.0935774
-0.1676401
0.1387527
-0.0786146
-0.1026710
-0.0316665
-0.0113631
-0.0120091
0.0230609
0.0352555
-0.0096745
-0.0066499
0.0410353
-0.0050655
0.0519815
-0.0391244
-0.0052339
0.0284320
0.0609543
-0.0662708
-0.0425194
0.0460906
-0.0319427
0.0380357
0.0349847
0.0139586
0.0159757
0.0637436
-0.0132906
-0.0662801
0.0432628
-0.0114868
0.0298607
0.0521385
0.0161056
-0.0501036
0.0265160
-0.0391746
0.0092255
-0.0479949
-0.0280726
0.0528339
0.0465052
-0.0841833
-0.0238259
-0.0059148
0.0586502
0.1059580
0.0778798
-0.0113532
-0.0483855
-0.0449995
0.1215693
0.1436896
-0.0562942
-0.0469614
0.0988444
0.0251342
0.0667984
-0.0003383
0.0560169
0.0297647
0.0394302
0.0508912
0.0171534
-0.0341702
0.0045560
-0.0120090
0.0504906
0.0039147
0.0573631
-0.0588139
-0.0558905
-0.0543027
-0.0136847
-0.0695748
0.0540955
0.0077660
0.0214968
-0.0346080
0.0180165
0.0454084
-0.0676956
-0.0515960
-0.0278952
-0.0158584
0.0360076
0.0010990
-0.0097994
-0.0347003
0.0087086
0.0723496
0.1279952
0.0452070
-0.1651734
0.2632792
0.1249115
0.0835903
-0.2613994
0.4890398
0.0527061
-0.1486486
0.0148477
0.0517300
-0.0053588
0.0313202
-0.0201276
-0.0255581
-0.0769611
0.0090433
0.0749963
0.0686352
0.0115521
-0.0182301
-0.0518446
0.0132863
0.0189430
0.0323909
0.0638595
0.0659690
-0.0632967
0.0512429
0.0577093
-0.0077812
-0.0310857
-0.0428487
-0.0280533
0.0061339
-0.0256767
0.0270682
-0.0064300
0.0040371
-0.0268781
0.0501942
-0.0079759
-0.0875265
0.0053246
-0.0858487
0.0014254
