1.0600435
-0.0167609
0.0235468
-0.0024950
-0.0199050
0.0331958
0.0505832
0.0462219
-0.0034837
-0.0507780
-0.0618044
0.0279644
-0.0415070
0.0485707
-0.0314993
0.0318915
-0.0333122
0.0690726
-0.0238286
-0.0470788
-0.0584503
0.0270714
0.0673208
-0.1002221
-0.0902458
-0.0210579
-0.0209104
0.0367112
0.0307230
-0.0002519
0.0074604
0.0266570
0.0290195
0.0371263
0.0042463
0.1515031
-0.0857443
0.1120358
-0.0044395
-0.4723435
-0.3605458
0.1144886
0.9499738
0.4692189
-0.2137411
-0.5527789
-0.3461962
0.0228146
0.0825047
-0.0596870
0.0556952
0.0062472
0.0445803
0.0881414
0.0198951
-0.0436266
0.0640198
-0.0193114
0.0197782
0.0262134
-0.0993200
0.0728370
-0.0215706
0.0502846
0.0430691
0.1168162
-0.0897623
0.0978143
-0.0258014
0.0827743
0.0482872
0.0671455
-0.0387027
0.0403611
-0.0409322
-0.0518039
-0.0149596
-0.1155738
0.0454529
-0.0137243
-0.0368073
0.9525504
-0.0518169
-0.0371208
-0.0539729
-0.0015087
-0.0184314
-0.0281545
0.0960894
0.0055490
0.0899896
-0.0051529
0.0598634
0.0752580
0.0873327
-0.0047717
-0.0529691
-0.0043399
-0.0293026
0.0012884
