0.0622687
-0.0064367
-0.0052363
-0.0243411
0.0637481
-0.0163268
0.0316700
0.0449474
-0.0584592
0.0552768
-0.0523006
-0.0013041
0.0634532
0.0247862
-0.0165260
0.0518622
0.0691796
0.0380118
0.0277223
-0.0049758
0.0379335
0.0434786
-0.0407279
-0.0204628
0.0351211
-0.0183918
-0.0643413
-0.0791914
-0.0404061
-0.0517911
-0.0569593
0.0311435
0.0280960
0.0539981
-0.0370352
-0.0424772
0.0413954
0.0491198
0.0023571
0.0563634
-0.0334312
-0.0262357
-0.2010809
-0.2318317
-0.1183373
0.0972767
0.0187003
0.0341997
0.0843562
0.0265819
0.0551770
-0.0500348
-0.0689741
-0.0756319
-0.0197958
-0.0628058
0.0357492
0.0715082
0.0709940
-0.0355533
-0.0085361
0.0315513
0.0138673
0.0077334
0.0362415
-0.0515128
0.0539725
0.0719164
-0.0740281
0.0010098
-0.0275287
-0.0320947
0.0883715
0.0403255
0.0451235
-0.0613532
0.0389673
-0.0410866
-0.0685131
0.0272683
0.0027531
0.0487151
0.0305920
-0.0247288
-0.2221685
-0.3179192
0.3192224
0.0373275
-0.0834696
-0.0449416
0.0000677
0.0360480
0.0115636
-0.0438324
0.0141423
-0.0142641
0.0164822
-0.0471967
-0.0549068
0.0157486
0.0104617
-0.0092664
0.0513990
-0.0156884
-0.0497494
0.0634506
0.0220098
0.0073890
0.0017307
-0.0052592
0.0654194
0.0157496
0.0090379
0.0038499
0.0279003
-0.0652909
-0.0171346
0.0055652
-0.0182780
0.0223224
0.0535487
0.0311176
0.0198097
-0.0148325
-0.0700600
-0.0534397
0.1222019
0.1057492
0.0241377
0.0958174
-0.0397686
-0.0766961
-0.0921185
-0.0019061
-0.0742757
0.0107473
-0.0162550
-0.0565872
-0.0793071
0.0308923
-0.0691032
-0.0598149
0.0011419
0.0815492
0.0666521
0.0618563
-0.0555235
0.0280745
0.0638429
-0.0033512
-0.0119378
0.0252148
-0.0102002
-0.0713353
-0.0442630
0.0166748
-0.0684877
-0.0034959
0.0318799
-0.0507759
0.0630590
-0.0429658
0.0126710
-0.0217685
-0.0023821
-0.0200414
-0.0424867
-0.0211951
-0.0951186
0.0042758
0.0281746
-0.0116480
0.0911710
0.1153902
0.0350607
0.0232289
-0.1232612
0.0555325
0.1752360
0.0570970
-0.1340786
-0.1398514
-0.0251121
-0.0252796
-0.0608232
0.0636063
-0.0314874
-0.0276125
0.0308435
0.0133322
-0.0008153
0.0425246
0.0347820
-0.0269981
-0.0030901
0.0039657
0.0410630
-0.0357225
0.0077397
0.0154562
