0.9651788
-0.1136476
0.0223851
0.0949789
0.0255166
-0.0479114
-0.0383285
-0.0194473
-0.0981171
-0.1095247
-0.0961939
-0.0722313
-0.0250213
-0.0592954
-0.0195543
0.0473486
0.0250082
0.0190050
-0.0586148
0.0423592
-0.0007560
-0.0019934
-0.0716521
-0.0458639
0.0475129
0.0736090
-0.0996005
0.0671385
-0.0679677
-0.0617527
0.0736792
-0.0530713
0.0852262
-0.0175362
-0.0617205
-0.0391053
-0.1332636
0.1345819
-0.5032722
1.0659014
0.8461991
0.1741272
-0.6841507
-0.3003044
-0.1596172
-0.0790549
0.0281212
0.1844385
-0.0489874
0.0733591
0.0798529
-0.0411403
0.0606259
0.0185067
-0.0332482
-0.0225720
-0.0608411
0.0064672
-0.0698056
0.0041440
-0.0042506
0.0207543
0.0665261
-0.0802385
0.0438173
-0.0494494
-0.0745079
0.0420229
0.0149579
-0.0436595
-0.0791579
0.0000444
0.0453149
-0.0239150
0.0267177
-0.0948347
-0.0498747
0.0375972
0.0610330
-0.0090694
-0.0192168
-0.2468308
0.0564508
-0.0128619
0.0836087
-0.0261072
0.0346125
0.0236864
-0.0522679
-0.0851996
0.1295590
0.0449812
0.0598985
0.0084569
-0.0563173
-0.0029048
0.0603016
-0.0081990
-0.0743199
0.0474427
