-0.0534467
-0.0582999
-0.0585777
-0.0058561
0.0950788
-0.0032133
-0.0085948
-0.0267079
-0.0759232
0.0043831
-0.0281306
0.0724297
-0.0004812
0.0011043
-0.0376052
-0.0099862
0.0286000
-0.0241645
0.0236485
-0.0404642
-0.0043637
0.0024702
0.0113039
0.0435793
-0.0625030
-0.0701889
0.0308106
-0.0079740
0.0493998
0.0138563
0.0141168
0.0170986
0.0299270
-0.0002958
-0.0217889
0.0712816
0.0556978
0.0490767
-0.0667911
-0.0400371
-0.0738242
0.0234613
-0.0505284
0.0451538
-0.0588383
0.0939551
-0.1633571
0.2340983
0.1231426
0.0501944
-0.0340985
-0.0598369
-0.0081086
-0.0326150
0.0212741
-0.0743473
0.0407434
-0.0050287
0.0251665
0.0385767
-0.0306237
-0.0598437
-0.0739447
0.0536399
-0.0119547
0.0107173
0.0474583
0.0328948
-0.0542849
0.0502248
0.0058103
0.0687273
-0.0031415
0.0597268
-0.0581023
-0.0128526
0.0465090
-0.0545825
0.0303378
0.0524898
0.0727560
-0.0324339
0.0616666
0.0450020
0.0293628
-0.0687173
0.0844194
0.0936990
-0.0241976
-0.0876736
0.2563033
0.1193274
-0.1745732
-0.0999886
-0.0648444
0.0539662
0.0210011
0.0402743
-0.0322803
0.0347878
-0.0248396
-0.0734932
-0.0176673
0.0615763
-0.0187590
-0.0002021
0.0586637
-0.0072301
0.0642064
-0.0165929
-0.0540753
-0.0012561
-0.0363557
-0.0573742
-0.0670258
-0.0244383
0.0315871
0.0599115
-0.0255093
0.0608494
-0.0489974
0.0447649
-0.0215784
-0.0467043
-0.0121919
0.0814740
0.0825980
0.0374241
0.0468869
0.0456547
-0.0409736
0.0753011
-0.0452800
-0.2731873
-0.2844077
-0.0660814
0.0831334
-0.0542353
-0.1220792
-0.0780406
0.0051813
0.0134729
-0.0143305
0.0677246
0.0364346
-0.0879321
0.0206388
-0.0019053
-0.0239706
-0.0035310
0.0091023
-0.0591543
-0.0677158
-0.0744782
-0.0290159
-0.0278477
-0.0525814
-0.0034468
0.0230401
-0.0022882
0.0149667
0.0121447
0.0182975
0.0494038
-0.0173997
-0.0505797
-0.0532726
0.0595026
0.0775904
-0.0086843
0.0099795
0.0136566
0.0583985
-0.0593934
-0.0860319
-0.0147106
0.0633418
0.0712027
0.0184872
0.0652920
-0.1758358
-0.2517329
-0.1060837
0.2636197
0.2688412
-0.0203487
-0.0248418
-0.0456530
-0.0743022
-0.1047576
0.0894097
0.0944899
-0.0607716
-0.0316864
0.0127914
0.0756180
0.0588265
-0.0180845
0.0658145
0.0636968
