-0.0158221
-0.1378146
0.0506551
0.1174068
-0.0041514
-0.1363779
0.0465468
-0.0220942
0.0181626
0.0467573
-0.0503603
-0.0580290
0.0375775
0.0404371
0.0282958
-0.0299179
0.0324730
0.0319395
0.0256256
-0.0494180
-0.0323463
0.0209198
-0.0539092
0.0175173
-0.0429063
0.0449932
0.0565214
0.0340650
-0.0440507
0.0462260
-0.0488147
-0.0221049
-0.0035959
0.0424071
-0.0362940
0.0460541
0.0162707
-0.0149016
0.0114594
0.0366629
0.0286563
-0.0063780
-0.0255376
-0.0146575
0.0048519
-0.0179112
0.1163934
0.0126236
-0.2184039
-0.1935932
-0.1537613
-0.0428107
0.2402569
-0.0457800
-0.0527518
0.0654434
-0.0066727
0.0148421
0.0392634
-0.0269978
0.0223358
0.0287171
0.0054195
-0.0602981
-0.0428183
-0.0309004
-0.0124112
-0.0065075
0.0406076
0.0190163
-0.0507101
-0.0382061
-0.0293466
-0.0278796
0.0431418
-0.0461551
-0.0067725
-0.0397874
-0.0357205
0.0003329
0.0230048
-0.0385156
-0.0066407
0.0739453
0.0238094
-0.0332915
-0.0179997
-0.0536357
0.0070038
0.0427913
-0.0455998
-0.2190061
0.2176193
0.1989690
-0.0157194
-0.0348777
-0.1505614
-0.0604456
0.0250997
0.0580752
0.0952782
0.0193078
0.0435849
-0.0133504
-0.0005682
-0.0604845
-0.0418508
-0.0362986
-0.0048322
-0.0229220
0.0357099
-0.0281560
-0.0468307
0.0109722
0.0438418
0.0184343
-0.0068972
-0.0062646
0.0460406
0.0393585
0.0222683
0.0367084
-0.0145861
0.0569731
0.0127062
-0.0420234
0.0231632
0.0376749
0.0086051
0.0409448
0.0447793
0.0817723
0.0406072
0.0032867
0.0482622
0.0130566
-0.0622675
0.1238466
0.0124124
-0.0311624
-0.0268073
-0.1159238
0.0044234
-0.0100613
0.0514472
-0.0323285
-0.0310840
-0.0429900
-0.0614603
0.0346828
0.0557954
-0.0328932
0.0581097
0.0305171
0.0523528
-0.0308545
0.0602557
-0.0131251
0.0499216
-0.0094638
0.0535348
0.0081808
0.0213657
0.0065875
0.0602285
-0.0196415
-0.0123849
-0.0402133
-0.0176912
-0.0031974
-0.0420915
0.0312413
0.0023083
0.0684536
-0.0256155
-0.0371082
-0.0816657
0.0129736
0.0230712
0.0835354
0.0483102
0.1057343
0.0457898
-0.1135208
-0.2668183
0.0619555
0.3118605
0.2333554
0.0551814
-0.0319040
-0.0697675
0.0473111
0.0548396
0.0041615
-0.0219867
-0.0298155
-0.0604065
0.0222956
-0.0338506
0.0584796
