-0.0142314
0.0180742
-0.0233712
-0.0636243
0.0565137
-0.0332512
-0.0243351
-0.0534004
-0.0462318
0.0021452
-0.0268196
-0.0147497
0.0124916
-0.0162343
0.0367782
0.0311292
-0.0402413
-0.0195585
0.0484965
0.0370628
-0.0260221
-0.0329352
-0.0312977
-0.0260279
0.0302630
-0.0161085
0.0040415
0.0340826
-0.0330377
0.0076531
-0.0071964
0.0414202
-0.0113701
-0.0268904
-0.0455283
-0.0024628
-0.0459118
0.0719273
0.0099367
0.0031720
-0.0108478
0.0822811
-0.0754005
-0.1385766
-0.1596779
0.1374586
-0.0453060
0.0038227
-0.0150065
0.0134845
-0.0062640
-0.0020510
-0.0182855
-0.0165931
0.0301245
0.0165268
-0.0563320
0.0499800
0.0516767
0.0343116
0.0132553
0.0138544
0.0357233
0.0490587
0.0300296
0.0576632
-0.0415780
0.0422523
-0.0402803
-0.0087958
-0.0447411
-0.0518257
-0.0150145
0.0710556
0.0459887
0.0116574
0.0028287
0.0289697
-0.0275748
-0.0746881
-0.0451180
-0.0374126
-0.0107086
0.0266619
-0.0372304
-0.1129747
0.0411110
0.1964688
-0.0582158
-0.0879333
0.0028787
0.0403984
0.0493660
0.0080437
-0.0262905
-0.0314669
-0.0257944
-0.0055437
-0.0180499
-0.0502579
-0.0020084
0.0488190
0.0501190
-0.0048408
0.0257160
0.0476145
0.0071535
0.0371776
-0.0256239
0.0573744
-0.0280085
0.0004129
-0.0076925
-0.0389397
-0.0292576
0.0058415
-0.0153345
-0.0240027
0.0505309
0.0411147
-0.0432614
-0.0327969
-0.0158801
-0.0140642
-0.0184956
0.0009484
-0.0089976
0.0160666
0.0783505
-0.0049893
0.0714714
-0.1011181
-0.1514952
-0.0760003
-0.0442926
-0.0352410
0.0612953
0.0173754
-0.0465376
-0.0385810
-0.0089685
-0.0584478
0.0496091
-0.0196548
0.0280305
-0.0331486
0.0307621
0.0295598
-0.0493720
0.0173784
-0.0070641
0.0378083
-0.0387434
0.0420747
0.0261941
-0.0261936
-0.0204670
0.0245530
0.0390277
0.0199520
-0.0064261
-0.0092561
0.0186323
0.0228106
0.0065769
-0.0732646
0.0088703
0.0241540
-0.0650747
0.0234320
-0.0066370
0.0972305
0.0652151
0.0048622
-0.0549010
-0.1811152
0.0961743
0.2638703
0.0692593
-0.1225145
-0.1114310
-0.1231067
-0.0429675
-0.0102253
0.0090463
-0.0191480
0.0634881
0.0226311
-0.0489411
0.0282525
0.0215894
-0.0098133
0.0316602
0.0349302
0.0437001
-0.0431779
-0.0198547
-0.0265978
0.0491123
0.0093493
