0.0273130
0.0361204
0.0110573
0.0089969
-0.0470802
0.0552163
0.0403043
0.0082432
0.0265529
-0.2104313
0.2177551
0.0726618
-0.0151597
-0.0957808
-0.0650887
-0.0238422
-0.0095676
-0.0070469
0.0897045
0.0372636
-0.0389059
0.0447024
-0.0217703
-0.0492467
-0.0770684
0.0412311
0.0536749
0.0449079
-0.0063680
0.0302705
-0.0068495
-0.0126523
-0.0455386
0.0401613
0.0378515
0.0477883
0.0516635
-0.0451589
-0.0454971
0.0269954
0.0468949
0.0450073
0.0452863
0.0029032
0.0157294
0.0320498
-0.0631851
-0.0519484
-0.0414756
0.0192748
-0.0399913
0.0503918
0.0003342
-0.0413130
0.0099862
0.0722007
-0.1365399
-0.0687747
0.1254199
-0.0555900
-0.0734837
-0.1123389
-0.0933007
-0.0367567
-0.0353643
-0.0227219
0.0110035
-0.0521567
0.0631319
0.0058839
-0.0292955
-0.0592552
0.0329201
-0.0575280
-0.0127383
0.0174078
-0.0065526
0.0567318
-0.0095383
0.0220144
-0.0384424
0.0190956
-0.0472519
0.0368498
-0.0228085
-0.0526937
-0.0258598
-0.0519341
0.0086796
-0.0429142
-0.0343215
0.0398999
-0.0551599
-0.0308986
-0.0366058
-0.0587946
-0.0632700
0.0063443
-0.0099222
0.0195971
0.0773453
-0.0295803
-0.0817105
-0.1491213
-0.0678386
0.2368300
0.1038946
-0.0903562
-0.1126072
-0.0855679
0.0401595
0.0568670
0.0435213
0.0126168
0.0201397
-0.0335601
-0.0336757
0.0538890
0.0462149
0.0247903
0.0025673
-0.0380588
0.0442517
-0.0519898
0.0210114
-0.0577366
0.0106495
-0.0079098
-0.0125118
0.0054872
-0.0552569
-0.0256947
-0.0431867
0.0103208
0.0362901
0.0305769
-0.0589923
-0.0415161
-0.0251697
0.0057213
-0.0756800
-0.0227281
0.0274331
-0.0088505
0.0599359
0.0807453
0.0475739
-0.2162145
-0.1401505
0.2490726
0.2238659
0.0537280
-0.0032443
-0.1392017
-0.0556324
0.0321049
-0.0496113
-0.0525519
-0.0016910
-0.0010180
0.0582632
0.0037999
-0.0224159
-0.0521296
-0.0356058
-0.0445944
0.0576524
-0.0131722
-0.0264298
0.0280973
0.0573247
-0.0470178
-0.0137539
-0.0152851
-0.0531666
0.0089505
-0.0086644
-0.0256463
0.0293619
0.0200323
-0.0456379
-0.0194404
-0.0547284
-0.0272077
-0.0264457
0.0609726
-0.0008907
-0.0378538
0.0016548
-0.0249706
-0.0005958
-0.0522013
0.1023985
0.0249960
0.1170879
-0.2015573
-0.2045531
0.3501079
0.2900234
0.1588803
