-0.0327708
-0.0726398
-0.0212685
0.0200469
0.0600394
0.0586470
-0.0532917
-0.1259824
-0.2305787
-0.0368671
0.0457724
-0.1238444
-0.1148940
-0.0809373
-0.0041064
0.0210640
0.0960914
0.0074407
0.0488399
-0.0360801
-0.0441993
-0.0690188
-0.0342968
-0.0361184
-0.0555890
0.0578845
0.0477375
-0.0322709
0.0211012
0.0489911
-0.0519987
0.0265151
0.0491063
0.0263884
0.0146722
-0.0346684
-0.0309665
0.0379851
0.0439432
0.0543197
0.0193819
-0.0416616
-0.0094905
-0.0091442
0.0466352
-0.0152131
0.0417701
-0.0085624
-0.0029457
-0.0411786
-0.0508438
0.0176071
-0.0713907
-0.0721131
0.0409043
0.0168736
0.1758420
0.0447271
-0.1473959
-0.0363392
-0.0185920
-0.0098030
-0.0084637
0.0048168
0.0121070
0.0149341
0.0623490
-0.0189310
0.0237071
-0.0503083
0.0520925
0.0063741
0.0078754
-0.0199907
0.0123240
0.0542850
0.0433716
-0.0090516
-0.0250002
-0.0469245
-0.0500399
0.0278643
-0.0102893
-0.0062798
-0.0138296
0.0177159
-0.0327977
-0.0585437
-0.0623602
-0.0197690
0.0041585
0.0281238
0.0317404
0.0256852
0.0055452
-0.0064557
0.0556929
0.0484164
0.1055442
0.1074327
-0.0122495
-0.2117074
-0.0973037
0.2078090
0.1846476
-0.0671264
-0.0731933
-0.0814321
-0.0229351
-0.0156455
0.0732849
0.0728209
0.0479303
0.0080026
0.0201467
0.0219377
0.0565970
0.0374896
-0.0334882
-0.0155227
0.0245495
0.0537899
-0.0142404
0.0296078
0.0378993
-0.0405926
-0.0300598
0.0244943
0.0290037
-0.0457005
-0.0149765
-0.0135834
-0.0544674
0.0108949
-0.0370278
-0.0028743
0.0488984
-0.0753239
-0.0457476
-0.0655392
0.0382874
0.0171621
0.0886695
0.0523852
-0.0008746
-0.2515208
-0.0675072
0.1505172
0.1300521
-0.0303983
-0.0174800
-0.0647623
-0.0392926
-0.0551841
0.0421457
-0.0002032
-0.0306561
-0.0445088
0.0385050
0.0462993
-0.0068002
-0.0107756
-0.0012933
0.0177880
-0.0412989
0.0278509
-0.0227859
-0.0089594
0.0301970
0.0317971
-0.0333213
0.0352088
0.0465395
-0.0544791
0.0380248
-0.0220360
-0.0458669
-0.0170070
0.0466554
0.0262413
0.0100900
0.0007997
0.0477873
-0.0211269
0.0673725
0.0481647
0.0106384
-0.0348309
0.0248417
0.0304120
0.0267938
0.0426396
0.0614807
-0.0250268
0.0153458
0.1933770
0.1931407
0.0269366
-0.0063978
-0.0290142
