0.0358929
0.0430429
-0.0314730
0.0064772
-0.0333348
0.0512495
0.0608661
-0.0116808
-0.0011778
0.0521204
-0.0198600
0.0132051
0.0493035
0.0089302
0.0066059
0.0153269
-0.0322393
0.0013428
-0.0159429
-0.0375985
-0.0479625
-0.0093496
0.0005064
-0.0639556
0.0418266
-0.0320776
0.0264324
0.0054294
0.0750468
-0.0330365
0.0853578
0.0476412
0.0135778
0.0174005
0.0259853
0.0832142
-0.0515405
-0.2888061
0.0099412
0.2936627
0.2645073
0.3133515
-0.0837091
-0.0784639
-0.1096639
-0.0468834
-0.0299443
0.0200638
0.0094692
-0.0374220
0.0539973
-0.0569942
0.0399495
0.0218359
-0.0065927
0.0417637
0.0492670
-0.0402980
0.0103283
0.0301359
-0.0620961
0.0555595
0.0378571
0.0630486
-0.0573887
-0.0611716
-0.0343205
-0.0640666
-0.0148750
0.0198904
0.0245097
0.0425247
-0.0735204
-0.0968196
0.0220295
-0.0288717
0.0331797
0.0295709
0.0263347
0.0802795
0.0657397
0.0714889
-0.1987285
0.1995053
0.0490764
-0.0055536
-0.0539562
0.0238341
-0.0163128
0.0082081
-0.0697971
-0.0625876
0.0662914
-0.0203250
-0.0270456
-0.0244635
0.0446649
-0.0579614
0.0561556
0.0508770
-0.0425282
0.0728117
-0.0292353
0.0124787
-0.0263380
-0.0279777
0.0611368
0.0057032
-0.0084647
-0.0473835
0.0046052
0.0498438
0.0181047
-0.0092953
0.0557173
0.0350657
0.0610107
-0.0362791
0.0396787
-0.0034139
0.0254516
-0.0513990
0.0059395
0.0434054
0.0852119
0.0324123
-0.1897037
-0.1825608
-0.1604550
0.1598357
0.2229576
0.0229125
0.0720889
0.0972728
0.0324610
-0.0300059
-0.0167129
0.0422361
0.0021179
0.0604392
-0.0381755
0.0272522
0.0211039
0.0399867
0.0298354
-0.0510792
0.0070967
0.0103264
0.0287811
0.0679431
0.0561048
0.0537106
-0.0709257
0.0125606
-0.0485691
0.0557592
0.0677480
0.0270461
-0.0170314
0.0366944
0.0092218
0.0729760
0.0737764
0.0170996
0.0467063
0.0798242
0.0999213
0.0915696
0.0241590
0.0719238
-0.0096910
-0.1748050
-0.2514577
0.0955893
0.3144032
0.2306065
-0.1230618
-0.1141775
-0.0931512
0.0815849
0.0605717
0.0067336
0.0691101
-0.0586437
0.0308126
0.0180238
0.0281959
-0.0142687
0.0326182
0.0096240
-0.0397451
0.0327449
-0.0414152
0.0585852
0.0096737
0.0749753
0.0082931
0.0279263
0.0218272
0.0379031
