-0.0180698
-0.0137534
-0.0199538
-0.0481456
0.0319405
0.0222420
-0.0586392
-0.0049074
0.0209921
-0.0151074
0.0184399
0.0111901
-0.0258801
0.0462685
0.0078501
0.0432310
-0.0090163
-0.0292821
0.0271247
-0.0228610
-0.0457887
-0.0346665
-0.0115486
-0.0259856
-0.0263423
0.0527280
0.0444538
0.0129353
0.0244407
0.0486889
0.0253910
0.0145212
0.0462252
0.0239368
-0.0690704
0.0456641
0.0361623
0.0411656
-0.0576177
-0.1592721
-0.3038722
-0.1672596
0.2301181
0.3581991
0.2526270
-0.0962963
0.1052837
0.0153585
-0.0009504
-0.0093494
-0.0121173
0.0250408
0.0367305
0.0653999
-0.0136641
-0.0649391
-0.0005564
-0.0537213
0.0044575
-0.0239048
0.0071100
-0.0070687
-0.0088353
0.0363694
-0.0040472
-0.0475892
-0.0274223
-0.0292078
-0.0626173
-0.0453350
0.0601375
-0.0046139
-0.0365298
-0.0075076
-0.0479555
-0.0316595
0.0063266
0.0077146
-0.0094277
0.0752507
0.0583740
0.0320941
0.0919931
-0.1989833
0.2040350
0.2945026
-0.0059929
-0.1371530
-0.0323975
0.0659964
0.0003638
-0.0443595
-0.0740466
-0.0582926
0.0317352
0.0041040
0.0106347
0.0243552
-0.0079736
0.0115188
-0.0499440
0.0104445
0.0250015
0.0370170
0.0570747
0.0357805
-0.0535761
0.0395575
0.0457374
-0.0030132
-0.0098091
-0.0078754
0.0188258
-0.0109178
0.0468162
-0.0096794
-0.0043522
0.0231753
-0.0076899
0.0149838
0.0615906
0.0331528
0.0348647
0.0072542
-0.0180447
0.0024310
-0.0432826
-0.0280203
-0.1210870
-0.1750784
-0.0585217
0.0440553
-0.0193985
0.0400809
0.0958328
0.0319390
0.0285667
0.0154211
0.0456145
-0.0201907
-0.0426966
-0.0135508
-0.0055205
0.0365527
-0.0488870
0.0022005
0.0058721
0.0467126
0.0225468
0.0436541
0.0497135
0.0328855
-0.0308679
-0.0282853
-0.0267835
0.0478703
-0.0194548
0.0048590
0.0583832
-0.0580987
-0.0037652
0.0604288
-0.0349339
-0.0192954
-0.0576779
-0.0471321
-0.0297336
0.0149480
0.0435075
0.0651059
-0.0226319
0.0213804
-0.1356850
-0.1219954
0.1432799
0.1164583
-0.0053360
-0.0649214
-0.0511267
0.0323296
0.0185517
0.0344841
0.0263129
-0.0189949
0.0104936
-0.0346239
-0.0607768
0.0029225
-0.0144520
-0.0079451
0.0227724
-0.0239964
0.0445815
-0.0316868
-0.0407016
0.0216024
-0.0075594
0.0135227
0.0198357
-0.0571410
