-0.0571576
-0.0493360
0.0705472
0.0519566
0.0009953
0.0020489
-0.0568555
0.0335381
0.0198382
0.0327197
0.0118183
-0.0600940
-0.0642127
-0.0288990
0.0120631
-0.0234951
-0.0500115
0.0492549
0.0326404
0.0157134
-0.0212259
0.0631880
-0.1608681
-0.3078710
-0.2145779
0.1498164
-0.1163747
-0.0298372
-0.0719179
-0.0259037
-0.0070880
0.1187453
0.0506203
0.0342895
0.0352624
0.0753768
0.0332956
0.0702970
0.0598748
0.0616847
0.0443432
-0.0246336
0.0213571
-0.0095528
0.0546780
-0.0131170
-0.0111690
0.0044610
-0.0213317
-0.0346542
-0.0341670
0.0617959
-0.0194519
-0.0419349
-0.0078637
-0.0136970
-0.0078285
-0.0412009
0.0391442
-0.0772802
0.0059319
-0.0768771
-0.0162149
0.0644356
-0.0910209
-0.1804914
0.0080627
0.2858065
-0.1698688
-0.0863110
-0.0396466
0.0193902
0.0081976
0.1020896
0.0701001
0.0450369
0.0220546
0.0042626
-0.0616788
0.0060750
-0.0159089
-0.0118236
0.0237050
-0.0711328
0.0535205
-0.0013075
0.0189558
0.0262206
-0.0128896
0.0243272
0.0556582
-0.0035153
-0.0501197
0.0497048
-0.0596081
0.0112402
0.0414514
-0.0454693
0.0613009
-0.0266209
-0.0631659
0.0558703
0.0392407
-0.0152742
-0.0560988
-0.0021340
-0.0259404
-0.0257172
-0.0347293
0.0120769
-0.0172542
0.0230553
0.0420990
0.0515310
0.1172558
0.0056665
-0.1937607
0.2444015
0.1740894
-0.1707457
-0.1356365
0.0034452
-0.0170173
-0.0748026
-0.0777236
0.0223133
-0.0505203
0.0723910
0.0689037
0.0231224
-0.0103407
0.0108308
0.0281612
0.0141057
0.0701469
-0.0494452
0.0572842
0.0236913
0.0113691
-0.0594473
0.0578192
-0.0665076
0.0655871
0.0342353
-0.0149758
0.0207679
0.0076275
0.0494787
0.0017999
-0.0535957
0.0679795
-0.0209638
0.0125744
0.0146742
0.0312515
-0.0494229
0.0461598
0.0264189
0.0268018
-0.2561048
0.0357301
-0.0789931
-0.0884777
0.0237436
0.0447594
0.0260338
-0.0208263
-0.0151180
-0.0371735
-0.0341242
-0.0491641
0.0642822
-0.0125670
-0.0121717
-0.0215899
-0.0613589
-0.0469743
0.0403070
-0.0197975
-0.0417374
0.0249848
0.0514474
0.0151716
0.0572827
0.0612752
-0.0651621
-0.0223773
-0.0045748
-0.0314925
0.0011019
0.0514065
-0.0245368
0.0463860
-0.0093525
0.0452197
0.0024461
0.0164356
-0.0265168
0.0710828
0.0600668
