0.0529061
0.0080846
-0.0642671
-0.0349409
0.0474519
0.0434879
-0.0140571
-0.0338247
-0.0101838
0.0164545
0.0112623
0.0299961
0.0029387
0.0197911
-0.0400092
-0.0169939
-0.0585359
0.0530616
0.0144344
0.0277056
0.0154862
0.0669815
-0.0431650
-0.0099957
-0.0218427
-0.1201339
0.4772332
0.1247536
-0.2396070
-0.5617956
-0.3516110
0.0153620
0.0296678
0.0378351
-0.0335812
-0.0432315
-0.0595795
0.0419585
-0.0008981
-0.0281780
0.0257617
-0.0208703
-0.0141451
0.0067914
0.0308443
-0.0300164
0.0534782
-0.0697376
-0.0117793
-0.0325209
0.0189851
0.0594126
0.0349381
0.0381531
0.0477700
0.0585632
-0.0029822
0.0042938
-0.0078795
-0.0064349
-0.0292348
0.0494522
-0.0116805
0.0477984
-0.0092998
-0.0304010
-0.0684799
-0.0029038
-0.0001383
0.0817546
0.0356569
-0.0557824
-0.2263139
-0.1576370
-0.0109823
0.2747137
0.0783198
-0.1089008
-0.0968759
-0.1536766
-0.0935950
0.0139317
0.0636101
0.0386672
0.0562419
0.0359781
-0.0148235
0.0048743
0.0302611
0.0531226
-0.0161883
-0.0758188
0.0608744
-0.0622127
0.0578039
0.0119641
-0.0474899
-0.0068350
0.0148414
-0.0661592
-0.0492642
0.0631844
0.0110575
0.0289679
0.0080118
0.0168429
-0.0238909
-0.0245472
-0.0140125
0.0214402
0.0592397
-0.0449641
-0.0372273
0.0251462
-0.0090344
0.0046660
-0.0393825
0.0240748
0.0412487
0.1252850
0.0093473
-0.2024707
0.1760747
0.1606728
-0.0575442
0.0237161
0.0232299
0.0630253
-0.0131426
-0.0238585
-0.0349400
0.0280738
0.0408804
0.0570028
-0.0089207
0.0639634
0.0603930
0.0480802
-0.0424873
-0.0557127
-0.0193733
-0.0610398
-0.0332808
0.0644230
-0.0179410
0.0553918
-0.0192970
-0.0144743
0.0139365
-0.0037656
-0.0549979
0.0118854
0.0129597
0.0681342
-0.0384196
0.0150769
0.0606413
0.0812577
-0.0252420
-0.0087752
-0.0260063
-0.0235478
-0.0212889
-0.3064116
-0.2289183
0.2149650
0.0188403
-0.2284747
-0.0949942
0.2512922
0.3752210
0.0105376
-0.3735813
-0.0332872
0.0308073
0.0423416
0.0782674
0.0389723
-0.0035128
-0.0013830
-0.0169782
-0.0161415
0.0357060
-0.0425350
-0.0495602
-0.0692583
-0.0531583
0.0275005
-0.0134399
0.0594119
0.0472075
-0.0054077
-0.0514426
-0.0001589
-0.0439187
0.0643624
-0.0065774
-0.0425140
-0.0569895
0.0167879
