-0.0120216
0.0168107
0.0747909
-0.0763779
-0.1044197
-0.0801471
-0.0449255
-0.0055406
-0.0065337
-0.0156050
-0.0037049
-0.1105863
0.0446425
-0.0218273
-0.0444488
0.0899956
0.0743485
0.1835728
-0.1294381
-0.2620521
-0.5347619
-0.4556043
0.3432482
0.8556469
0.4422931
-0.0342756
0.2157268
0.1688502
0.0159517
0.0134622
0.0661356
0.0277521
-0.0266791
0.0174591
0.0728450
0.0363799
-0.0069758
-0.0552334
-0.0643787
0.0934059
-0.0869705
-0.0697462
0.0796919
0.0677224
0.0591482
-0.0573049
0.0349753
-0.0584086
0.0051641
0.0808089
-0.0974018
0.0469943
0.0565313
0.0752144
-0.0894278
0.0018239
0.0475238
0.0273212
-0.0329358
-0.0221672
-0.0535250
0.0921498
-0.0109242
-0.0475537
-0.0865962
0.0883270
-0.0130451
0.0396291
-0.0678983
-0.0588789
-0.0867470
0.0814527
-0.0837788
0.0504836
0.0296247
0.0343843
-0.0956856
0.0510149
-0.0396929
0.0075593
0.0044329
-0.0531952
0.1001393
-0.0736535
0.0020665
-0.0194314
-0.0594022
0.0265183
-0.0537901
-0.0744201
0.0780735
0.0842835
-0.0241780
0.0340362
-0.0565601
-0.0113205
0.0393495
-0.1094632
0.0566145
-0.0772196
0.0928541
0.0624895
0.0332157
-0.0309727
-0.1004373
-0.5704152
0.5540330
0.8674447
-0.3167878
-0.6143598
-0.0816550
-0.0168070
0.0709648
0.1110037
-0.0870450
-0.0279695
0.0224744
-0.0189846
0.0427332
0.0565985
0.0175914
-0.0859854
0.0941548
-0.0472008
0.0994172
0.0896275
0.0038575
-0.0955309
-0.0209927
-0.0755992
-0.0443417
-0.0218807
0.0576480
-0.0929492
0.0303448
0.0699771
-0.0478410
0.0885969
-0.0883749
0.0790678
-0.0186604
-0.0916183
-0.0941691
-0.0338584
-0.0743751
0.0033647
-0.0414842
-0.0502569
-0.0199184
-0.0627711
-0.0830433
-0.0094578
-0.0737397
-0.0638214
-0.0395254
0.0021344
-0.0707893
-0.0599198
0.0028085
-0.0304663
-0.0521677
-0.0204116
0.0261399
-0.0509738
0.0823218
0.0688467
-0.0756561
0.0095169
0.0369062
0.0640448
-0.0547667
-0.0031433
0.0101580
0.0285960
-0.0368568
0.0001167
0.0712969
0.0838057
-0.0653802
0.0419731
0.0094462
-0.0634013
-0.0262381
-0.0262394
-0.0195505
0.0604680
0.1164767
0.1362221
0.1015826
0.0880880
-0.0051472
-0.3802729
0.8761410
0.9262790
0.3688008
-0.0090640
-0.0831695
0.0463885
0.0291640
0.0524941
