0.0441892
0.0348793
-0.0080203
-0.0456379
0.0319462
-0.0264457
0.0209540
-0.0378538
0.0016548
-0.0590813
-0.0304578
-0.0522013
0.0377415
0.0641188
0.1023985
0.1170879
-0.0312374
0.0314774
-0.2015573
-0.0097552
0.2072007
0.3501079
0.1588803
0.0239594
-0.0432044
0.0062243
0.0352682
-0.0046391
-0.0323133
0.0260328
-0.0468735
0.0412247
0.0410777
-0.0022106
-0.0301490
-0.0156739
-0.0586732
-0.0396214
0.0541582
0.0519147
-0.0116056
0.0395628
-0.0422484
-0.0329298
-0.0339444
-0.0473381
0.0510558
-0.0362652
-0.0344681
0.0594717
0.0072814
0.0409637
0.0503459
0.0011765
-0.0549210
0.0207468
0.0333081
-0.0407330
-0.0465234
0.0750746
0.0572671
0.1306057
0.0604240
0.2446368
0.0602328
0.2703786
0.2504657
-0.3454053
-0.0123625
0.0559467
0.0190423
0.0278504
-0.0547571
0.0138258
-0.0469954
0.0448596
0.0341471
0.0779156
0.0265518
-0.0317978
0.0683811
-0.0112604
0.0174534
-0.0420760
0.0304331
-0.0011788
0.0544402
-0.0593473
-0.0458173
0.0140118
0.0361179
0.0306986
-0.0115897
-0.0269448
0.0163993
-0.0494965
-0.0113876
-0.0013283
-0.0660959
0.0102911
0.0445021
0.0521894
0.0670642
-0.0461458
-0.0000876
-0.0139936
0.0168221
-0.0247789
0.0439847
0.0518051
0.0230405
0.0308506
-0.1653585
-0.2104773
0.1206448
0.2631200
-0.0632329
-0.0316869
0.0600100
0.0648224
0.0808034
0.0302575
-0.0370780
-0.0496924
0.0314759
-0.0159920
-0.0590981
0.0380775
0.0230682
0.0231732
-0.0219341
0.0174163
-0.0282029
0.0086854
0.0125374
-0.0171790
0.0047763
-0.0271329
0.0552022
0.0445676
0.0435931
0.0231294
-0.0213477
0.0525070
0.0200123
-0.0208998
0.0132675
0.0012189
0.0276398
-0.0686971
0.0017421
-0.0625973
-0.0304751
0.0671792
0.0542205
0.0510888
-0.1792702
0.0718564
0.2114233
-0.1214042
-0.0043250
0.0846418
0.0525068
-0.0545238
-0.0320706
-0.0418291
-0.0061924
0.0296387
0.0202599
0.0579355
-0.0391674
0.0019193
-0.0238658
-0.0267804
0.0237352
0.0289365
-0.0010801
0.0541170
0.0317517
0.0191178
-0.0410212
-0.0273924
-0.0351307
0.0050892
-0.0264459
0.0187889
-0.0371571
0.0540780
0.0225512
0.0082273
0.0415016
0.0057288
-0.0192006
0.0033873
-0.0427790
0.0035562
-0.0035546
0.0122177
-0.0492988
-0.0303826
