0.7703762
-0.0613622
-0.0079150
0.0054646
0.0234907
0.1356110
0.0100022
-0.0070249
-0.0019782
-0.0812469
-0.0940215
-0.0465363
-0.0592368
0.0182937
-0.0358094
0.0910957
-0.0356088
-0.0311659
-0.0604389
0.0071198
-0.0014568
0.0605350
0.0706641
0.0100627
0.0315063
-0.0344805
-0.0086054
0.0374305
-0.0976083
-0.0608150
0.1488249
0.0514466
0.1786456
-0.4595137
-0.2431595
-0.0990516
0.0394711
0.0542422
-0.0934630
0.0014933
0.0134941
0.1194792
0.0009213
0.0351618
0.0351641
0.0070706
-0.0801172
-0.0365819
0.0487965
-0.0760973
0.0121742
-0.0418017
0.0274403
-0.0028014
0.0158820
-0.0638771
0.0268874
0.0655585
-0.1022605
-0.1211535
-0.0061299
0.1630729
0.0577179
-0.4666420
0.0473056
0.5275238
-0.0089919
-0.5018403
0.0969088
-0.0676430
0.1134031
0.0995617
0.0411892
0.1399465
0.0466444
-0.0121797
-0.1052183
0.0269450
-0.0646858
0.0510204
-0.0401070
0.0758398
-0.0136534
-0.0755093
0.0191767
-0.0318710
-0.0184415
-0.0150835
-0.0133947
-0.0510056
0.0838839
0.0359640
-0.0235880
-0.0200372
-0.2852415
0.3422004
0.6003649
-0.3774636
-0.1814611
-0.0812529
