0.0284099
0.0121670
0.0085737
-0.0449374
-0.0161212
0.0578473
0.0366707
-0.0543802
-0.0622155
-0.0340698
0.0170508
-0.0329744
0.0390762
0.0271031
-0.0550991
0.0537186
-0.0213537
0.0057730
-0.0255406
-0.0554930
0.0380998
-0.0272570
0.0455981
0.0017915
0.0073533
0.0440796
0.0496626
0.0039508
-0.0275055
0.0203211
-0.0181394
0.0528833
0.0511044
0.0449500
-0.0566020
-0.0390065
0.0228466
0.0535553
0.0051376
0.0283695
-0.0066729
-0.0790969
-0.1327216
-0.1294960
-0.0313077
0.0158348
0.0072419
0.0308753
-0.0341477
0.0117507
0.0053261
0.0425988
-0.0064197
-0.0079955
-0.0010248
-0.0504983
-0.0211200
-0.0466015
-0.0559790
-0.0405829
-0.0324319
-0.0421580
0.0176556
0.0198566
-0.0532462
-0.0538260
0.0491255
0.0127464
-0.0384366
0.0162882
0.0122204
0.0265454
-0.0189289
-0.0260194
-0.0352711
0.0469824
-0.0091070
0.0352591
-0.0626679
-0.0235807
-0.0582984
0.0153504
-0.0036323
0.0263561
-0.1862697
-0.1739794
0.1641704
0.0049536
-0.0426547
-0.0068640
0.0022448
0.0665441
-0.0623468
0.0074281
-0.0051270
0.0498730
0.0078109
0.0564593
0.0510939
-0.0094452
0.0410651
0.0386142
-0.0563660
-0.0294120
-0.0025728
0.0525957
-0.0429434
0.0485526
-0.0473537
0.0517633
-0.0351446
0.0251729
-0.0483396
-0.0146509
-0.0593004
0.0105300
-0.0116676
-0.0383722
-0.0591401
-0.0218665
-0.0132245
-0.0306358
-0.0249585
0.0237325
0.0100162
0.0742758
0.0805711
-0.0161590
0.0328687
-0.1479928
-0.1843081
-0.1181783
-0.0682186
-0.0498582
0.0666889
0.0219173
0.0494787
-0.0642944
-0.0528218
-0.0242975
0.0096578
-0.0411698
0.0435306
-0.0239259
0.0088764
0.0103520
0.0516716
-0.0396960
0.0142395
-0.0113392
0.0252948
-0.0132028
0.0052544
-0.0080204
0.0524436
0.0409983
-0.0219145
0.0315117
-0.0068605
0.0079400
0.0253641
0.0169083
0.0002556
0.0006999
-0.0194644
-0.0531152
-0.0014762
0.0556188
-0.0339564
-0.0088750
0.0703165
0.0891956
0.0822070
-0.0991665
-0.2306342
-0.1615080
0.2531534
0.0164750
-0.0655030
-0.1383429
-0.0594398
-0.0041806
0.0383027
-0.0103610
-0.0000961
-0.0486556
-0.0363228
-0.0416512
-0.0622984
0.0092655
0.0314113
0.0537111
0.0472545
-0.0334057
-0.0635767
-0.0430356
0.0018711
-0.0440587
0.0486452
0.0307161
