-0.0000244
0.0355257
0.0445619
-0.0436441
-0.0504415
-0.0568119
0.0472312
-0.0204587
-0.0560155
-0.0086410
-0.0029063
0.0638500
0.0637635
0.0339623
0.0234855
-0.0603116
0.0718191
0.0091130
0.0600623
-0.0242136
-0.0727480
-0.0205781
0.0281963
-0.0222542
-0.0083981
-0.0278398
0.0024831
-0.0724708
-0.0744061
-0.0758612
-0.0412082
-0.0565084
0.0858036
0.0339684
-0.1065595
0.3070979
-0.0429393
-0.0512663
-0.1024822
-0.0347516
-0.0388554
0.0207896
0.0568574
-0.0031895
-0.0096770
0.0132327
-0.0267644
0.0211905
0.0241784
0.0067424
0.0145023
-0.0592918
-0.0777352
0.0594774
-0.0262160
-0.0276926
-0.0089266
0.0484204
0.0451898
-0.0075795
-0.0111298
0.0494934
0.0305139
0.0044861
-0.0131099
0.0209095
-0.0000190
0.0212064
-0.0262316
-0.0217578
0.0092148
0.0340018
0.0155163
0.0642254
0.0466052
-0.0377755
-0.1624310
-0.0863609
-0.0010805
0.1398643
0.1811329
0.0595877
-0.1245745
-0.0416204
0.0048739
0.0151490
-0.0145643
-0.0519453
-0.0420054
-0.0051159
-0.0658223
-0.1958742
0.3349572
-0.0531960
-0.3321245
0.0062805
0.0208959
0.0998520
0.0285612
0.1168073
0.0335648
0.0326689
0.0000195
0.0123895
-0.0541412
-0.0597018
0.0416625
0.0472055
-0.0297338
0.0374992
0.0365788
-0.0326361
0.0079604
-0.0430326
0.0465248
-0.0323941
-0.0022798
0.0594172
-0.0289744
-0.0728512
-0.0542386
0.0886292
-0.0707998
-0.2019554
-0.2568828
0.1363668
-0.0706441
-0.0867944
-0.0758840
-0.0575592
-0.0452951
-0.0302201
0.0286318
-0.0671675
-0.0579385
-0.0562074
0.0276499
-0.0699040
0.0396959
0.0304054
-0.0449575
-0.0621505
-0.0269467
0.0363794
-0.0468630
0.0400447
0.0570565
-0.0212025
0.0473074
0.0064152
0.0002047
0.0163849
0.0467703
0.0545697
0.0278447
-0.0158301
-0.0479341
0.0244954
-0.0194939
-0.0376285
0.0323409
0.0048385
0.0429316
0.1009516
-0.0367600
-0.0889103
-0.1927524
0.1084119
0.1609823
0.2480968
0.0637128
0.0093818
-0.0734276
-0.0750161
-0.0689698
0.0049962
0.0661616
0.0094035
0.0677545
-0.0713477
-0.0022277
-0.0283583
-0.0045702
-0.0132166
-0.0510404
-0.0359195
0.0226665
-0.0584251
-0.0349802
0.0388017
0.0522468
0.0335731
0.0456821
-0.0207449
0.0169302
0.0333487
-0.0451890
-0.0554427
-0.0495565
0.0120125
