-0.0522906
0.0202444
0.0161244
0.0343432
0.0079926
-0.0516108
-0.0182392
-0.0151008
0.0407195
-0.0160936
0.0484160
0.0756873
-0.0976389
-0.1225985
-0.1965777
-0.1277478
0.1941572
0.1907810
-0.0315473
-0.1513305
-0.1374392
-0.1447732
-0.0727873
-0.0087554
0.0020628
0.0216165
-0.0163139
0.0127397
0.0285132
0.0395523
-0.0270408
-0.0107468
-0.0376567
0.0459692
-0.0517776
-0.0322070
-0.0142091
0.0209032
0.0001164
0.0408729
-0.0176081
0.0324417
0.0029149
0.0171974
-0.0712238
0.0622254
-0.0277081
0.0399365
0.0511728
-0.0515591
-0.0800593
-0.0267817
0.0283705
0.0371969
-0.0443990
0.0312409
0.1121539
0.0156020
-0.2318156
0.0162415
0.2810842
0.2500168
0.1293695
0.0487560
0.0393869
-0.0181724
-0.0203381
0.0384083
0.0507684
-0.0026831
0.0746736
-0.0026574
0.0094075
-0.0583399
-0.0007692
0.0027215
0.0170204
-0.0180155
-0.0562592
0.0037480
-0.0102359
0.0442538
0.0148350
0.0502083
-0.0440807
0.0389424
-0.0650939
-0.0157404
-0.0677134
0.0605388
-0.0258054
-0.0369094
-0.0354038
0.0274304
0.0438424
0.0617608
0.0173678
-0.0209948
-0.0226789
-0.0539556
-0.0923985
0.0577403
0.0485556
0.0507837
0.1067856
0.0697553
0.0440023
-0.0710359
-0.2243112
-0.1075968
0.2253901
0.1261032
-0.0501481
-0.0317778
-0.0095897
0.0357306
-0.0327129
0.0218260
0.0289514
-0.0400582
-0.0191054
-0.0380209
-0.0107593
0.0457955
-0.0497759
-0.0065382
0.0622637
0.0145481
0.0446352
-0.0151115
0.0440104
-0.0100845
0.0697758
0.0195345
0.0716082
0.0591436
-0.0652728
0.0014185
-0.0404552
-0.0259895
0.0447434
0.0793215
0.0099299
0.0135850
0.0198149
-0.0567899
0.0379252
0.0139432
0.0978764
-0.0499220
0.0017914
-0.1712844
-0.1660462
0.2517670
0.2636037
-0.1379397
0.0098479
0.0917580
0.1102491
0.0204240
0.0140981
0.0448943
-0.0436526
-0.0081474
-0.0605903
0.0679301
-0.0390473
0.0471998
0.0141354
-0.0428102
0.0571164
-0.0597574
0.0364104
0.0705289
-0.0145076
-0.0018971
0.0443926
0.0546861
0.0522100
0.0053523
-0.0295899
0.0452948
0.0256285
0.0691408
-0.0341527
0.0291669
-0.0322014
0.0038907
-0.0468592
0.0451419
0.0240403
-0.0314034
0.0012732
0.0043524
0.0155916
0.0994766
0.0997933
0.0427823
0.0075350
0.0768062
