-0.0113911
0.0432122
-0.0427207
0.0127450
-0.0345109
-0.0016815
-0.0057847
-0.0039022
0.0133635
-0.0126747
0.0619803
-0.0611630
0.0252697
-0.0599804
0.0523276
0.0531597
-0.0308155
0.0623070
0.0496577
0.0122965
-0.0084893
0.0400195
-0.0518739
0.0598676
-0.0411200
0.0689620
0.0248679
-0.0969718
-0.0747594
-0.0540202
0.0242386
0.0465678
0.1291181
-0.0249656
0.0132494
0.2301449
0.2531449
-0.0514541
-0.1745586
-0.0533136
-0.0908164
-0.0614692
0.0620273
0.0758375
-0.0129911
0.0072556
0.0693817
-0.0367754
0.0766570
-0.0502150
0.0135877
0.0302187
0.0437474
0.0316345
0.0186453
0.0509836
0.0539973
-0.0629475
-0.0564617
-0.0010043
0.0307960
-0.0034541
-0.0105250
-0.0073503
0.0630437
0.0226480
0.0790651
-0.0550684
-0.0025921
-0.0437990
0.0185590
0.0157526
0.1248545
0.1111318
0.0185029
-0.0497890
-0.2688799
-0.2883821
-0.1616391
0.0382537
0.1740631
0.3018941
-0.0738389
-0.0863072
0.0214344
0.0945122
0.0496870
-0.0869129
-0.0623968
0.0376267
-0.0419128
0.0507920
-0.0254135
-0.0621609
-0.0353723
-0.0072285
0.0229879
0.0238826
0.0683459
-0.0569769
-0.0107965
0.0151112
-0.0110906
-0.0042654
0.0249181
-0.0127381
0.0571491
0.0674678
-0.0267540
0.0443271
0.0403733
-0.0272932
0.0030491
0.0173665
-0.0378044
-0.0154812
0.0788596
0.0434488
-0.0577272
-0.0873716
0.0330025
0.1297867
-0.0140886
-0.1018613
-0.2082200
0.3748316
-0.1378064
-0.1309788
-0.1010464
-0.0629587
0.0370845
-0.0188477
-0.0464669
-0.0621418
0.0375256
-0.0548005
-0.0531158
-0.0470761
-0.0507958
0.0609153
0.0194229
0.0516687
0.0109335
-0.0067210
0.0299341
-0.0386630
-0.0190561
0.0311737
0.0147716
0.0024839
0.0036980
-0.0079867
-0.0096018
-0.0660347
0.0471682
-0.0636083
0.0011921
0.0231492
0.0103021
0.0683921
0.0446764
0.0323271
-0.0009425
0.1344739
0.1228416
-0.0246219
-0.1191388
-0.2332139
-0.1455002
-0.0445606
0.2246076
0.2823036
0.1107420
-0.0609225
-0.1798450
-0.1053326
0.0550462
0.0935074
-0.0018948
0.0220416
-0.0420939
-0.0553301
0.0417975
0.0492633
-0.0207309
-0.0083409
-0.0110673
0.0756562
-0.0542650
0.0447468
0.0604499
-0.0509940
-0.0429316
0.0348036
0.0656166
0.0551255
0.0007285
0.0102902
0.0172766
0.0295455
