0.0558480
-0.0431773
-0.0153523
-0.0338682
0.0316824
0.0276950
-0.0540591
-0.0439548
0.0026566
-0.0477969
0.0182250
-0.0086934
0.0209670
-0.0289041
-0.0210466
-0.0078101
0.0150245
0.0263947
-0.0209287
0.0565606
-0.0270856
0.0658867
0.0655108
0.0088056
-0.0211220
0.0174928
0.0647768
0.0236865
0.0440605
-0.0011809
0.0683315
-0.0017638
-0.1300796
0.2007366
0.2285378
-0.0889132
0.0149182
0.0827231
0.0114486
-0.0084690
0.0170898
-0.0562142
0.0325086
0.0025894
-0.0504021
0.0021516
-0.0408879
-0.0481736
-0.0075513
-0.0375662
-0.0106712
-0.0366977
0.0216118
0.0548285
0.0487230
0.0375536
0.0264337
0.0548949
0.0000028
0.0497733
-0.0598331
-0.0292134
0.0045131
0.0377517
0.0221109
-0.0652530
0.0213653
0.0400569
0.0218095
0.0193884
-0.0108463
-0.1449200
0.0019597
0.2124665
0.2317225
0.0604372
-0.1945725
-0.1765035
-0.2426519
-0.1414189
0.1435552
0.3779631
-0.2834674
0.0368413
0.0729433
0.0134096
0.0229906
0.0174408
0.0463459
0.0462725
-0.0487819
-0.0600657
0.0184776
-0.0171633
0.0589138
0.0329821
0.0300578
0.0003852
-0.0367597
0.0091451
-0.0176362
0.0084139
0.0533237
-0.0122702
-0.0275815
0.0403670
0.0222473
-0.0079814
0.0331193
-0.0177453
-0.0510743
0.0115600
-0.0150668
0.0257440
0.0545827
0.0215735
-0.0325723
0.0079762
0.0113759
0.0187331
-0.0923167
0.0002955
0.0818491
-0.0067664
-0.1591480
0.0075229
0.0402150
0.0466888
0.0158651
-0.0051641
-0.0255110
-0.0082281
-0.0433107
-0.0260377
-0.0089420
-0.0220637
-0.0258554
-0.0556954
0.0099565
0.0390743
-0.0339854
-0.0368190
0.0339520
0.0005009
0.0425725
-0.0523191
0.0318952
-0.0521898
-0.0338603
0.0625235
-0.0100514
0.0044035
0.0156675
-0.0638766
-0.0645174
0.0084475
0.0372497
-0.0282983
0.0339528
-0.0128866
0.0220301
0.0625541
-0.0184870
0.1364818
0.1078616
-0.0422340
-0.1552714
-0.0333842
0.0098033
0.0112804
0.0257262
0.0459880
-0.0129280
0.0268666
-0.0145754
-0.0501929
-0.0592690
-0.0184351
0.0561191
0.0073380
0.0066812
0.0581375
0.0250166
0.0020493
0.0143770
0.0351084
0.0259956
-0.0532723
-0.0426654
-0.0182283
-0.0405234
0.0232220
-0.0579757
-0.0389389
-0.0181742
0.0006903
-0.0351261
-0.0479159
0.0556526
0.0426322
