-0.0042635
-0.0415161
-0.0251697
-0.0756800
0.0274331
-0.0088505
0.0395300
0.0807453
0.0475270
-0.1083084
0.1405235
0.2238659
0.0537280
-0.0357990
-0.0032443
-0.1392017
-0.0849586
0.0281517
0.0321049
0.1005845
0.1008452
0.0222573
-0.0496113
-0.0067292
-0.0016910
-0.0010180
0.0262583
0.0582632
0.0037999
-0.0233694
-0.0479754
-0.0224159
0.0157698
-0.0565718
-0.0521296
0.0273990
-0.0264298
0.0573247
0.0443881
0.0478432
-0.0152851
0.0076882
0.0089505
-0.0203105
-0.0436545
-0.0312700
0.0129947
-0.0264457
0.0515595
0.0609726
0.0209540
-0.0008907
-0.0249706
-0.0195220
0.0347594
0.0249960
-0.2045531
0.2072007
0.0239594
-0.0573159
-0.1140364
-0.0900797
0.0062243
0.0260328
0.0412247
-0.0822532
0.0410777
-0.0022106
0.0196754
-0.0425937
0.0368685
0.0438360
0.0009339
-0.0133008
0.0541582
-0.0116056
-0.0422484
-0.0329298
-0.0339444
-0.0136658
0.0325197
0.0350802
0.0515566
-0.0037847
-0.0456735
0.0470960
0.0594717
-0.0481247
0.0632291
-0.0440612
-0.0510205
-0.0072590
0.0429642
0.0598822
-0.0325657
-0.0107566
0.0333081
-0.0342099
-0.0558204
-0.0042660
-0.0126639
0.1306057
0.0604240
-0.0600197
-0.1971831
0.0030122
0.2446368
0.0602328
-0.0920073
0.1378457
-0.2809737
-0.3454053
-0.0123625
0.0290016
0.0707519
0.0461848
0.0138258
0.0134520
0.0495443
-0.0317978
0.0614309
-0.0208594
0.0368858
0.0627863
-0.0011788
0.0021127
0.0230441
-0.0458173
-0.0214245
-0.0238743
0.0560945
0.0163993
-0.0509600
-0.0113876
-0.0392876
-0.0222020
-0.0013283
-0.0250863
0.0521894
0.0670642
-0.0461458
-0.0000876
-0.0139936
0.0168221
-0.0437428
0.0626069
0.0573926
0.0308506
-0.0014135
-0.2464689
-0.2104773
0.1206448
0.2631200
0.0767882
-0.0472284
-0.0939195
0.0648224
0.0808034
0.0130897
-0.0313415
0.0410635
0.0314759
0.0190909
-0.0601387
0.0231732
-0.0512409
0.0515654
-0.0332687
0.0587683
-0.0517530
0.0224175
-0.0289360
-0.0215507
0.0529022
0.0125374
-0.0171790
-0.0057780
0.0411019
-0.0334026
0.0445676
0.0435931
0.0231294
0.0430920
0.0429068
0.0525070
0.0200123
0.0465235
-0.0208998
0.0523144
0.0132675
-0.0590284
0.0017421
-0.0304751
0.0289136
0.0671792
0.0510888
0.0444202
-0.1089628
-0.1676243
-0.1792702
