0.0025673
-0.0336423
-0.0380588
-0.0259552
-0.0056932
0.0324703
-0.0577366
0.0469455
0.0459760
-0.0079098
-0.0410185
-0.0527267
-0.0545185
0.0411918
-0.0330595
-0.0162891
0.0154602
0.0373627
0.0302680
0.0362901
0.0305769
-0.0589923
0.0390252
0.0461923
-0.0000389
0.0057213
-0.0705837
0.0274331
0.0305990
-0.0088505
0.0759157
-0.0071884
0.0475270
-0.2162145
-0.2178034
0.0537280
-0.0032443
-0.0556324
-0.0494749
0.0648359
0.0321049
-0.0080470
0.1008452
0.0222573
0.0387290
-0.0456463
0.0262583
-0.0233694
-0.0224159
0.0361194
-0.0464230
0.0137481
-0.0430939
-0.0521296
0.0576524
0.0280973
0.0076882
0.0089505
-0.0086644
-0.0312700
0.0348793
-0.0080203
0.0200323
-0.0264457
0.0515595
-0.0378538
0.0016548
0.0341298
-0.0304578
0.0347594
0.0641188
0.1170879
-0.0312374
0.0314774
-0.1501832
-0.2015573
0.2072007
0.3501079
0.2900234
0.1588803
0.0239594
-0.0432044
-0.1140364
0.0494782
-0.0046391
-0.0323133
-0.0778543
-0.0822532
0.0392954
0.0196754
-0.0269521
0.0368685
-0.0396214
0.0009339
0.0541582
-0.0116056
0.0395628
-0.0329298
-0.0339444
-0.0136658
0.0110198
0.0564423
0.0188369
-0.0037847
0.0451202
-0.0456735
-0.0362652
-0.0344681
0.0072814
0.0409637
0.0632291
0.0026374
-0.0440612
-0.0510205
0.0366051
0.0332333
-0.0136645
0.0333081
-0.0289877
-0.0042660
-0.0126639
0.1306057
-0.2226081
-0.2096805
0.1425698
-0.0920073
0.0119669
-0.2809737
-0.3454053
0.0507718
0.0101486
-0.0469954
0.0000151
0.0134520
0.0495443
0.0341471
0.0779156
0.0174534
-0.0208594
0.0183598
-0.0420760
-0.0477131
0.0304331
-0.0392513
0.0544402
-0.0593473
0.0230441
-0.0214245
-0.0238743
0.0040937
0.0361179
-0.0452061
0.0481521
0.0094742
-0.0115897
-0.0494965
0.0102911
0.0445021
-0.0520002
0.0670642
-0.0139936
-0.0246564
-0.0247789
0.0671918
-0.0014135
-0.2464689
-0.0862764
0.2407493
0.2631200
0.1523976
-0.0472284
-0.0305360
-0.0632329
-0.0939195
0.0600100
0.0677196
0.0629067
0.0130897
-0.0042487
-0.0313415
0.0168980
-0.0179402
-0.0496924
0.0314759
-0.0115022
-0.0179824
0.0374472
-0.0032650
-0.0241121
-0.0590981
-0.0219341
-0.0329736
0.0587683
-0.0517530
-0.0241256
0.0529022
0.0086854
0.0047763
-0.0511586
-0.0374010
