0.0262555
-0.1745676
-0.0971605
0.2015031
-0.0196061
-0.0509461
-0.0042239
0.0871560
-0.0152217
0.0336052
-0.0421251
-0.0508684
0.0301523
-0.0290236
-0.0212596
-0.0212856
0.0103393
0.0485318
-0.0098385
0.0272494
0.0166765
0.0389453
-0.0535814
-0.0396665
0.0483484
-0.0295715
0.0481494
-0.0408345
0.0546318
0.0309679
0.0115949
0.0542922
-0.0279376
-0.0059685
-0.0470424
0.0120742
0.0272743
0.0448792
-0.0609780
-0.0227654
-0.0265406
0.0452928
0.0372724
0.0092982
-0.0260496
0.0094183
-0.0034029
0.0493721
0.0253480
0.0028900
0.0477862
-0.0676656
-0.2253551
0.2179998
-0.1484693
-0.0645851
-0.0204799
-0.0134487
-0.0179235
-0.0004471
-0.0406490
0.0396861
0.0279133
-0.0286493
-0.0320328
0.0454064
0.0156908
0.0480273
0.0156097
-0.0037800
0.0291927
0.0296805
-0.0557295
0.0207083
-0.0078980
-0.0490568
0.0357668
-0.0237229
-0.0189910
0.0589000
-0.0105122
-0.0241432
-0.0336361
0.0298837
-0.0272242
-0.0570918
0.0293319
0.0523668
-0.0080744
0.0240192
0.0379628
0.0856541
0.0100865
0.0788598
-0.1241782
-0.3169857
-0.2421575
0.3562019
0.2944194
0.1342235
-0.0725065
-0.0446094
-0.0145500
-0.0126235
0.0949615
0.0072710
0.0643289
-0.0436960
-0.0714220
-0.0375521
0.0129654
-0.0138758
0.0019318
0.0407871
0.0260687
-0.0328238
0.0302940
-0.0281677
-0.0332169
-0.0266773
0.0265311
-0.0410360
-0.0056845
-0.0011757
-0.0584291
-0.0059337
0.0618541
0.0367045
0.0051258
-0.0406496
0.0249164
0.0478847
0.0292315
-0.0555764
-0.0056245
-0.0124367
0.0194352
0.0435496
0.0400797
0.1201599
0.0634417
-0.0250902
-0.1798344
-0.0373564
0.1819839
0.0147680
-0.1118765
-0.0622254
-0.0403079
0.0078646
0.0409998
0.0792143
0.0045464
-0.0282443
-0.0029790
0.0369512
-0.0143313
0.0255701
-0.0380964
0.0157440
0.0474644
0.0043565
-0.0299034
-0.0181325
0.0030640
0.0253436
-0.0120068
-0.0403656
-0.0013300
-0.0049339
-0.0133981
-0.0556947
0.0414135
-0.0230974
0.0563829
-0.0314580
-0.0571347
0.0077930
0.0328756
-0.0210322
0.0620891
0.0048645
0.0620703
-0.0326090
-0.0233156
0.0022453
0.0286635
0.0393791
0.0576037
0.0695203
0.0077346
-0.1325837
-0.0479907
0.0797251
0.1541570
-0.0529164
-0.0548160
0.0024958
-0.0136485
0.0720334
