0.9573447
-0.0565322
-0.0566693
0.1040475
0.0316367
0.0473025
-0.0830027
-0.0634943
0.0236378
0.0076181
0.0294601
0.0982817
0.0796969
-0.0439400
-0.0801109
0.0730637
0.0917819
0.0702739
-0.0553439
0.0801856
0.0279228
-0.0404313
-0.0593000
0.0175625
-0.0415358
0.0646862
0.0237738
-0.0138659
0.0499430
0.0839117
0.0081039
0.0099693
0.1013695
-0.0184128
-0.0624548
-0.0446895
0.0158446
0.1696683
-0.3575634
0.5861432
1.0451388
0.8101679
-0.3572109
-0.6058543
-0.3693552
-0.2258219
-0.1094372
0.1219258
-0.0425164
-0.0647264
0.0438975
-0.0885272
-0.0403842
-0.0804431
0.0678588
-0.0041202
0.0600818
0.0131247
0.0102387
0.0890998
0.0981742
-0.0445892
0.0033074
0.0614253
0.0147900
0.0921659
-0.0387545
0.0911443
0.0205505
0.0880550
0.0476391
0.0594077
-0.0408168
-0.0609529
0.0803621
-0.0144796
0.1098191
0.0426819
-0.0375713
-0.0969467
0.1077221
-0.3506762
-0.0856008
-0.0137999
0.0446033
-0.0239248
-0.0815572
0.0183622
0.0102062
0.0221811
0.0284497
-0.0523064
0.0168969
0.0876418
0.0425884
0.0603635
0.0763610
0.0966868
0.0299799
-0.0773634
