-0.0057671
-0.0345292
0.0305430
0.0408411
-0.0106018
-0.0874727
0.0348179
0.1559664
0.1515833
-0.0162426
-0.0560548
0.0089242
-0.0030880
-0.0076554
0.0346343
0.0244785
-0.0066824
0.0115628
-0.0009301
-0.0346737
-0.0147666
-0.0239629
-0.0232708
-0.0168736
-0.0164835
0.0115224
-0.0174278
-0.0124696
0.0229775
-0.0256391
-0.0014469
0.0303503
0.0228436
-0.0093990
-0.0035531
-0.0383226
0.0070712
0.0196427
-0.0082798
-0.0030444
0.0334487
0.0157483
-0.0259999
0.0059657
0.0045308
-0.0017014
-0.0116736
-0.0661570
-0.0346494
0.0238792
0.0527096
0.0972907
-0.0379270
-0.0723832
-0.0102846
0.0121039
-0.0338471
0.0028895
0.0205544
-0.0050996
-0.0037279
-0.0218437
0.0009881
-0.0026104
-0.0232588
-0.0164631
0.0184582
0.0221123
-0.0192885
-0.0328545
0.0082378
0.0258336
-0.0076704
-0.0088792
-0.0015129
-0.0233795
-0.0088983
-0.0303056
-0.0363356
-0.0241195
0.0162413
0.0049372
0.1025550
0.0124377
-0.1344999
-0.1026225
0.1830636
-0.0782389
-0.0535790
-0.0020797
0.0103859
0.0367898
-0.0016483
0.0072827
-0.0406507
-0.0035795
-0.0198660
0.0340576
0.0070529
0.0127846
-0.0119304
-0.0132177
0.0045386
0.0120761
0.0152157
-0.0203923
0.0233678
0.0064990
0.0183957
-0.0136521
0.0065008
-0.0036180
0.0147568
0.0228222
-0.0118474
-0.0141184
0.0213894
-0.0260147
-0.0308662
-0.0011031
-0.0129354
0.0604235
-0.0990838
-0.0436692
0.0519206
-0.0276797
-0.0250820
-0.0337256
-0.0425845
0.0069055
0.0198344
0.0108262
0.0170625
-0.0101976
-0.0042823
-0.0170963
-0.0144053
0.0139521
0.0015250
-0.0206821
-0.0040710
0.0032625
0.0139397
-0.0264653
0.0020558
0.0362406
0.0063691
-0.0065309
-0.0417705
0.0161855
-0.0206051
-0.0181541
0.0113291
0.0313997
0.0314432
-0.0151992
-0.0164178
0.0800927
0.1158013
-0.1010582
0.1919891
0.2090292
-0.0649393
0.0417625
0.0160957
0.0318830
0.0314574
-0.0279735
-0.0298805
-0.0337694
-0.0177239
-0.0223398
0.0148764
0.0214921
-0.0110626
-0.0228662
0.0286535
-0.0320128
0.0061852
-0.0023907
-0.0249894
0.0118759
0.0219852
-0.0143173
0.0058749
-0.0232260
-0.0263947
-0.0179493
-0.0305645
-0.0255680
-0.0305501
0.0022637
0.0098485
-0.0073473
-0.0185669
0.0029912
-0.0119929
0.0136808
0.0079317
0.0491295
