0.0205447
0.0001110
-0.0248412
-0.0360866
0.0619813
0.0181124
-0.0458901
-0.0161454
-0.0048591
-0.0257825
0.0421818
0.0223347
-0.0300171
0.0147641
0.0261556
-0.0235202
0.0046316
-0.0046475
-0.0124181
0.0222150
0.0352824
0.0131267
-0.0087383
-0.0242077
-0.0165499
-0.0107604
0.0037690
-0.0172501
-0.0099858
0.0054507
0.0243338
-0.0151207
0.0016352
0.0173999
0.0011496
0.0210790
0.0397724
-0.0049339
-0.0652743
-0.0122527
0.0214207
0.0376843
0.0589727
0.0043104
0.0026943
-0.0265592
0.0726284
-0.0520316
-0.0612061
-0.0397075
-0.0455578
0.0151934
0.0132962
0.0092886
0.0182094
0.0080450
-0.0191217
0.0193177
-0.0272180
0.0079317
-0.0233160
-0.0310374
-0.0204238
0.0160288
-0.0046883
0.0137914
0.0071312
0.0336641
0.0103942
0.0178597
-0.0124206
-0.0675649
0.0107041
-0.0011620
0.0341172
0.0638140
-0.0580246
-0.0348973
-0.0408903
-0.0438148
-0.0272135
-0.0277738
0.0086331
0.0171312
-0.0203775
-0.0387238
0.0124138
-0.0013295
0.0205814
-0.0003996
-0.0061373
-0.0239456
-0.0192889
0.0114578
0.0258605
-0.0048800
0.0116217
0.0245770
0.0140129
0.0229019
-0.0167199
0.0016159
0.0007948
0.0352827
0.0025689
0.0105576
-0.0110683
0.0117532
-0.0073160
-0.0234656
0.0279300
0.0081141
0.0326669
-0.0381466
-0.0168011
-0.0441842
0.0763534
-0.0631776
-0.0300270
-0.0455678
-0.0090913
0.0509972
-0.0125888
-0.0492036
-0.0158406
0.0129057
0.0267479
-0.0178727
-0.0147598
-0.0354872
-0.0303351
-0.0295656
-0.0190521
0.0249754
0.0159148
0.0023796
0.0250839
-0.0235640
-0.0150534
-0.0048125
0.0363223
0.0113726
0.0051691
-0.0322576
-0.0037959
-0.0173318
-0.0071876
0.0045179
-0.0109230
-0.0437985
-0.0584072
-0.0472628
0.0212649
0.1082312
0.0622440
-0.0640429
-0.0293061
0.0124193
0.0529675
-0.0468091
-0.0022283
0.0121262
0.0506351
-0.0028474
-0.0050975
-0.0029087
0.0200264
-0.0017540
0.0157971
-0.0040263
-0.0169853
-0.0202660
-0.0072600
0.0114309
0.0165175
-0.0064204
0.0070923
0.0268227
0.0150219
0.0162264
-0.0223640
-0.0226803
-0.0119610
0.0153367
-0.0218477
-0.0132211
0.0036579
0.0315309
0.0360086
0.0354798
-0.0616764
-0.0789754
0.0931493
0.1053520
0.0155789
-0.0083576
0.0021238
-0.0194614
-0.0193513
0.0053640
