0.4543209
-0.0074979
0.0351417
0.0111215
-0.0219322
-0.0156166
0.0218486
0.0233849
0.0044720
0.0191300
-0.0087695
-0.0017373
0.0075664
0.0210913
0.0196632
-0.0044827
0.0067681
0.0065647
0.0203313
-0.0028918
0.0151031
0.0421639
0.0302296
0.0095680
-0.0399388
-0.0069875
0.0295920
0.0160313
0.0146071
0.0389306
-0.0317396
-0.0034454
-0.0132660
-0.0339027
-0.0260490
-0.0163993
0.0014142
-0.0411803
0.0431054
-0.2463311
-0.3071662
-0.0831014
0.4262994
0.4188873
0.1814601
-0.1091378
-0.3005303
-0.1121486
0.0385895
-0.0295642
0.0291548
0.0340697
0.0010847
0.0119965
0.0273794
-0.0413465
0.0248485
-0.0050113
-0.0229110
-0.0282207
-0.0185931
-0.0160268
0.0366376
0.0017915
0.0287071
-0.0319510
-0.0565723
0.0275649
-0.0105415
-0.0288481
0.0145438
0.0090154
0.0293084
-0.0177067
0.0444605
0.0315256
-0.0045619
-0.0285844
0.0233443
0.0352187
-0.0207594
0.4466403
0.0280484
-0.0770625
0.0635205
0.0070582
0.0000096
-0.0026770
0.0174845
-0.0094658
-0.0449950
0.0043244
0.0272762
-0.0287284
0.0314402
0.0237326
-0.0044332
0.0167741
0.0079284
-0.0156757
