0.3402705
-0.0091981
0.0484452
-0.0047280
-0.0326097
-0.0213691
-0.0084927
-0.0074257
0.0345169
0.0125384
0.0144944
-0.0017826
-0.0156501
0.0045659
0.0401348
-0.0097676
-0.0246204
0.0105423
0.0321665
0.0019064
0.0329936
-0.0202813
-0.0208510
-0.0199834
0.0223942
0.0286704
0.0153629
-0.0053526
-0.0020238
0.0017724
0.0023812
0.0017118
-0.0079825
-0.0011377
0.0198415
-0.0114102
-0.0056932
-0.0172526
0.0566932
-0.2504719
-0.1367254
0.1817635
0.4042799
0.1014132
-0.1684444
-0.2954368
-0.1285688
0.0413634
0.0148166
-0.0014627
0.0262631
0.0187344
-0.0402374
0.0200375
0.0150434
-0.0117665
-0.0001617
0.0055385
-0.0170919
0.0271226
0.0233254
0.0141439
-0.0104192
0.0145200
-0.0099566
-0.0208017
0.0297008
0.0101847
-0.0397069
-0.0364569
-0.0054226
-0.0118660
0.0217746
-0.0379293
-0.0096927
-0.0224247
0.0045327
-0.0027185
-0.0039604
0.0805996
-0.0359226
-0.1497050
-0.0299956
0.0024107
-0.0036557
-0.0342561
0.0288064
-0.0184103
0.0102941
0.0154292
0.0038393
-0.0073081
0.0334901
0.0134650
-0.0106688
0.0076388
-0.0030862
-0.0032285
0.0151813
0.0118166
