0.0384291
0.0362760
-0.0125788
0.0012563
0.0176122
0.0159940
0.0371964
0.0006102
-0.0085911
0.0277333
0.0121131
-0.0309135
0.0084301
-0.0005801
-0.0090270
-0.0083529
0.0342922
0.0291566
-0.0127984
-0.0187842
0.0009570
0.0298741
0.0083983
0.0064449
-0.0175639
0.0075875
0.0009930
-0.0002507
-0.0098409
-0.0032762
-0.0441328
-0.0588145
0.0813244
0.0211134
0.0075467
-0.0596657
-0.0332392
0.1006357
-0.0131018
-0.0523165
-0.0582617
-0.0299346
-0.0292083
-0.0202838
0.0048697
0.0144161
0.0108593
0.0018826
0.0026103
0.0182295
0.0119351
0.0040834
-0.0227366
0.0112770
0.0003492
0.0188443
0.0203035
0.0104640
0.0100826
-0.0157247
0.0414218
0.0220733
0.0475601
-0.0756494
-0.0264210
0.0947858
0.0126553
0.0351644
-0.0511401
-0.0213257
0.0082345
0.0562505
-0.0151316
-0.0198900
-0.0390317
-0.0406051
-0.0194606
-0.0119795
0.0321801
-0.0183446
0.0170632
0.0371715
-0.0137796
-0.0144064
-0.0330737
0.0271156
0.0300594
-0.0159572
-0.0010334
0.0163241
-0.0158957
-0.0133514
0.0023819
0.0360620
-0.0088750
-0.0211308
0.0014286
0.0165424
-0.0284083
-0.0347870
-0.0086129
0.0240348
0.0025017
0.0291866
0.0134821
-0.0345273
-0.0374194
0.0777689
0.0656776
0.0421625
0.0047637
-0.0695644
-0.0257990
0.0140877
0.1300396
0.0312969
-0.0150727
0.0353607
0.0172827
0.0061917
0.0308082
-0.0397974
-0.0159245
0.0136017
-0.0255167
0.0025162
-0.0246920
-0.0114232
0.0092716
-0.0278762
-0.0026435
-0.0156115
0.0106488
-0.0028086
-0.0167434
-0.0241537
-0.0344736
0.0006044
0.0419756
0.0357354
-0.0040251
-0.0293403
-0.0254989
0.0227625
0.0644522
0.0080285
-0.0190264
-0.0243487
-0.0131999
-0.0254957
0.0533716
0.0610289
-0.0158641
-0.0348842
-0.0247658
0.0271203
-0.0023593
0.0014929
-0.0121931
-0.0336029
-0.0199815
0.0133821
0.0185157
0.0059401
-0.0027460
0.0044696
0.0087843
-0.0187453
0.0024882
-0.0096050
-0.0063652
0.0243274
-0.0307011
0.0087874
-0.0285784
-0.0290554
0.0444411
-0.0042146
-0.0062559
-0.0016064
-0.0296592
-0.0315980
-0.0186154
0.0749087
0.0610243
0.0448916
-0.0027075
-0.0375222
-0.0494582
-0.0878729
0.0096907
0.1638873
-0.0363216
-0.0458828
-0.0160345
0.0255989
0.0242306
-0.0131389
-0.0005698
0.0139771
