-0.0329126
-0.0357272
-0.0453817
0.1248792
-0.0409494
-0.0199224
-0.0015041
0.0327206
0.0004054
0.0306922
-0.0312691
-0.0086720
-0.0415350
-0.0098759
-0.0116086
0.0049669
0.0043237
-0.0030132
-0.0121262
0.0164249
-0.0115803
-0.0224486
-0.0252215
-0.0101963
0.0006125
-0.0048196
0.0293324
0.0336758
0.0207212
-0.0148657
-0.0169030
0.0082091
0.0010229
-0.0049964
-0.0067117
0.0026112
-0.0386384
-0.0756068
0.0927752
0.1032520
0.0397466
0.0021303
-0.0280575
0.0200067
-0.0478996
-0.0331080
-0.0330160
-0.0417084
-0.0079786
0.0193565
0.0270774
0.0060414
-0.0067797
0.0183685
-0.0350359
0.0074399
0.0009891
-0.0313041
0.0240231
-0.0011886
-0.0031622
0.0202067
0.0076653
-0.0046587
-0.0170510
-0.0268570
-0.0244928
0.0421257
0.0305395
-0.0202329
-0.0338742
-0.0082881
0.0770708
0.0849722
0.0212460
0.0033462
-0.0372994
-0.0722178
-0.0145750
-0.0534448
-0.0144082
-0.0180896
0.1049306
-0.0070110
-0.0409778
-0.0472208
0.0365743
0.0199212
-0.0072828
-0.0340331
-0.0003431
0.0003423
-0.0092934
-0.0198724
-0.0141677
0.0203308
0.0274294
0.0161917
-0.0243768
-0.0053611
0.0240629
-0.0010409
-0.0123638
-0.0042037
-0.0020481
-0.0050333
0.0129678
-0.0257183
-0.0105612
-0.0262352
0.0387174
0.0103618
0.0100718
-0.0234424
-0.0316406
-0.0163746
0.0013865
-0.0082054
-0.0160201
-0.0033097
0.0047918
0.0177059
-0.0260355
-0.0099877
0.0167720
0.0097855
0.0261837
-0.0301057
0.0043504
-0.0108012
0.0119407
0.0143389
-0.0047495
-0.0026781
-0.0006980
-0.0088820
0.0098652
0.0106869
-0.0000859
-0.0159091
-0.0000206
0.0178013
-0.0199257
0.0136987
-0.0123610
0.0389075
0.0494448
0.0434058
0.0158564
-0.0669248
-0.0678727
-0.0331182
0.0577247
0.0892540
0.0286944
-0.0430804
-0.0441686
0.0931425
0.0915139
-0.0065941
0.0002830
0.0341532
-0.0025573
-0.0114716
0.0195822
-0.0088943
-0.0123742
0.0270742
-0.0019448
0.0108846
0.0044447
0.0030636
0.0261727
0.0212539
-0.0125516
-0.0313833
0.0031709
-0.0096802
-0.0056497
-0.0069783
-0.0238286
0.0129289
-0.0321448
-0.0116967
-0.0056285
0.0248228
0.0088881
0.0263197
0.0254931
-0.0032427
-0.0138371
-0.0714717
0.1084214
0.0622577
0.0387596
-0.0251001
-0.0632676
0.0219752
0.0701306
0.0806652
