-0.0125783
0.0030217
0.0249687
-0.0018806
-0.0266443
-0.0475953
0.0702682
0.0391406
-0.0013728
0.0198563
-0.0626675
0.0038311
0.0891540
0.0928624
0.1032184
-0.0087213
-0.0191266
-0.0588171
-0.0084933
-0.0237529
0.0420040
0.0194388
0.0345450
0.0073212
0.0076167
-0.0321735
-0.0244984
0.0281670
-0.0003703
0.0169413
-0.0162100
0.0043167
-0.0284303
-0.0132488
0.0055203
0.0094055
0.0341360
0.0080348
0.0137820
0.0054095
0.0084376
0.0057766
-0.0026981
-0.0272822
-0.0363687
0.0170058
-0.0239451
0.0325601
0.0887356
0.0300453
0.0201414
-0.0263662
-0.0303546
-0.0043230
0.0536842
-0.0025296
0.0115012
-0.0111945
0.0191995
-0.0008375
-0.0306507
-0.0334487
0.0081224
0.0025200
-0.0098609
0.0136360
-0.0007616
-0.0325302
-0.0228373
0.0021845
0.0118045
0.0236851
-0.0088791
-0.0026397
-0.0351012
0.0077767
-0.0048975
-0.0083234
0.0251557
0.0404721
0.0381422
0.0149958
0.0268734
-0.0675917
0.0396975
0.1123317
0.0218796
-0.0129533
-0.0647714
0.0847773
0.0294743
-0.0438305
-0.0266522
0.0006659
0.0372229
0.0503205
0.0309007
0.0389077
-0.0111881
-0.0108756
-0.0403688
-0.0166069
0.0273516
-0.0171661
-0.0027559
0.0160401
0.0254531
-0.0035171
0.0177507
-0.0107419
0.0169024
0.0281753
-0.0252582
0.0189874
0.0248519
0.0065129
0.0190095
-0.0287419
0.0042067
0.0001817
0.0366927
-0.0773284
0.1174010
0.0991651
0.0022180
-0.0275477
-0.0394534
0.0162310
0.0025112
0.0629944
0.0188388
0.0065635
-0.0101215
0.0075828
0.0247942
-0.0148941
0.0282931
0.0059249
0.0219863
-0.0082047
0.0326310
0.0284353
-0.0120448
0.0002777
0.0028058
-0.0134993
0.0154850
-0.0066250
-0.0208127
-0.0170920
0.0381719
0.0277516
-0.0278234
-0.0151760
-0.0150164
0.0160843
0.0077822
-0.0214516
-0.0390401
-0.0586479
-0.0169012
0.0003262
-0.0540812
0.0737372
0.0589732
-0.0670010
-0.0481277
0.0047533
0.0035043
-0.0243972
0.0332004
0.0214730
0.0523932
0.0294990
0.0173162
0.0080315
0.0094063
0.0167497
0.0171509
0.0320690
-0.0157871
-0.0047738
-0.0068593
0.0166708
-0.0245754
0.0003900
0.0074244
0.0019480
0.0102281
0.0068285
0.0213425
0.0065909
0.0050791
-0.0357502
-0.0384122
0.0120721
0.0054885
0.0095390
0.0287408
0.0113725
