-0.0019927
0.0180738
0.0114785
-0.0249894
0.0024953
0.0058749
0.0154304
-0.0179493
-0.0305645
0.0170994
-0.0231429
0.0022637
0.0400768
0.0082120
0.0098485
-0.0185669
-0.0301043
-0.0146883
0.0029912
0.0117515
-0.0153311
0.0136808
0.0491295
0.0782520
0.0160686
-0.0898944
0.0967094
0.1630941
0.0725920
-0.0313080
-0.0689355
-0.1127977
-0.0277496
0.0382646
0.0313468
-0.0003623
0.0139427
0.0054091
0.0235617
0.0107348
0.0377939
-0.0187317
0.0172891
0.0169336
0.0191136
-0.0037547
-0.0133795
0.0149640
-0.0088827
0.0302834
-0.0108093
-0.0024757
-0.0335386
-0.0217030
0.0205546
-0.0168005
-0.0352702
-0.0126303
0.0598403
-0.0274333
-0.1146966
-0.1562260
-0.1618525
-0.0841244
-0.0637413
0.0103230
0.0194412
0.0409614
0.0061963
-0.0185271
0.0093085
0.0033138
0.0317740
0.0172560
0.0082262
0.0268838
-0.0070425
0.0011528
-0.0249292
-0.0041878
0.0141246
0.0055080
0.0008828
-0.0079546
0.0021772
-0.0089707
0.0218527
0.0186268
-0.0051914
0.0391844
0.0354968
0.0189420
-0.0110444
-0.0100943
-0.0325093
0.0171849
0.0544642
0.0717595
0.0344501
0.0401148
-0.0409629
-0.0171766
0.0520676
0.1381920
0.1153927
-0.1023970
-0.0293216
-0.0596995
0.0189145
-0.0009824
-0.0030770
0.0117252
0.0046841
-0.0114397
-0.0237205
0.0204376
-0.0143174
0.0267683
0.0061098
-0.0160393
0.0208975
0.0119833
0.0144634
0.0220755
0.0106248
-0.0009160
-0.0053923
0.0052582
-0.0034434
0.0319191
-0.0165868
-0.0284259
0.0125183
0.0437249
0.0723226
0.0505936
0.0081091
0.0096096
0.0709348
0.1578234
0.0756808
-0.0076060
-0.0637753
-0.0017037
-0.0160610
-0.0073729
0.0110903
0.0110735
0.0145914
0.0122320
-0.0340556
0.0225975
-0.0215316
0.0096304
0.0200502
0.0146211
-0.0198641
0.0059719
0.0079031
-0.0219485
0.0103280
-0.0126827
0.0211168
0.0022829
-0.0004148
-0.0002544
-0.0303081
-0.0309361
-0.0037290
-0.0092363
-0.0315267
-0.0306500
0.0178524
0.0412113
0.0558982
-0.0411556
-0.1098593
-0.0307974
0.1079427
0.0322652
-0.0778940
-0.0821905
-0.0174832
-0.0268721
-0.0303469
0.0077198
0.0121644
0.0016469
0.0274223
0.0258352
-0.0230866
-0.0196987
-0.0119558
0.0143520
0.0350858
0.0036697
0.0155147
0.0131830
0.0267521
0.0003729
