0.0637906
-0.0683498
-0.0751430
0.0574935
0.0613691
-0.0394767
-0.0089552
-0.0132598
0.0152387
0.0014765
-0.0361121
-0.0517041
0.0036251
-0.0279413
-0.0412721
-0.0206365
-0.0344766
0.0392236
-0.0618506
-0.0260577
0.0513065
-0.0333259
0.0400520
-0.0145119
0.0123943
0.0365246
0.0274872
-0.0400600
0.0557664
0.0326460
-0.0360176
-0.0367824
-0.0306202
-0.0257835
-0.0270412
0.0507663
-0.0094708
-0.0624045
-0.0860201
0.0080974
-0.0064294
-0.0217543
0.0255993
0.0730043
0.1480181
-0.1647408
0.1634506
-0.0204229
0.0326791
-0.0686795
-0.0643686
-0.0801636
0.0153669
0.0165347
0.0336660
-0.0213857
0.0045066
-0.0041399
0.0530205
0.0271659
-0.0600678
-0.0073000
0.0518230
-0.0051733
0.0274710
-0.0004038
-0.0110842
0.0170702
0.0417331
-0.0609450
0.0416562
-0.0138164
-0.0601421
0.0611234
0.0490058
-0.0282322
-0.0611211
0.0024586
-0.0125738
0.0278884
0.0026658
-0.0047051
0.0248974
0.0591144
-0.0509590
0.0483972
0.0566988
0.0359385
-0.0518399
-0.0519164
-0.0011268
-0.0670656
0.0704876
-0.0311186
0.0675390
0.0427479
0.0487685
-0.0565313
-0.2250908
-0.3418579
0.0826194
-0.3727044
-0.3426078
-0.0208808
0.0080930
0.0934347
0.0050201
0.0300086
-0.0014220
-0.0084549
0.0040305
-0.0115464
-0.0035642
-0.0115874
0.0179247
0.0013317
0.0260443
-0.0248565
0.0455887
0.0147134
-0.0028075
-0.0055114
-0.0545440
0.0117828
-0.0036531
0.0289600
0.0269875
0.0192160
-0.0495105
0.0431834
-0.0210672
0.0444905
0.0041727
0.0104310
-0.0076621
-0.0091555
-0.0486902
0.0810875
0.0557253
0.0721940
-0.0502115
-0.0648945
0.0256772
-0.0490919
-0.0006816
-0.0328022
-0.0069476
-0.0286583
0.0390018
0.0355792
-0.0485800
0.0310547
0.0245201
0.0091668
-0.0216094
0.0972227
-0.1124501
-0.0671749
-0.0628765
0.0555042
-0.0170565
-0.0173030
0.0262460
0.0157228
0.0206161
-0.0510097
0.0030520
-0.0357591
-0.0604098
0.0210550
-0.0320952
0.0384063
-0.0424388
0.0047175
0.0700216
-0.0327412
-0.0367509
0.0149319
-0.0302566
0.0784967
0.0399655
0.0661664
-0.0248008
-0.0654348
0.0387630
0.0450606
-0.0171307
0.0152424
0.0020652
-0.0157733
0.0372499
-0.0280359
-0.0824911
-0.0452365
-0.0702070
0.0187466
0.0296380
-0.0144731
0.0169722
-0.0229772
