-0.0382394
-0.4386666
-0.3164806
0.6278565
-0.1729878
-0.0969971
-0.0914741
0.0133400
0.0968786
0.1152514
-0.0951761
0.0012722
0.0099934
0.0318942
0.1063900
-0.0474405
-0.2353732
-0.1339418
0.0559466
0.2232780
0.1810271
0.1677416
0.0899911
-0.0632270
-0.6088662
0.7964516
-0.1075641
-0.2578054
-0.3355470
-0.3031498
-0.2184744
-0.1115042
0.0864413
0.1092722
0.0102137
-0.0537111
-0.0354577
-0.0093452
0.2394263
0.2586655
0.2019119
0.0857812
-0.0985880
-0.4183409
-0.5547265
0.6483510
-0.2407418
-0.0413853
0.1922150
0.1294210
0.0882674
0.1187441
0.0076892
-0.0366681
-0.0921546
0.0968386
-0.5105080
-0.2995149
0.4158955
-0.0806564
-0.1748866
-0.2417131
-0.2962340
0.1582726
0.1063163
-0.1147522
-0.1805376
-0.1190967
0.0295039
-0.0693656
0.0753222
0.2048290
0.0149318
-0.0042616
-0.1712612
-0.4679955
0.2348606
0.5057946
0.4348799
0.2978727
0.1244861
-0.0931435
-0.2055356
0.0433347
0.0687082
-0.0236002
0.0638274
-0.0122951
-0.0461179
-0.0370007
0.0309310
0.1302529
0.0447838
-0.0109482
-0.6021059
-0.5025613
0.0455550
0.5935784
0.1572919
-0.0674958
-0.2443080
-0.0282033
0.0447945
0.0809876
0.1390862
0.0511989
0.0414534
0.1179997
0.0078379
0.0677620
-0.0957337
-0.2052148
0.1140113
0.1508887
0.1916443
0.0567915
-0.6537316
0.6978535
0.5667449
-0.2328869
-0.1355757
0.1029713
0.0477770
0.0445513
-0.0550483
-0.1139243
-0.1211867
-0.0016249
0.0417850
0.0993093
0.1181134
0.7233644
0.6653137
0.0076891
-0.2377298
-0.1586478
-0.2845516
0.0503727
0.1421207
0.1618581
0.0728690
0.0959650
-0.1010215
-0.0405098
0.0170982
-0.0494234
-0.0117267
0.2146309
0.1498488
-0.0325331
-0.0497798
-0.3804787
-0.3339030
0.3449787
0.5603602
-0.1220512
-0.0145239
0.0586002
0.1686363
0.0998065
-0.1594656
-0.0668648
0.0324968
0.1066157
-0.0516773
-0.5081690
-0.3097445
0.6008296
0.5521471
0.3580341
-0.0055690
-0.1114143
-0.1019144
-0.2534578
0.0190401
0.0912670
0.0340379
0.0412517
0.0491459
-0.1116164
-0.1261222
-0.0780583
-0.0188611
0.1046960
0.0349134
-0.1111583
0.0940574
0.1982926
0.1148502
0.0519164
-0.4473823
0.2849964
0.0327022
-0.0300912
-0.0699753
-0.0315159
0.0462976
0.0501906
0.0964443
0.0711713
