0.0286189
0.0324390
0.0580150
-0.0833556
-0.0749594
0.0385547
-0.0191431
0.0259177
0.0016281
0.0246125
0.0017988
-0.0226909
-0.0122517
0.0392278
-0.0111875
0.0236706
0.0469496
0.0310088
0.0185154
-0.0185738
0.0117412
0.0110893
-0.0329107
-0.0190226
-0.0030404
-0.0089799
-0.0295458
-0.0507425
-0.0256312
-0.0102317
0.0094394
-0.0484710
-0.0226992
0.0211232
-0.0289457
-0.0412495
0.0113761
0.0079236
-0.0362971
0.0103031
-0.0127578
0.0058480
0.0472443
0.0356495
-0.0096518
-0.0090371
0.0480864
-0.0935910
-0.0849174
0.0006570
-0.0076685
0.0545259
0.1309093
0.1402187
-0.2442235
0.3568739
-0.1017492
0.0653125
0.1340141
-0.0234192
0.0084362
-0.0226500
-0.0720660
0.0224607
0.0023580
0.0149198
0.0030712
0.0154411
-0.0348459
0.0443022
-0.0284910
-0.0179865
0.0022072
0.0157201
0.0369730
0.0330672
0.0522761
-0.0163392
-0.0198693
-0.0442559
-0.0384961
-0.0434787
-0.0235772
0.0038943
0.0185377
-0.0083675
-0.0369261
-0.0244744
-0.0425562
0.0274104
0.0125175
0.0198635
-0.0003484
0.0013839
-0.0476162
0.0397588
-0.0316896
-0.0332037
-0.0456659
0.0214691
-0.0093594
0.0118257
-0.0483849
-0.0425117
0.0284563
-0.0411803
-0.0370864
-0.0258491
-0.0160923
0.0252126
0.0138308
0.0367859
-0.0393669
0.0274946
0.0497750
0.0115130
0.0050472
-0.0135390
-0.0011385
0.0325633
0.0038957
0.1789038
-0.0890606
0.0525836
0.0666034
-0.0409412
-0.0576843
-0.0668017
-0.0428743
-0.0297436
0.0645936
-0.0641151
0.0309095
0.0124864
0.0511292
0.0204878
0.0544222
-0.0282249
0.0415224
-0.0409511
-0.0028970
0.0256414
0.0465436
-0.0119951
0.0185734
0.0346973
-0.0415621
0.0122518
-0.0015619
0.0185894
-0.0015042
0.0036314
0.0100606
0.0250300
0.0293476
0.0434077
0.0457848
0.0380129
0.0146336
0.0475500
0.0266840
-0.0183675
-0.0289400
-0.0341532
-0.0267647
-0.0544612
0.0228023
0.0034567
0.0434644
0.0392489
0.0335255
0.0019456
0.0221566
0.0005668
-0.0233737
-0.0096164
-0.0179952
0.0663793
0.0900887
-0.0313246
0.0806907
0.0693926
-0.1124880
-0.0803417
0.0173884
0.0998493
0.0572255
0.0626867
-0.0020186
-0.0614448
-0.0274804
-0.0064534
0.0307080
-0.0235234
0.0420656
0.0070390
-0.0385031
0.0461636
-0.0240298
0.0583274
