-0.0311222
0.0574447
-0.0257585
0.0399655
-0.0482746
0.0387630
-0.0364921
0.0152424
0.0020652
-0.0049779
0.0064003
-0.0280359
-0.0217386
-0.0590479
-0.0824911
-0.0702070
-0.0162714
0.0617629
0.0187466
0.0280477
-0.0050273
-0.0144731
-0.0229772
-0.0198747
-0.0411626
0.0861715
-0.0692537
-0.0128926
-0.0128161
-0.0785804
-0.0066090
0.0661237
-0.0175313
-0.0133461
0.0273240
-0.0569667
-0.0599931
-0.0379080
0.0434611
0.0137557
-0.0548176
0.0040971
-0.2022306
-0.1418703
-0.0294854
-0.4820000
0.0783366
-0.0980032
-0.1080773
-0.1157690
-0.0610168
0.0285581
0.0910910
0.0305077
-0.0368374
-0.0145578
0.0037574
0.0358671
-0.0329951
0.0355113
-0.0098887
0.0548189
0.0635822
0.0259699
0.0570659
0.0378695
-0.0107858
0.0184838
-0.0017457
-0.0264564
-0.0359924
0.0499752
-0.0046360
-0.0042722
0.0472138
0.0656120
-0.0759324
-0.0463002
-0.0108487
0.0445887
0.0089408
-0.0468118
0.0250160
0.0486647
-0.0372300
-0.0486746
0.0057549
0.0158622
-0.0013384
0.0131022
0.0261276
-0.0135805
0.1151603
0.0424866
0.1540636
-0.0153396
-0.1117446
0.0893338
0.0027236
-0.1035914
-0.0223832
0.0945829
0.0274483
-0.0158637
-0.0105207
-0.0965146
-0.0723612
0.0142879
0.0959012
0.1060393
-0.0121828
-0.0219508
0.0109885
0.0354007
0.0546938
-0.0287564
0.0473156
-0.0578650
-0.0389650
-0.0231703
-0.0019731
0.0250780
-0.0220663
0.0150710
-0.0268084
0.0011389
-0.0484721
-0.0536675
0.0135847
-0.0153934
-0.0314477
0.0147376
-0.0603069
-0.0030047
0.0002035
0.0537957
0.0716383
0.0584578
-0.0460987
0.0370950
0.0362118
-0.0241422
-0.0571085
0.0125909
0.0473950
0.0783077
0.0306752
-0.0931067
0.0153724
-0.0606050
-0.0802643
-0.0177192
0.0202564
0.1442772
0.1646432
-0.1676334
0.0299625
0.1340355
0.0202425
-0.0814298
0.0287921
0.0286888
0.1014156
0.0226596
0.0318624
0.0241316
0.0356855
0.0374651
0.0197670
0.0150559
0.0324178
-0.0043682
0.0043054
0.0431891
-0.0190426
-0.0245952
0.0091711
-0.0050026
0.0158194
-0.0368052
-0.0304754
0.0524792
-0.0301241
-0.0383094
0.0187317
0.0045471
0.0540474
0.0618916
0.0209387
0.0026523
0.0362894
0.0512923
0.0421381
0.0489373
0.0561827
0.0379731
0.0232867
-0.0235747
0.0653722
0.0468998
