0.0146198
0.0741367
-0.0931559
0.0351852
0.0983489
0.0299117
0.0628815
0.0743239
0.0740737
-0.0392714
-0.0767670
0.0246342
-0.0573317
0.0870353
0.0020784
-0.0701667
-0.0508316
-0.0417197
0.0710793
-0.0906044
0.1049973
-0.0956488
0.0310929
-0.0917890
0.0184604
-0.0984640
-0.0219420
-0.0967356
0.0966981
0.0671321
0.0604878
-0.0861780
0.0100886
-0.1038869
-0.0669557
0.0934124
-0.0850967
0.1101427
-0.1088880
-0.0727063
-0.0744177
0.0440868
-0.0281518
-0.0255732
-0.0029987
-0.0602136
0.0675831
0.0555924
-0.0077790
-0.1099333
-0.1041205
0.0321348
0.1047314
-0.0080306
-0.0402773
-0.0705775
0.0354482
-0.0179817
-0.0776914
-0.0347897
-0.0879753
-0.0630207
-0.0555690
-0.0295584
-0.0117726
0.0408344
-0.1050808
0.0185242
0.0340654
-0.0751258
0.0705940
-0.1067946
-0.0913164
-0.0611744
0.0298048
-0.0288491
0.1246643
0.2218903
0.1116797
0.1884404
0.1862760
-0.1959323
0.0222731
0.1185190
-0.0200278
-0.1608860
0.0942325
-0.0101963
0.0058331
-0.0861652
0.0561259
0.0493180
0.0201351
0.0445681
0.0678093
0.0224438
-0.1082090
0.0121454
-0.0660454
-0.0069804
-0.0374546
-0.0759906
-0.0825993
0.0610079
-0.0797536
0.0142040
-0.1096799
0.0166219
0.0040608
0.0336274
0.0432288
-0.0842128
0.0388795
0.0511077
0.0646589
-0.0481002
0.0386725
-0.0369727
-0.1071233
0.0918980
-0.0423369
-0.0633376
-0.0932468
-0.0521973
0.0231757
0.0781097
-0.0010950
0.0709758
0.0623965
0.0672779
-0.0847313
-0.0493800
0.1167480
0.1106051
-0.0680394
-0.0173928
-0.0511520
-0.0434429
-0.0183960
-0.0419511
-0.0709362
-0.0696180
0.0237868
-0.0211261
-0.0720162
-0.2064001
-0.0041692
0.0193728
0.2574652
-0.1605900
0.0594266
-0.0600628
-0.1762368
0.0845576
0.0503132
0.1637401
-0.0577269
-0.0526334
-0.0388819
0.0438148
0.0408079
-0.0312371
-0.0152290
-0.0956111
0.0630389
-0.0900079
0.0943714
0.0722414
0.0163221
-0.0925695
-0.0431892
-0.0302168
-0.0143255
0.0138592
-0.0061845
-0.0608828
-0.0578918
-0.0837236
-0.1084320
-0.1432869
0.0730041
-0.0160709
-0.0228565
0.1906031
0.1896440
0.0483343
0.0609798
-0.0134223
-0.0955713
-0.2103309
0.1237584
0.1677224
0.4285881
0.4216786
0.2288898
0.7073950
0.8921579
0.1363949
-0.0883131
-0.2798828
