-0.0101515
0.1096337
-0.2614764
-0.1725127
0.0055696
0.1308985
0.0285046
-0.0754563
-0.1278472
-0.0805925
0.0199347
-0.0425050
-0.0125763
0.0773957
0.0169850
-0.1111251
-0.0023323
-0.0413783
0.1156877
0.0304060
-0.0387756
0.1636027
0.0342246
-0.1431286
-0.1193106
0.0892481
0.0117718
-0.1528208
-0.0435543
0.0720773
-0.1531090
-0.0351426
-0.1500143
0.0494674
-0.0996701
-0.0242955
0.1465926
0.0459286
0.1164685
-0.1465437
-0.1425011
0.1370251
-0.0922676
-0.0742158
-0.1265152
0.0255562
-0.0346889
0.1019878
0.0276919
-0.0735353
0.1199449
-0.1135427
0.0478720
0.0652817
-0.0969482
0.1348457
-0.1472003
0.0376567
-0.1524164
-0.0201901
-0.0351898
0.1465858
-0.0137158
-0.0066894
-0.0435899
-0.0594476
-0.0811172
-0.0093616
0.0530319
-0.1452706
-0.1179422
0.1341659
0.0608486
0.1410676
-0.1211775
-0.1387213
-0.0922599
-0.1014854
0.1123177
-0.1051124
-0.0019444
-0.0296050
-0.1136544
0.1077656
0.1412761
0.1112721
-0.1048938
-0.0693660
0.0938781
0.1553603
-0.0170995
0.0719333
-0.0026569
0.1529331
-0.0503576
-0.0396833
0.0471961
-0.1173737
0.0626039
-0.0078489
-0.0082450
-0.0773545
0.0241857
-0.0374732
-0.0095926
0.1179934
-0.1583135
-0.1446857
-0.0791685
0.1559301
0.6812229
0.1277739
-0.0395528
0.0260869
0.1663641
0.1454459
-0.0495263
-0.1244683
-0.1515092
0.0998732
0.1234755
-0.0194265
0.1140090
0.1407279
-0.0018862
0.0914650
-0.0191411
-0.1319840
0.0691677
0.1478157
0.0474577
-0.0684053
0.0670715
0.0821627
-0.0098020
0.1078881
-0.1122020
0.0318213
0.0866987
0.0403938
-0.1306695
0.0069063
0.0475727
-0.0711407
-0.0157498
-0.0031610
0.0778793
0.0062169
-0.1052177
-0.0750518
0.0898924
-0.0584100
0.0082435
-0.1246311
-0.0105111
0.0085482
0.1948113
-0.0754252
-0.1038272
-0.1941781
0.1592197
0.1989342
-0.1884831
0.1627598
-0.1144212
-0.0151615
-0.1697670
-0.0486217
-0.1150464
0.1642099
-0.0699248
0.1428900
0.0261203
-0.0023543
-0.1238186
-0.1343777
-0.1567793
-0.1081134
-0.0006402
0.0618725
0.0264071
0.0093369
-0.0066635
0.0063025
0.0169580
-0.1388135
0.0890207
0.0726956
0.0765574
0.1201247
-0.1394116
-0.0515047
0.1285996
0.0120496
0.1034638
0.0906708
0.0357015
-0.0683082
0.1008291
-0.0023713
