0.1946741
0.0509878
-0.0923245
-0.1911565
-0.0874066
-0.0539592
0.1593526
-0.0781435
-0.1594591
0.0475179
-0.0234730
-0.0976779
-0.0578186
0.1531352
0.1973404
0.2515723
0.0438468
-0.2272417
-0.7044898
-0.1659659
0.2271014
0.4530167
0.8051808
0.9498159
-0.3764520
0.1618061
0.4468372
0.0950331
-0.0060120
-0.0408352
-0.2021714
-0.1934673
0.0460315
0.0350419
0.1917787
-0.0526887
-0.0053236
-0.0525951
0.1452000
0.0963198
0.1592182
0.1932701
0.0445071
-0.0679574
-0.1718831
-0.3215208
-0.2481561
0.0365397
-0.3547710
-0.5628473
-0.1821366
0.4505382
0.3487087
-0.1667657
-0.0297797
0.1052638
-0.0586666
-0.0437914
-0.0628505
0.2057820
0.1705930
-0.0292302
-0.0023299
-0.1071228
0.0661255
0.0254269
0.0910729
-0.1698884
-0.1329741
0.1083756
0.2038175
0.1454230
0.0207937
-0.1714172
-0.5593825
-0.7593654
0.1999007
0.8010828
1.1194213
1.0283601
0.7910847
-0.4949892
-0.5929432
0.4151820
0.2060262
0.1120112
-0.1332963
-0.1163714
-0.0237225
0.1112529
-0.0052471
-0.1016001
-0.1100019
0.0122402
0.1103293
0.1681318
0.0950129
0.0554653
-0.1201831
-0.1731964
-0.0379313
0.0432333
0.1984615
0.1840601
0.0924640
0.0836069
-0.0873256
-0.2663968
-0.2651541
-0.0566004
0.5434815
0.7398859
-1.0066958
-0.4454297
0.0746452
0.1651315
0.0308379
-0.1498161
-0.0903942
-0.0875505
0.0152870
-0.0875128
-0.0795759
-0.1124693
0.0037529
-0.0317454
-0.1114449
-0.1097858
-0.0455674
-0.0434607
-0.1564272
-0.0702591
-0.3244871
-0.4916511
-0.4165741
0.0972042
0.2723957
-0.7733261
-0.4188270
0.0923591
0.3020519
0.1887776
0.2319006
-0.0921153
-0.1937678
-0.1752481
-0.1274384
0.1324215
0.1512953
0.0770421
-0.0724961
-0.1771331
-0.0987627
0.0301373
-0.0789269
0.0325521
-0.0877949
-0.0582321
-0.1138229
0.0881658
-0.0614720
-0.1231895
-0.4243657
0.4896738
-0.0260028
-0.7230172
-0.0840818
0.1874699
0.3122214
0.3587164
0.1498457
0.0307218
-0.0389935
-0.1851924
-0.2337891
-0.0912326
-0.0449320
0.2029315
0.1322201
-0.1494833
-0.0011244
-0.1003547
-0.1602157
0.0421181
0.1047374
0.0835344
0.0509885
-0.0687539
0.0691926
-0.1466051
-0.1844366
-0.0961150
0.1376920
0.3064737
0.2332576
-0.3382944
-0.4846021
0.1750627
0.4425610
0.6891553
