-0.0055892
-0.0273998
0.1217608
-0.1068107
-0.1867691
0.2314272
-0.0404218
-0.4464508
-0.2269557
-0.1041695
0.0718627
0.1314289
-0.0420554
-0.0592272
0.0516598
0.0792839
-0.0574748
0.0697777
-0.0296425
-0.0879661
0.0718164
-0.0182652
0.1097085
0.1393103
-0.0231378
-0.0450425
0.1072551
-0.0931618
0.1278683
-0.0286688
-0.1393540
0.1226217
0.1347633
0.0514094
0.1172439
-0.1013994
-0.0365257
-0.0616090
-0.0151112
-0.1489193
0.1192272
0.0306751
0.0659670
0.2204720
-0.0184695
-0.1045075
0.4515007
-0.2373105
0.4667752
0.0618722
-0.6488755
-1.2148159
0.8789031
0.5537789
-0.4603486
0.1235448
-0.0180724
-0.1843123
0.1296941
0.0821074
0.0794444
0.1597919
-0.0000870
0.0090662
-0.1100737
0.0316091
-0.0750022
-0.0258619
-0.1853563
0.0289243
0.0764697
-0.0102085
-0.0553059
-0.1097785
-0.1044251
0.0342402
-0.0413293
0.0276572
-0.1179006
-0.0138332
0.1091942
-0.0842829
-0.1353360
0.0024223
0.0398256
0.1714453
0.0086349
-0.0577898
-0.1311730
0.1000871
-0.0286233
0.1105378
0.0051744
0.0106390
0.1248855
-0.1002972
-0.0875857
0.0017572
-0.1306715
0.1501707
-0.0612648
0.0741249
-0.0721376
0.1507753
-0.0943855
0.0573346
0.1396869
0.0224735
0.0211434
-0.0866208
-0.0941548
-0.0528079
0.0504157
-0.0855154
-0.1168294
0.0633739
0.1624579
-0.1546583
-0.0658856
-0.0914485
0.0937893
-0.0719066
-0.1030879
-0.3609877
-0.2231417
0.0674907
-0.0929142
-0.3112434
-0.2631577
-0.0500487
0.1164555
-0.1636554
0.1185029
0.0196738
0.0997469
-0.0324680
-0.0838568
0.0881972
-0.1130163
0.1154761
-0.0081748
0.0071058
-0.0464589
-0.0804990
0.0258309
-0.0488852
-0.1836225
-0.1786068
0.1203971
-0.0684552
0.2172211
0.2190622
0.1725929
0.0171405
-0.2334270
0.0397934
-0.0387183
-0.4127551
-0.0003322
-0.7836817
0.1260108
0.0564964
-0.2436616
0.1946151
0.1002993
0.0758770
0.0475279
-0.1275452
0.0342141
-0.1501141
0.1378026
0.0130553
-0.0302018
-0.1249391
0.0032241
-0.1332645
0.1428128
0.1375302
0.0706959
-0.1529503
0.0409583
0.1102019
-0.0991880
-0.1367916
0.1444195
0.0807120
0.1058377
-0.0232451
-0.0418574
0.1477786
0.1335974
0.0654561
0.0107812
-0.0237688
-0.0606368
0.1383076
-0.0875816
0.0611230
0.0142502
-0.1338194
