-0.0637598
-0.1562595
-0.1599863
-0.1038717
0.0562170
0.0443972
0.0265029
-0.1606659
-0.1368244
0.1160361
0.1996526
-0.1307193
-0.2239891
-0.0678851
-0.1616587
-0.1033311
0.0920685
0.1005977
0.5264719
-0.2395565
-0.5593626
-0.9333470
-0.2382108
0.5316427
0.5427191
0.2156936
0.1611932
-0.0297446
-0.2854776
-0.1854373
-0.1781722
0.0202743
0.1796087
-0.0235721
0.1354854
-0.0832241
-0.0634521
0.1531848
0.1547108
-0.0543450
-0.1203719
-0.1101592
0.0748258
-0.1465612
0.0820323
0.0493842
-0.1489037
0.0802543
-0.0048092
0.0514877
0.1294548
-0.0313061
-0.1180690
0.1032664
-0.1299722
0.1457559
-0.0766704
0.1321993
-0.0516878
0.0773531
0.1460552
-0.1406535
0.1461817
-0.0983245
-0.0822383
0.0956103
-0.0823863
-0.0015640
0.0499707
0.1059551
-0.1117916
-0.0423329
-0.0075133
0.0166705
-0.0153538
0.1312360
-0.0910114
-0.0386661
-0.0264440
-0.0721195
-0.0240855
-0.0555593
-0.1066096
0.0010176
-0.0265114
0.0066905
0.0385761
-0.0624533
-0.0739794
-0.0702171
-0.1160008
-0.0609976
0.0052001
-0.1276971
-0.1408504
-0.0957303
-0.1133147
0.0246408
0.0073079
-0.0674428
0.0941159
-0.1449155
0.0538651
0.1600514
-0.0331589
-0.0717019
0.0183225
0.0652068
-0.1611284
-0.1139815
0.0995559
0.0795098
-0.0995982
-0.1114197
-0.1696956
0.0330244
0.4229629
-0.2515018
-0.1224778
-0.1094799
-0.0198023
-0.0772944
-0.1601443
0.0173232
0.1412262
0.0688682
-0.0971787
-0.0650628
-0.0137597
-0.0256097
-0.0419103
0.0834485
0.0876788
-0.0794941
0.0455994
-0.0984029
0.0217544
0.0581440
0.1467982
0.1965793
-0.1448158
0.0480710
-0.3045266
-0.1047802
0.2245095
0.6661072
0.1951887
-1.0187099
-0.4586282
0.6575765
0.2242099
-0.0943834
-0.0364692
0.0943163
0.1949532
-0.0752425
-0.0522531
0.1828092
-0.0913463
-0.0977176
-0.0964556
0.1574906
0.0383393
-0.0456858
0.0249105
-0.0748149
-0.0068835
-0.0714990
0.0310442
0.0315101
-0.1550815
-0.0784511
0.0715809
-0.1565758
0.0618917
0.1455497
-0.0650499
-0.1438155
-0.1603081
0.0887009
0.0409267
0.1174520
0.0301840
0.0797135
0.1470317
0.0749383
-0.0876153
-0.0008333
0.1081728
0.1412845
-0.0604461
-0.0752080
-0.0240923
-0.0807404
-0.1148468
-0.0448800
0.1195022
-0.1269986
0.0102481
-0.0794399
