-0.3725770
-0.1232274
0.0481246
0.0958557
0.0174677
0.0815173
-0.0785029
-0.0443900
-0.1759683
-0.0187613
0.1148919
0.0209778
-0.0355730
-0.0320066
-0.0328784
-0.0590196
-0.0773925
0.0822860
0.2138505
0.1465948
0.1773746
-0.0360245
-0.1230827
0.0287156
-0.0842985
0.1131407
0.3740413
0.3119532
0.1080959
-0.2000604
-0.2517794
-0.6231502
0.3132093
0.9930578
0.4727592
0.0909880
0.4163373
0.2227837
0.0239967
-0.0415437
-0.1712641
-0.0751907
-0.1090833
0.0018775
-0.1441649
0.1222615
-0.0792508
0.1283878
0.0446365
0.1383514
0.1308849
-0.1127844
-0.0482480
-0.0293597
0.1156684
0.2157052
-0.2565737
0.3405753
0.8738907
-1.0733645
-0.7274742
-0.1676043
0.0325477
0.0637295
-0.1542086
0.0766859
-0.0387950
0.0403389
0.0423247
0.0375329
0.0120331
0.0558239
-0.0708646
0.0876200
0.0841912
0.1282754
-0.0131699
0.1352742
-0.0426802
-0.0339208
0.0380886
-0.1389372
-0.0837198
0.1734670
0.2274760
0.0551181
-0.4985175
-0.0318132
0.8912380
-1.0676185
-0.5213249
0.1374889
0.2472634
0.0141177
-0.1103685
-0.1687567
-0.1729548
-0.0602898
0.1214329
0.0951517
0.0663418
-0.0427457
-0.1472518
-0.1499369
-0.1081300
-0.0203153
0.0846055
0.0135016
0.1408146
0.0120775
-0.1033181
-0.0813287
-0.0396510
0.0784102
0.1244430
0.0965096
-0.0242867
-0.3687620
-0.0701212
0.7943946
0.4815296
-0.2241946
0.1982571
0.2040477
0.1305689
-0.1345985
0.0382202
-0.0085868
-0.0156731
0.2072414
0.0032666
0.1878630
0.0491483
0.0235194
0.0691428
-0.0886267
0.0794469
-0.0965759
-0.0971147
0.1112792
0.2485193
0.2472538
0.0241861
-0.1697259
-0.5272871
0.0731928
0.4137353
0.7151754
0.0616790
-0.7423010
-0.5342541
0.0868867
0.3701382
0.2494890
0.1589971
-0.1107896
-0.0975908
0.0337518
0.2124759
-0.1541154
0.1018468
0.1074770
-0.0360960
-0.0340769
-0.1241011
0.0943602
0.0094590
0.0797546
0.2317368
0.0251868
-0.1174281
-0.0998460
-0.1435034
-0.3765677
-0.1323438
0.0697207
0.7937969
-0.2105056
-0.9589702
0.0869521
0.1475694
0.2158514
0.3573404
0.1306297
-0.0215264
-0.1544635
-0.0402964
-0.1318851
-0.0986114
0.0501414
0.1619187
-0.0635158
-0.0786027
-0.1307978
-0.1244803
0.0817009
0.0824566
0.0175699
0.0858566
-0.0300984
