0.0417138
0.0089399
0.0979583
-0.0083596
-0.0131931
0.1053007
-0.0138862
0.0727998
-0.0124150
-0.0090782
0.0611743
-0.0271096
-0.0638306
0.0934660
0.0587736
0.1109249
0.0045380
0.1080298
-0.0690176
0.0233716
0.0022231
0.0402911
-0.0043942
0.0495429
-0.0831281
-0.0994414
-0.0878219
-0.0330826
0.0731454
0.0022536
-0.0435545
0.0499268
-0.0728350
-0.0841713
-0.0521968
0.1453475
0.0120499
-0.0524453
-0.2392789
-0.0681414
0.0422039
0.2321149
0.2444744
0.1847074
-0.1318813
-0.0634192
0.1173116
-0.0106517
-0.1391432
-0.0046996
0.0015021
0.0009700
-0.0126410
0.0205831
0.0547275
-0.0739039
-0.1090923
-0.0184368
0.0914909
0.0983539
0.0206589
-0.0881395
0.0499798
0.1061518
-0.0280030
0.0351545
-0.1217426
-0.1663010
-0.0243969
0.0419903
0.0702811
0.0516663
-0.0794466
-0.2189715
-0.1785872
-0.1476663
0.4037916
0.3400192
0.2652701
-0.1764876
-0.3798790
0.2236713
-0.1946348
0.1750409
0.2314837
-0.0094986
-0.3836854
-0.1880271
0.0781640
0.1156107
-0.0484514
0.0289046
-0.1190417
-0.0749408
0.0019172
0.1317288
0.1523143
-0.1016360
-0.0717845
0.0442613
-0.0463050
0.0745366
0.0745495
-0.0463433
-0.0262145
-0.0215853
0.0284391
-0.1131723
-0.0047830
0.0360832
-0.0233049
0.0260555
0.0233415
0.0740551
0.0310456
0.0515628
-0.0196582
-0.1090212
0.0265295
0.0492895
-0.0105257
-0.0517282
-0.0715130
0.0409965
0.0034792
-0.0056083
-0.0157691
-0.0475918
0.0586656
-0.1050159
0.0476870
-0.0622003
0.0224880
0.0072213
-0.0808362
-0.0987734
0.0597390
0.0418836
-0.1072153
0.0614146
-0.0442612
-0.0016413
0.1064300
-0.0503801
0.0656005
-0.0829416
-0.0395653
0.0769846
-0.0225026
-0.0082261
0.0462966
-0.0554259
-0.0185616
0.0514480
-0.1091539
-0.0550811
0.0455396
0.0172841
-0.0460796
0.0237601
-0.0753249
-0.0731986
-0.0741836
-0.0598478
-0.0182897
0.0037087
0.0736161
0.1139210
-0.0697948
-0.0080683
0.0935746
0.0921904
0.0428540
-0.0908931
-0.0791992
0.1045904
-0.0703294
0.0321843
0.0809612
-0.0369393
0.1555280
0.0310740
0.0899747
-0.0897406
-0.2413907
0.1369966
0.1669402
0.1730333
-0.0882844
-0.0210440
0.0347289
0.0761606
-0.0966389
-0.0167507
0.0825933
0.0541067
0.0218843
-0.0405106
0.1062408
0.0184162
