0.4861457
-0.0126501
-0.0308505
-0.0022033
-0.0027113
-0.0071611
0.0103670
-0.0525282
-0.0349104
-0.0494158
0.0340378
0.0454613
0.0381179
-0.0412215
0.0228979
0.0037207
0.0063662
0.0381540
0.0284501
0.0108442
-0.0295289
0.0065753
0.0017921
-0.0107338
0.0261151
0.0514466
0.0111609
0.0383454
-0.0012115
0.0095550
0.0538723
-0.0235382
0.0200955
0.0288879
-0.0190444
0.0365836
0.0048800
0.0173419
-0.1108558
-0.2089336
-0.1303588
0.1381705
0.4700487
0.3738033
0.0123278
-0.1795298
-0.3004035
-0.0387884
0.0274462
-0.0357611
-0.0074506
-0.0321205
-0.0101326
-0.0205793
0.0554790
-0.0188707
0.0114312
0.0245702
0.0173612
0.0085317
-0.0190185
-0.0181113
-0.0148138
0.0350816
-0.0182432
-0.0017193
-0.0137381
-0.0283128
0.0322868
0.0186421
-0.0098984
0.0465354
0.0550603
-0.0110431
-0.0144766
0.0216649
0.0178527
-0.0465921
-0.0130661
0.0046766
0.0229409
-0.2152781
0.0856783
0.0265545
-0.0551537
-0.0077102
0.0076727
0.0091600
-0.0172380
-0.0101606
-0.0682250
0.0533384
0.0029428
0.0093866
0.0647350
-0.0234963
-0.0485146
0.0387532
-0.0296598
-0.0413155
