-0.0887350
0.1771914
0.1903170
0.1792556
-0.2343207
-0.6262452
1.0991728
0.0880043
-0.5155389
-0.3956332
0.1962984
0.2043340
0.0419405
0.1531697
-0.0497373
-0.0917480
-0.1442821
0.0117567
0.0135854
0.0487726
-0.0389285
0.1262716
0.0609599
-0.0055518
0.0975741
0.0508422
0.0094338
0.1115095
-0.0587943
0.0792672
-0.0573312
0.0269802
0.0608818
-0.1132312
-0.0656843
-0.0303316
-0.1040592
0.0911035
-0.0499099
0.0397243
0.0038700
0.0047512
0.1167844
-0.0835439
0.0355701
0.0072963
-0.0255021
0.0558127
-0.0053733
0.0274659
-0.0783176
-0.0491730
0.0676037
-0.0489017
0.0190230
-0.1160125
0.1829028
-0.1442786
-0.0628930
0.0397703
0.1227895
0.1099136
0.1115873
-0.0530379
-0.0920451
-0.0964198
0.1041316
-0.0387789
0.0035456
-0.1174433
0.0644953
0.0850322
0.0759133
0.0576867
-0.0031137
-0.0918735
0.0499569
-0.0018340
0.0414144
0.0614860
0.0861951
-0.0150414
-0.0500601
-0.0580444
-0.0463661
0.0423057
0.0068663
0.0154983
-0.0177849
0.0088137
0.0490337
-0.1375515
-0.0417962
0.0189857
0.1181459
0.0504331
-0.1243524
-0.2229621
-0.3125312
-0.4369542
0.4250920
-0.6097794
-0.6410150
-0.0606353
-0.0601997
0.1660412
0.1629569
0.0026568
-0.0368842
0.0046413
-0.0162084
0.0224713
0.0314642
-0.0448014
-0.0322800
0.0861813
-0.0845426
0.0617853
0.0029619
-0.0831934
0.1041734
-0.0748122
0.0853936
0.0326913
-0.0425254
0.1176212
0.1151955
-0.0116051
-0.0466370
-0.0885900
-0.0130750
-0.0481615
-0.1628264
-0.3185260
-0.3707096
-0.6433520
-0.3189099
-0.5750123
-0.1816344
-0.1155640
0.1119688
0.1666609
0.2006747
0.0910225
0.0607352
-0.1319670
-0.1232722
-0.0014161
0.0447374
-0.0628146
0.1069299
-0.1161062
-0.0095362
0.0775900
-0.1247139
-0.0942520
-0.0413270
0.0512712
0.0015142
0.0881773
-0.0006284
0.0469939
0.0309634
-0.0502118
-0.0766918
0.0798855
-0.0847093
0.0502847
-0.0574392
-0.0151734
-0.0685436
-0.0645438
-0.0319502
-0.0586883
0.0842194
-0.0478678
-0.0213675
0.0401251
-0.0208719
0.0794847
0.0623211
0.0164294
0.1566201
0.1127167
0.1010786
-0.0707677
-0.0865429
-0.3423642
-0.4112088
-0.2200931
0.0179428
-0.1863905
-0.0014288
0.0030821
0.1769101
0.0687890
0.0125882
-0.1383310
0.0554096
0.0551862
