0.0452744
0.2352481
0.1931241
-0.0213909
-0.5563435
0.3555932
-0.0512765
-0.5657749
-0.3147648
-0.0800950
0.2201336
0.1338707
0.0274055
0.0085380
-0.0748207
-0.1790583
0.0368431
-0.1342780
-0.0491319
0.0694466
0.1013633
0.0726842
-0.0053392
-0.0799624
0.0249774
0.0565265
-0.0146816
0.0194386
-0.0488697
0.0052733
0.0058202
0.0770732
-0.0379512
0.0157275
0.1086871
0.0308824
-0.0649081
0.0417247
-0.0214538
-0.0539484
-0.1169151
-0.0664546
-0.0226032
-0.0277848
-0.0407797
-0.0077896
-0.0522382
0.1032607
0.0387482
-0.0347420
0.1974715
0.0000020
0.0480712
-0.3065991
0.6668697
-0.5187147
0.1410585
0.0241074
0.0614191
-0.1071727
-0.0305831
0.0763560
0.0316432
-0.0238645
0.0024821
-0.0630857
0.0789996
-0.0321564
0.1049050
0.0648634
0.0715529
-0.0787475
0.0445170
0.0210385
0.0884740
-0.0385792
0.0947923
0.0411098
-0.0003273
-0.0728009
0.0641245
0.0551364
0.0605270
-0.0317642
0.0494939
-0.0160772
0.0661742
0.0557413
0.0431448
-0.0689409
0.1116715
-0.0034653
-0.0682108
-0.0396746
0.0590309
0.0086037
-0.0411795
-0.0382446
-0.0640992
0.0236215
-0.0184654
-0.0457603
0.0421919
-0.0251107
-0.0811359
0.1517138
0.1345289
0.1225805
-0.0655556
-0.1237431
-0.1071870
0.4166978
-0.1941486
-0.2502947
-0.2173804
-0.0927654
0.0720965
-0.0014322
-0.0828208
-0.1318210
-0.0568206
0.0871199
-0.0328679
-0.0966310
0.0585324
0.0462726
-0.0024915
-0.0771901
-0.0085194
-0.0355222
-0.0738942
-0.0087413
-0.0626416
-0.1026155
-0.1058547
-0.0409073
-0.0963842
-0.0195956
0.0050871
0.0821789
-0.0863429
-0.0495185
0.0201059
-0.1005472
-0.0526509
0.0988431
-0.0164005
0.1746103
0.2009775
-0.0867829
-0.1209991
-0.3963261
-0.1601036
0.5479822
0.6259478
-0.2803261
0.1173958
0.0043570
0.0529146
-0.0947422
-0.0815399
-0.0417659
0.1187477
-0.0172480
0.0454305
-0.1020994
-0.1072260
-0.0344245
0.0123224
0.0229282
0.0217498
-0.0882155
-0.0095801
0.0974944
-0.0499693
-0.0353487
-0.0518078
-0.0052122
-0.0659900
0.0807284
-0.0780596
0.0206427
0.0598639
-0.0620308
-0.0483684
-0.0714026
-0.0532554
0.0346820
-0.0874779
-0.0506442
0.0569573
0.2063813
0.1174070
-0.1088321
-0.1201428
0.5053659
0.8799962
-0.2647600
-0.4340049
-0.5246056
