0.1487765
0.0166785
0.0093558
0.0006471
-0.0093379
0.0239098
-0.0089978
-0.0344105
-0.0372877
-0.0246061
-0.0051100
-0.0282578
-0.0190684
0.0071902
-0.0052129
0.0183954
-0.0041842
0.0331244
-0.0172023
0.0211746
0.0050069
0.0192492
0.0216642
-0.0108427
-0.0215606
-0.0197742
0.0003506
-0.0251329
0.0181044
0.0151023
0.0205711
0.0033027
0.0360113
0.0036075
-0.0275880
0.0452124
-0.0394101
-0.0555044
0.1574377
-0.3871468
-0.2583833
-0.0479944
0.1562410
0.1481570
0.1354857
0.1059870
0.0816577
-0.0282604
0.0033025
0.0220324
0.0360652
0.0184707
-0.0157090
-0.0318331
-0.0138106
-0.0111203
-0.0095142
-0.0049959
0.0012007
-0.0025272
0.0194651
-0.0364339
0.0132897
-0.0085848
-0.0109563
0.0337725
-0.0025114
-0.0036415
0.0256495
-0.0171964
-0.0216911
0.0042936
-0.0213741
0.0319719
-0.0169798
-0.0119152
-0.0357336
0.0077075
0.0212916
0.0155923
-0.0524214
0.1635965
-0.0066092
0.0037202
0.0243646
0.0190211
0.0181790
-0.0097738
0.0089176
0.0205208
0.0144823
-0.0154455
-0.0269849
-0.0014272
0.0027013
-0.0108937
-0.0017811
-0.0125506
-0.0395554
0.0210784
