0.3144391
-0.0349930
-0.0757013
-0.0303478
0.0797824
0.0082973
-0.0018521
-0.0192854
0.0028733
-0.0343507
-0.0043290
-0.0696561
0.0277669
-0.3712144
0.0201719
0.0330601
-0.0421737
-0.0415729
-0.0051697
0.0233891
0.0195699
0.0633041
-0.0191304
-0.0567978
0.0435488
-0.0553191
-0.1753287
-0.0909473
0.1518221
-0.1101351
-0.2343556
-0.1472562
0.0971006
-0.0385860
-0.0566917
0.0178101
0.0592033
0.0282963
0.0127280
0.0626095
0.0036136
0.0753235
-0.0013762
0.0461110
-0.1027725
-0.0948477
-0.2076538
-0.0716646
0.0735107
-0.0826681
0.0415237
0.0257434
0.0935605
-0.1231889
-0.1257370
-0.2050934
-0.1739559
0.0807757
0.1138905
0.0087727
-0.0050336
-0.0267421
0.0129637
-0.0104359
0.0261759
-0.0025185
-0.0317406
-0.0629289
-0.0072192
-0.0216428
-0.0339050
0.2778607
0.2233962
-0.0406932
-0.2650185
-0.0007904
0.0435789
0.0172115
-0.0206516
-0.0750792
-0.0508376
0.0063246
-0.1249191
-0.0456608
-0.2177992
-0.2140025
0.0824337
0.0837631
-0.0568006
-0.0323354
-0.0561992
0.0303458
-0.0669142
-0.0076224
0.0122440
-0.0030516
-0.1444137
-0.0821647
0.1711205
0.1807738
