0.2645572
-0.0428327
-0.0232389
0.0045058
-0.0505682
-0.0090213
-0.0071450
-0.0525868
-0.0627905
-0.0456717
0.0390875
0.0346568
-0.1862864
-0.1025130
0.0925501
0.0204324
0.0002003
0.0246984
0.0099857
0.0080782
0.0344715
0.0059900
0.0404272
0.0369100
-0.0805601
0.0382931
-0.0694379
-0.1510508
-0.2357508
0.2767592
0.1930699
0.0735624
-0.2423631
0.1324800
0.0666161
-0.0225308
0.0563526
-0.0204340
0.0079069
0.0384437
0.0504738
-0.0019196
0.1008928
0.1194038
0.1074560
0.1099665
-0.0045930
-0.0537251
-0.2692218
-0.0116067
-0.0462059
-0.0118274
0.0255643
0.0438049
0.1119209
-0.1102310
0.1526871
0.2699183
-0.0940190
-0.1865485
0.1210499
0.0234744
-0.0047905
-0.0111488
-0.0203550
-0.0354714
0.0200912
0.0014513
-0.0033476
-0.0398875
0.0711006
0.0285262
-0.0550417
-0.1475378
-0.2231707
0.1154190
0.2965061
0.0732807
-0.2140561
0.0823579
0.0719156
0.0445361
-0.0091854
0.0363611
-0.1063492
-0.1601775
0.3169003
0.2282612
-0.2890308
-0.3463190
-0.1508310
-0.0443016
-0.0259349
-0.0153344
0.0623879
-0.0438881
-0.0574034
-0.0640324
0.0306881
0.0896559
