0.3146893
-0.0443461
-0.0050086
-0.0730054
-0.0310125
0.0192879
0.0686818
-0.0232352
-0.0044702
-0.0621242
0.0622662
0.1054118
-0.2624759
0.3297071
0.1008771
-0.0547868
-0.0482372
-0.0276207
0.0120671
0.0517381
-0.0170447
0.0307450
0.0977673
0.0373981
-0.0672105
0.0819531
0.1298464
0.0739629
-0.0214494
-0.2103751
0.1203495
0.1666573
0.3007342
-0.2449789
0.0940814
-0.0352641
0.0144209
0.0243463
0.0118063
-0.0559454
0.0047083
-0.0733856
-0.0192339
-0.0586524
0.0114915
0.0336549
-0.0173981
0.1171895
0.2293266
0.1290638
0.0008600
0.0096073
0.0502725
-0.0053392
0.0120228
0.0885980
-0.0312350
-0.1932447
-0.1784320
0.2436456
-0.1882204
-0.3683384
-0.1282855
0.0848225
0.0559699
0.0021693
0.0030742
-0.0630071
0.0390820
0.0289834
-0.0580219
-0.0504202
-0.0437782
0.0386413
0.0341541
0.1202155
-0.0428977
-0.1064072
0.0610318
0.1793141
-0.1206673
-0.0656465
0.0649831
0.0113012
-0.0269702
-0.0048261
0.1180554
0.0045892
-0.1190236
-0.2102921
-0.1912210
-0.3122991
0.1160886
-0.0612416
-0.0764161
0.0223511
-0.0313367
-0.0018516
0.0551463
0.0356475
