0.3014448
-0.0485261
0.0031238
0.0062589
0.0297258
-0.0517020
-0.0183545
0.0722943
0.0771079
0.0857656
-0.1430121
-0.1377103
-0.1175726
0.0600165
-0.0611253
-0.0089620
-0.0210366
0.0506419
-0.0632152
0.0245048
0.0024491
-0.0255009
0.0524333
-0.0132141
-0.0767818
-0.0735225
-0.1791232
-0.0158958
0.0158494
0.0170479
-0.0238114
0.0106818
0.0088032
0.0780901
0.0235909
-0.0247530
0.0518020
0.0197322
0.1131770
0.0478139
-0.0626431
-0.2265771
-0.0843583
-0.0875187
-0.0181211
0.1150369
0.0891161
0.0475933
0.0522800
-0.0212331
0.0313757
0.1770498
-0.1688939
0.0571742
0.0139643
0.0057897
0.0380507
0.0152603
0.0109792
-0.0090670
0.0027709
0.0024969
0.0177157
-0.0078103
-0.1852341
-0.1452568
0.1030487
0.1870088
-0.0793281
-0.0701651
-0.0206575
-0.0277687
0.0005667
0.0378864
-0.0004933
0.0352150
0.0094098
-0.0395116
0.0448458
-0.0001590
0.0106172
0.1102086
-0.0058568
-0.0363279
0.0064648
-0.0456215
-0.0472274
0.0375101
0.0009977
-0.0083258
0.0153148
0.0425820
0.0147560
0.3354460
-0.3014169
0.0486379
0.1331142
0.0850238
-0.0120354
-0.0255043
