0.2222928
-0.0365633
-0.0368864
0.0182133
0.0047830
-0.0048527
-0.0350083
0.0288783
0.0362174
0.0114016
0.0238875
0.0071096
0.0107120
-0.0027809
0.0143652
0.0182256
0.0282366
-0.0215874
0.0146189
-0.0157872
0.0003243
0.0310822
0.0249546
-0.0022736
0.0213379
-0.0183372
-0.0287270
0.0079662
0.0114742
-0.0001514
-0.0144165
-0.0347733
-0.0002913
0.0106231
0.0303962
-0.0253479
0.0065615
0.0444442
-0.0132185
0.1040678
0.1388952
0.2153380
0.1547993
-0.0240994
-0.2409898
-0.3412652
-0.1809691
0.1021031
0.0039471
-0.0056090
0.0068240
-0.0211436
0.0068602
0.0184198
-0.0452420
-0.0123346
0.0200599
-0.0283569
0.0111217
0.0132918
-0.0013782
0.0122572
-0.0178549
0.0289376
-0.0224844
-0.0142344
-0.0263389
0.0086366
0.0035663
0.0068757
-0.0291296
-0.0173519
-0.0208254
-0.0006080
0.0129135
0.0106608
-0.0062485
-0.0282093
-0.0268602
0.0255161
-0.0012929
-0.1862011
0.0028012
-0.0636660
0.0382418
0.0168398
0.0228303
-0.0176504
-0.0101992
0.0149925
0.0001239
-0.0042902
-0.0111645
0.0074744
-0.0315000
-0.0063406
-0.0044875
-0.0118170
-0.0302010
0.0220597
