0.1406463
-0.0536769
-0.0495950
0.0081506
0.0067806
-0.0167003
0.0161684
0.0052474
-0.0178981
0.0023131
0.0075864
-0.0443563
-0.0167249
-0.0154020
0.0182337
-0.0048832
-0.0046743
0.0293192
-0.0243217
-0.0281581
-0.0236125
-0.0103835
-0.0085078
-0.0230791
-0.0124710
0.0258613
-0.0246460
0.0247461
0.0133688
-0.0117345
-0.0053207
0.0302845
-0.0052897
0.0116227
0.0164066
0.0129927
0.0033840
-0.0595557
0.1013178
-0.0475250
-0.0114957
-0.0215471
-0.0457451
-0.0582452
-0.0641956
-0.0006722
0.0700054
0.0609874
0.0008233
0.0119541
-0.0064368
-0.0034226
-0.0043916
-0.0006539
0.0056992
0.0129475
0.0091512
0.0419251
-0.0108779
0.0182514
0.0398771
-0.0167082
0.0080700
-0.0262608
-0.0011464
-0.0375997
-0.0211417
-0.0022500
0.0254890
-0.0334238
0.0264376
0.0082810
-0.0187424
0.0113618
0.0104973
0.0189185
0.0183231
-0.0251324
0.0184852
-0.0314329
0.0232134
0.0393844
0.0678686
-0.0640644
0.0589948
0.0241057
-0.0513078
-0.0209311
-0.0136922
-0.0168653
0.0066325
-0.0162548
-0.0118886
0.0147301
-0.0099599
-0.0325257
0.0018014
-0.0264759
-0.0085026
-0.0195122
