-0.0040671
0.0366479
0.0287332
-0.0341779
0.0385482
0.0300740
-0.0008185
0.0354451
-0.0068502
-0.0038918
-0.0030921
0.0130272
0.0155674
0.0152129
0.0037574
-0.0271380
-0.0203955
0.0034724
0.0117783
-0.0135459
-0.0113231
0.0192008
-0.0132655
0.0238111
0.0201748
-0.0381000
0.0140533
0.0441450
0.0002041
0.0424040
0.0226974
0.0195971
-0.0597604
0.0260155
0.0057494
0.0190906
-0.0775448
-0.0771711
-0.0258698
0.0269118
0.1424035
0.1665214
0.1023204
-0.0353743
-0.1259457
-0.0541582
0.0145662
-0.0815916
-0.0744306
-0.0379081
-0.0073017
0.0140070
0.0711608
0.0014014
0.0148300
0.0391272
0.0066225
-0.0310253
0.0005536
-0.0277777
0.0170001
0.0188989
-0.0258259
0.0197029
-0.0151335
-0.0051049
0.0267623
-0.0262511
0.0315858
-0.0255461
-0.0152533
-0.0357605
0.0092874
-0.0218607
0.0037629
-0.0162741
-0.0218504
-0.0265503
0.0016622
0.0257731
-0.0299863
-0.0249188
-0.0493190
0.0099487
-0.0185516
0.0153690
0.0022241
0.0368987
-0.0001281
0.0194371
-0.0034985
0.0358997
0.0344679
0.0065056
0.0138101
0.0100573
0.0244713
-0.0160543
0.0275112
0.0286003
-0.0294193
0.0316080
-0.0129298
-0.0211593
-0.0045245
-0.0343804
-0.0095475
-0.0014767
0.0314964
0.0446629
0.0388880
-0.0306536
-0.0527578
-0.0039362
0.0083787
0.0016967
-0.0629232
-0.0108889
-0.0456109
0.0310212
0.0565501
-0.0527698
-0.0323948
0.0070962
0.0525446
-0.0178052
-0.0122772
-0.0072819
-0.0221139
0.0269335
-0.0212711
-0.0290451
-0.0215810
0.0353267
0.0326749
0.0221936
0.0104740
-0.0200618
0.0030473
0.0311462
-0.0283740
0.0213473
0.0120061
-0.0202546
-0.0262972
0.0106083
-0.0123825
-0.0058494
-0.0002649
0.0098593
0.0182817
0.0423026
-0.0001337
0.0261411
-0.0085939
0.0103131
-0.0294907
-0.0259941
-0.0299877
0.0189535
-0.0219885
0.0201759
-0.0367039
0.0000449
-0.0383184
0.0014322
-0.0317709
-0.0019932
-0.0045150
-0.0165579
-0.0251278
-0.0122674
-0.0002284
0.0404487
-0.0396913
0.0043483
0.0074249
-0.0101242
0.0231875
0.0099404
0.0355335
-0.0321677
-0.0410985
-0.0665779
-0.0444676
-0.0327438
0.0951891
0.1081384
0.0700111
0.0070341
-0.0649674
-0.0008809
0.0308689
0.0332743
0.0110351
-0.0355481
-0.0696195
-0.0177675
-0.0164064
0.0110041
