-0.0334085
-0.0166017
-0.0206165
0.0836536
0.0050794
-0.0612991
-0.0218041
0.0010274
-0.0094942
0.0177512
0.0134531
-0.0016114
-0.0200573
-0.0243601
0.0360112
-0.0262149
0.0354880
0.0082397
0.0014071
-0.0106557
-0.0385091
-0.0416855
-0.0171931
-0.0255832
-0.0175572
-0.0405417
0.0341513
0.0248225
0.0242107
-0.0282205
0.0373249
0.0264985
0.0137748
-0.0301278
-0.0349974
-0.0187042
-0.0208216
0.0119448
0.0220472
0.0061578
0.0314922
0.0097061
0.0080618
0.0238357
0.0200288
-0.0129991
-0.0045797
-0.0033770
-0.0109763
-0.0215434
-0.0111525
-0.0152181
0.0000110
0.0289020
0.0141861
-0.0338193
-0.0141827
0.0351776
0.0006073
-0.0166187
-0.0109357
0.0034864
-0.0176281
0.0403630
-0.0414415
-0.0464619
-0.0097867
0.0352248
0.0877348
-0.0401205
-0.0403231
-0.0438210
0.0021568
0.0858671
0.0413109
0.0690775
-0.0553651
-0.0717748
-0.0739001
-0.0405282
-0.0085776
-0.0319388
0.0167966
0.0355032
-0.0295006
-0.0479755
-0.0444378
0.0283092
-0.0201238
-0.0276618
-0.0055058
0.0331062
0.0229055
0.0113398
-0.0221006
-0.0253763
0.0293095
-0.0326845
0.0371625
0.0287596
-0.0201485
0.0010849
-0.0575762
0.0026970
0.0050899
-0.0165132
0.0264865
0.0224898
0.0314356
0.0240264
-0.0361214
0.0147635
0.0350022
0.0576657
0.0254860
-0.0017907
-0.0595676
0.0165280
0.0306684
0.0493704
0.0211365
-0.1238650
0.0824123
0.2094847
0.2776923
-0.3211198
0.0291783
0.2134085
0.2443269
0.1471326
0.1250130
0.0411498
0.0704475
0.0230427
0.0130635
-0.0094555
0.0136508
-0.0079777
0.0069877
0.0177458
-0.0003791
0.0035371
0.0144924
0.0301438
0.0211808
0.0269361
0.0054126
0.0029379
-0.0107154
-0.0004812
0.0273554
0.0166613
-0.0349883
-0.0076932
0.0000371
-0.0218859
0.0089915
-0.0305576
0.0116834
0.0060112
0.0077587
0.0320621
0.0384043
-0.0147265
-0.0223906
0.0136872
0.0433619
-0.0275408
-0.0145217
-0.0322888
0.0128335
-0.0272545
-0.0256039
0.0418532
-0.0146993
-0.0382249
-0.0208640
-0.0175894
0.0138382
0.0280315
0.0119502
-0.0256687
0.0383588
0.0058092
0.0273346
-0.0399345
0.0180812
-0.0039087
0.0121694
-0.0301977
-0.0302682
0.0369289
-0.0267499
-0.0095269
-0.0297934
-0.0320424
-0.0437741
0.0273231
-0.0274043
-0.0220445
