0.1380501
-0.0438227
-0.0749191
0.0004583
0.0425607
0.0491704
0.0244836
0.0303649
0.0215780
0.0276001
-0.0085482
-0.0198986
-0.0065432
-0.0267757
0.0380863
-0.0200394
0.0090398
0.0092750
0.0151201
-0.0322040
0.0176745
-0.0163716
0.0043295
0.0233388
-0.0239624
-0.0000362
-0.0119821
-0.0292768
-0.0150238
0.0136139
-0.0335824
-0.0304928
-0.0208858
0.0112617
-0.0122592
0.0353079
0.0208081
-0.0525333
0.1276359
0.0342765
-0.0683365
-0.1159741
-0.1688290
-0.1482463
-0.1048003
-0.0506821
0.0593079
0.1222065
0.0090785
0.0081442
0.0145876
-0.0058096
0.0124742
0.0053107
-0.0000730
0.0185935
0.0205065
-0.0339271
-0.0146356
0.0134004
0.0189035
-0.0118910
-0.0118114
0.0013570
-0.0028846
0.0090266
-0.0115749
-0.0234411
0.0165056
0.0055728
0.0236607
0.0068442
0.0307029
0.0108946
0.0155463
0.0083273
-0.0481942
-0.0349997
-0.0046760
0.0117234
-0.0052647
-0.0704956
-0.0450525
-0.0384465
0.0201707
-0.0018835
-0.0224088
-0.0077603
0.0231512
0.0316081
0.0153927
0.0006843
-0.0132773
0.0088093
-0.0141051
0.0149059
0.0015853
-0.0148070
0.0001706
-0.0290861
