-0.0397988
-0.0127761
0.0406359
-0.0404672
-0.0003900
0.0121006
0.0186622
-0.0167141
0.0117517
0.0323217
-0.0247627
0.0405107
0.0332412
0.0291148
-0.0011236
-0.0398043
-0.0356886
-0.0184867
-0.0137052
0.0370809
-0.0156646
-0.0398454
0.0010617
0.0292594
0.0296282
-0.0320488
-0.0062450
-0.0080464
-0.0267524
0.0219132
-0.0193073
0.0025241
0.0273333
0.0091373
0.0175311
-0.0379605
0.0080347
0.0364542
0.0446401
0.0427921
0.0256684
-0.0015503
-0.0563549
-0.0637029
-0.0961108
0.0875335
-0.0960342
-0.0229584
0.0798257
0.0703091
0.0951572
0.0886231
-0.0400066
-0.0863445
0.0390899
-0.0052043
-0.0123555
0.0054489
0.0275638
0.0409245
0.0000484
-0.0203556
0.0333685
0.0157854
0.0294036
-0.0202989
0.0163499
-0.0328001
-0.0323083
-0.0146982
0.0149877
0.0151469
0.0245352
0.0221333
0.0119885
-0.0177988
-0.0297153
-0.0181194
0.0085617
0.0192245
0.0147950
0.0057310
-0.0075867
-0.0392323
-0.0060185
-0.0174892
-0.0121690
0.0052668
-0.0126532
0.0038136
-0.0363536
-0.0045626
0.0036984
-0.0197169
0.0018773
-0.0306271
0.0336363
-0.0057175
-0.0077511
0.0141532
-0.0173461
0.0120028
-0.0428102
-0.0109431
0.0384549
0.0390522
0.0370322
-0.0360321
0.0170858
-0.0305715
0.0062571
0.0167919
0.0520022
0.0298247
-0.0101069
-0.0089115
-0.0071831
0.0296569
0.0886353
-0.0770541
-0.0334085
-0.0206165
0.0700802
0.0342016
-0.0402828
-0.0218041
0.0171294
0.0177512
0.0188667
0.0364590
0.0209227
-0.0037270
0.0156706
-0.0273899
-0.0106557
-0.0385091
-0.0416855
0.0066680
-0.0213023
-0.0405417
-0.0034981
-0.0233938
0.0248225
-0.0282205
0.0386078
0.0190306
0.0328547
-0.0301278
0.0330274
0.0330032
0.0402476
-0.0187042
-0.0208216
0.0217241
0.0119448
0.0314922
-0.0126945
0.0235306
0.0293980
0.0329558
-0.0041818
-0.0072338
-0.0109763
0.0289020
0.0085413
0.0088033
0.0141861
0.0048315
0.0092006
-0.0338193
-0.0148191
0.0013270
-0.0123397
-0.0333977
-0.0158406
0.0351776
0.0006073
0.0174147
0.0212082
-0.0176281
-0.0175805
0.0123218
0.0603626
0.0063805
0.0403630
0.0049723
-0.0497865
-0.0464619
-0.0097867
-0.0146289
0.1188264
-0.0274036
-0.1003531
-0.0731538
-0.0438210
0.0690775
0.0721718
-0.0717748
-0.0739001
-0.0405282
