-0.0343420
0.0432977
-0.0171821
0.0280002
0.0108821
-0.0004767
0.0101926
0.0209751
0.0270490
0.0204196
-0.0206829
0.0398667
0.0356333
-0.0237281
0.0280472
0.0258279
-0.0170634
-0.0261234
-0.0316782
0.0000437
0.0181687
-0.0343390
-0.0091203
-0.0053761
0.0431802
0.0184408
-0.0559795
-0.0317702
-0.0190178
0.0693576
0.0522825
0.0847239
-0.0873238
-0.0451352
-0.0513715
0.0591214
0.0186033
-0.0678446
-0.0097406
-0.0081943
-0.0013280
0.0562530
0.0468712
-0.0191722
0.0008812
-0.0335914
-0.0156706
0.0163796
-0.0132283
0.0007425
0.0251049
0.0067579
-0.0367023
-0.0344931
0.0275562
-0.0358344
0.0164502
0.0263359
0.0213424
0.0309117
-0.0263230
-0.0230109
-0.0168049
0.0155397
0.0186154
-0.0263403
0.0109517
-0.0387404
0.0097608
-0.0082792
-0.0430998
-0.0336603
-0.0198053
0.0260481
0.0103278
-0.0307925
-0.0240489
0.0067804
0.0067203
0.0306390
-0.0071010
-0.0355575
-0.0025450
0.0248073
-0.0249421
-0.0145153
-0.0020455
-0.0280649
0.0020277
-0.0034583
-0.0229366
-0.0652931
0.0319233
0.0159256
0.0575122
0.0286001
0.0149064
-0.0617833
-0.0058341
-0.0446093
-0.0801744
0.1082929
0.0833286
0.0401862
-0.0092412
-0.0216891
-0.0260489
0.0035282
0.0245082
0.0087654
-0.0019634
-0.0301914
-0.0319636
-0.0225345
-0.0249105
-0.0032061
0.0338711
-0.0210704
-0.0400639
0.0122762
-0.0070429
0.0198311
0.0011146
0.0381618
-0.0234444
0.0020153
0.0308745
-0.0031962
0.0105228
-0.0088873
0.0295704
-0.0090498
0.0220288
-0.0225530
-0.0012926
-0.0284073
-0.0197261
0.0113721
-0.0200462
0.0301000
0.0248509
0.0293909
-0.0254408
0.0130059
0.0115142
-0.0316375
0.0334468
-0.0143382
-0.0159532
-0.0128588
0.0280460
-0.0083060
-0.0188075
-0.0160120
0.0188425
-0.0140032
-0.0564941
-0.0303349
0.0013913
-0.0108103
-0.0220883
-0.0493186
-0.0451571
0.0472388
-0.0131376
-0.1104361
-0.0727951
0.0223924
0.1011385
0.0720664
0.0591725
0.0608116
0.0435484
-0.0202177
-0.0748313
-0.0511850
0.0150658
0.0032981
0.0329052
0.0246593
-0.0463483
-0.0284826
-0.0458881
0.0141650
0.0192289
-0.0248289
-0.0005266
-0.0158929
0.0275083
-0.0026184
-0.0239558
-0.0386620
0.0144881
-0.0087532
-0.0043892
-0.0037558
0.0334923
0.0212074
0.0008775
0.0314668
