0.0156808
0.0265954
0.0735383
-0.0170164
-0.0397015
-0.0615809
0.0436730
0.0283729
0.0892262
0.0308597
0.0076177
0.0111626
0.0084617
0.0442248
0.0079312
0.0198981
-0.0149461
-0.0276003
0.0127198
-0.0165710
0.0205644
-0.0341067
0.0047354
0.0220507
0.0062158
-0.0110276
0.0020187
0.0483978
-0.0092244
-0.0283686
-0.0185647
-0.0282327
0.0871364
-0.0761122
-0.0815698
0.0313844
0.0336914
-0.0216873
-0.0549017
-0.0380225
-0.0251856
-0.0140160
0.0410926
0.0380035
0.0181222
0.0240815
0.0296016
0.0297603
0.0701510
0.0229662
-0.0079234
-0.0253961
-0.0458705
0.0173262
0.0166940
-0.0351388
0.0501213
-0.0186885
-0.0229514
-0.0343543
0.0148221
0.0284448
0.0500987
-0.1276186
0.0016166
0.0701813
0.0442006
0.0045653
-0.0307281
-0.0291035
0.0241141
0.0495631
0.0665265
0.0149599
-0.0608764
-0.0563533
-0.0388061
-0.0146257
-0.0313638
0.0050176
0.0341069
0.0876912
0.0760213
-0.2042004
-0.0086703
0.1121966
0.0047222
-0.2021589
0.0529930
0.0318672
0.0323117
0.0206266
-0.0761090
-0.0526404
-0.0269519
-0.0155593
-0.0022540
0.0226596
0.0173371
0.0461439
0.0430305
-0.0241982
-0.0030904
0.0129947
0.0319773
0.0242557
-0.0073063
-0.0299764
0.0061894
-0.0137588
-0.0051299
0.0139629
-0.0033451
-0.0173365
-0.0156027
0.0092414
-0.0125261
0.0396109
0.0802161
-0.0305370
-0.0473891
-0.0061257
0.0368652
-0.0164755
-0.0358844
0.0244554
0.0129156
-0.0061709
0.0021848
0.0130578
0.0072789
0.0695099
0.1114739
0.0147757
-0.0758513
-0.1113551
-0.0735394
0.0464583
-0.0079574
0.0239375
-0.0376955
0.0008524
-0.0029709
0.0289737
-0.0045284
0.0360554
-0.0210110
-0.0111801
0.0079760
0.0410650
0.0671090
-0.0066634
-0.0842855
0.0394261
0.0839774
-0.0094382
0.0497595
0.0069036
0.0004276
-0.0064180
0.0135511
0.0218827
-0.0252158
0.0363521
0.0249295
-0.0378670
0.0333827
0.0745037
0.0830887
0.0025294
0.0052735
-0.0102942
0.0040790
-0.0371579
0.0203591
0.0099056
-0.0079763
0.0242194
-0.0072674
-0.0381610
-0.0053186
0.0047085
0.0514699
-0.0353846
-0.0035321
0.0110947
0.0180863
0.0492158
0.0200454
-0.0284093
0.0733334
0.0021002
-0.0103902
0.0043260
-0.0273526
0.0149627
0.0107327
0.0039161
0.0296006
-0.0192937
