0.0238165
0.0271293
0.0069098
-0.0596363
-0.0930240
0.0427386
0.1817706
-0.1154257
-0.1752693
-0.0875645
0.0900106
-0.0084087
-0.0406584
-0.0085168
-0.0513638
-0.0629275
-0.0108653
-0.0079028
-0.0336528
-0.0174087
0.0630181
-0.0031001
-0.0114657
-0.0381834
0.0254648
-0.0142555
0.0371284
-0.0241520
-0.0374576
-0.0627213
-0.0365985
-0.0491534
0.0016714
0.0561414
0.0314900
0.0156447
0.1468508
0.0303281
-0.1129335
-0.0742241
-0.0503834
-0.0330202
0.0570071
0.0144305
0.0580095
0.0143434
0.0228911
-0.0230269
-0.0250755
-0.0226385
-0.0503015
0.0212292
0.0499357
0.0343340
-0.0445816
0.0321923
0.0418406
-0.0683589
-0.0729958
0.1385121
0.1605788
0.0702597
-0.0007381
0.0208594
0.0535889
0.0077385
0.0167253
0.0013311
-0.0360787
0.0236679
0.0137951
0.0194305
-0.0309830
0.0471013
0.0505486
-0.0122641
-0.0409264
-0.0604412
-0.0334356
-0.0470132
-0.0253813
-0.0492256
0.0264011
0.0198758
-0.1132117
-0.1438058
0.1183748
0.1674366
-0.1529275
0.0834404
0.0264719
0.0457542
-0.0271517
-0.0654911
-0.0064924
-0.0239250
-0.0186125
0.0155683
-0.0043092
-0.0294027
0.0278347
-0.0498780
0.0277680
0.0026400
-0.0258119
-0.0357078
0.0267498
-0.0507622
-0.0299899
-0.0162175
0.0270309
0.0395156
0.0559565
-0.0933029
-0.0930206
0.0263686
0.0663611
-0.0732134
-0.1074512
0.0366331
0.0177012
-0.0550598
0.0018356
-0.0491576
-0.0239475
0.0450090
0.0009832
0.0195882
0.0101666
0.0324380
0.0270050
0.0026225
0.0197276
0.0937099
0.1102885
0.0405408
-0.0023082
0.1607911
0.1993117
0.1592200
-0.0749096
-0.1787666
-0.0423177
0.0853982
0.0414776
0.0421877
-0.0276250
-0.0581157
-0.0089897
0.0393290
0.0347790
0.0094004
0.0436596
-0.0044800
0.0127188
0.0311474
0.0005961
0.0053870
-0.0415361
0.0028944
0.0508477
0.0473869
-0.0668583
0.1922445
0.0126066
-0.1835520
-0.0101741
0.0021740
0.0498339
0.0780730
0.0321974
0.0233446
-0.0280354
0.0013500
0.0194087
-0.0107270
0.0026452
0.0351434
-0.0331105
-0.0482936
0.0100279
-0.0303187
-0.0389039
0.0152212
-0.0205408
-0.0181112
-0.0676175
-0.0580400
-0.0154146
-0.0233012
-0.0052416
0.0658032
-0.1318352
-0.1461993
-0.1924275
0.1923301
0.1301066
-0.1809998
-0.1410141
-0.0985335
