-0.0139032
-0.0063376
-0.0116635
0.0018647
0.0096536
-0.0164373
-0.0083298
0.0040068
0.0111799
0.0163824
-0.0182694
0.0230041
0.0054458
-0.0053975
-0.0177620
0.0183879
0.0054956
-0.0148628
-0.0009417
0.0054552
0.0107789
0.0206175
0.0024008
0.0122652
0.0075975
-0.0142666
0.0016165
0.0132341
0.0245801
-0.0001743
-0.0107426
0.0044898
-0.0157097
-0.0212019
-0.0009751
0.0038050
-0.0137837
-0.0509412
-0.0235128
-0.0045499
-0.0089876
0.0204877
0.0847602
0.0921055
0.0680946
0.0171510
0.0962305
-0.0294132
-0.0633001
-0.0339739
-0.0337894
-0.0302431
0.0144858
0.0220106
-0.0070631
-0.0116608
0.0150154
0.0112887
-0.0041463
-0.0050722
-0.0013293
0.0097388
-0.0001364
0.0018445
0.0083139
0.0102748
0.0062292
-0.0175341
-0.0042314
-0.0067009
0.0103749
0.0138437
0.0193940
0.0177849
-0.0141078
-0.0066161
0.0007863
-0.0007006
-0.0178035
-0.0126123
-0.0203246
-0.0130329
0.0115359
0.0061210
-0.0086247
0.0042864
0.0095710
-0.0165236
0.0001759
-0.0048887
0.0124960
-0.0051990
-0.0050226
0.0120009
0.0141780
0.0003078
0.0133332
-0.0190862
-0.0189630
-0.0143374
-0.0176482
0.0086998
0.0241619
0.0343334
0.0135470
-0.0251792
-0.0527180
-0.0404959
-0.0133565
-0.0003258
0.1453187
0.0654644
-0.0457571
-0.1050085
-0.0891864
0.0924095
0.0374641
-0.0634326
-0.0573249
0.0032283
0.0289957
-0.0075390
-0.0045767
-0.0178923
0.0049961
0.0083465
-0.0103380
-0.0141710
0.0000304
-0.0195645
-0.0053430
0.0186127
-0.0045450
-0.0038026
0.0130106
-0.0184340
-0.0112163
0.0033147
0.0057806
-0.0129022
-0.0024060
-0.0067508
-0.0117994
-0.0097495
-0.0116070
-0.0063944
-0.0019753
0.0103762
-0.0049741
-0.0015115
0.0014742
0.0040246
0.0078730
-0.0082347
0.0102038
-0.0183561
-0.0121786
0.0164014
0.0039386
-0.0102758
-0.0043306
-0.0079192
0.0191052
-0.0235883
-0.0033513
-0.0262488
0.0248191
0.0433656
0.0368046
0.0424312
0.0367273
0.0145962
-0.0200108
-0.0789763
-0.0587064
-0.0059865
0.1328544
0.1211904
-0.0846676
-0.0293567
-0.0788278
-0.0638190
0.0435140
0.0954103
0.0826685
-0.0110560
-0.0479267
-0.0635750
-0.0717711
-0.0403917
0.0457175
0.0126956
0.0001597
-0.0285737
-0.0148852
0.0039652
0.0224376
0.0164716
-0.0110026
0.0103530
