0.1307842
0.0189536
-0.0252980
-0.0125858
-0.0254541
0.0003947
-0.0028145
0.0117441
-0.0058561
-0.0047805
-0.0021654
0.0031972
-0.0054577
-0.0054043
-0.0002611
0.0082152
0.0032768
-0.0051853
0.0035063
0.0006784
-0.0162283
-0.0043263
-0.0062449
-0.0127444
-0.0135374
0.0108407
-0.0091574
0.0108792
-0.0115023
-0.0223813
0.0084482
0.0367831
0.0300123
-0.0571216
-0.0124658
-0.0551980
0.1176634
-0.0347329
0.0323688
0.0404487
0.0257940
0.0066298
0.0139647
0.0021786
-0.0234157
-0.0096669
-0.0312183
-0.0007750
-0.0113450
-0.0134790
0.0084586
0.0053587
-0.0031237
0.0001159
-0.0137381
0.0039197
0.0083925
0.0073278
0.0012271
0.0069541
-0.0190385
0.0027200
0.0038143
-0.0043296
0.0041059
0.0090683
-0.0087256
-0.0129015
0.0320719
-0.0049425
0.0026325
0.0368710
-0.0529146
-0.1373488
0.0512386
0.1059563
-0.0090836
-0.0707580
-0.0128676
0.0436743
0.0177351
-0.0041878
0.0072114
0.0019771
-0.0091376
-0.0100043
-0.0112089
0.0044063
0.0179313
0.0038940
-0.0032063
-0.0008575
-0.0095865
0.0109837
0.0012770
0.0114456
-0.0162987
0.0079051
0.0163779
0.0133889
