-0.0669718
0.0413977
0.0214493
-0.0253115
0.0019337
-0.0597625
-0.0053787
0.0420113
-0.0247063
0.0379537
-0.0390770
-0.0193056
-0.0053755
-0.0079362
0.0242431
0.0293338
-0.0537477
-0.0160499
-0.0067513
0.0160340
-0.0268711
-0.0021765
0.0395524
0.0371713
-0.0143495
-0.0191067
0.0990001
0.0061949
-0.0794592
-0.1278622
-0.1626428
-0.1144431
0.0523046
-0.0306167
0.0207766
-0.0290015
-0.0371802
0.0073287
0.0123473
-0.0451392
-0.0184148
0.0179170
0.0082962
0.0312284
-0.0116263
0.0267237
-0.0132386
0.0394226
-0.0000947
-0.0111360
-0.0383838
-0.0265561
-0.1273016
0.1710873
-0.1386135
0.0778010
-0.0596162
-0.0114322
-0.0394367
-0.0002330
0.0482433
-0.0278103
0.0361550
0.0045984
0.0516331
-0.0043697
-0.0407499
-0.0261613
0.0297363
0.0543752
0.0488542
-0.0954705
-0.1528736
-0.0748056
-0.0414612
0.1473071
0.0243052
-0.0188005
-0.1243718
-0.1099230
-0.1237996
0.0333617
0.0462039
0.0100260
-0.0127867
0.0000413
0.0303368
-0.0339942
0.0400768
0.0148092
-0.0107273
0.0736598
-0.0524969
-0.0442813
-0.0216658
0.0039903
-0.0078381
-0.0121072
-0.0156942
0.0110926
0.0934002
-0.1668616
-0.1746208
0.0059312
0.1618685
0.0834472
-0.0866905
-0.1334953
-0.0451797
0.0219815
0.0647638
-0.0164609
0.0247034
-0.0094867
0.0197240
0.0056714
0.0089293
-0.0498233
0.0351656
0.0509462
0.0212673
-0.0187884
-0.0219636
0.0339782
0.0320772
0.0324303
-0.1343814
-0.0852597
-0.0056480
0.2017890
0.2431809
-0.0114915
-0.0388742
0.0096609
-0.0361472
0.0141188
-0.0260188
-0.0137702
-0.0325852
0.0348224
-0.0021425
-0.0246671
-0.0477532
0.0296694
-0.0224689
0.0307634
0.0178135
-0.0418389
0.0047423
0.0304853
-0.0181413
0.0242769
-0.0048680
0.0950530
0.0206324
-0.0775906
-0.0120977
-0.1327935
-0.1303153
0.0870723
0.0140754
0.0040027
-0.0134741
-0.0214395
-0.0138287
0.0205120
-0.0091361
-0.0095798
0.0063170
0.0448065
0.0547114
0.0298687
-0.0435093
-0.0566071
-0.0207439
-0.0362096
0.0613742
0.0553561
0.0152805
-0.0414814
-0.0975795
-0.0825600
-0.0120067
0.1600450
0.2145619
0.0008929
-0.1225947
-0.1450085
-0.1233465
-0.0106290
0.0446200
-0.0208753
-0.0536769
-0.0482291
-0.0142498
0.0404203
-0.0190789
-0.0253702
-0.0475639
-0.0063376
