0.0065778
0.0050784
0.0096010
0.0102640
0.0033609
-0.0211397
-0.0169568
0.0064987
-0.0118109
-0.0081413
-0.0118548
0.0021306
0.0170148
0.0052210
0.0036697
-0.0095360
0.0053772
0.0221173
-0.0154001
-0.0181520
-0.0034088
0.0028181
0.0175890
-0.0094739
-0.0096236
-0.0006359
0.0093534
0.0189513
-0.0010030
-0.0103044
0.0049697
0.0150739
0.0073914
0.0063701
-0.0102678
-0.0126602
0.0140973
-0.0178195
0.0085969
-0.0177692
-0.0120907
-0.0163872
0.0035897
-0.0146379
0.0015070
0.0089115
-0.0038310
0.0038329
0.0051530
0.0239554
-0.0137244
0.0003655
-0.0235069
-0.0030000
0.0187904
0.0253419
0.1059030
0.0665606
-0.0379854
-0.0584334
-0.0245466
0.0274611
0.0216291
-0.0278194
0.0021931
-0.0124097
-0.0144180
-0.0064906
-0.0022132
-0.0019561
-0.0105237
0.0004572
-0.0144463
-0.0196418
-0.0027397
-0.0134932
0.0060777
-0.0045735
-0.0105189
-0.0043154
0.0120141
0.0010742
0.0067629
-0.0206780
-0.0061441
0.0144011
0.0120139
-0.0062449
-0.0113922
-0.0075631
0.0029037
0.0135264
-0.0129732
0.0094957
-0.0086476
0.0143827
0.0043069
0.0138528
0.0148289
-0.0082044
-0.0135825
-0.0071257
-0.0082040
0.0020191
0.0001772
-0.0034671
0.0246521
-0.0014167
-0.0055667
0.0097280
-0.0045646
-0.0259698
-0.0110872
0.0202382
0.0221113
-0.0187376
0.0109883
-0.0246739
-0.0218465
0.0164054
0.0282416
-0.0403751
0.0107853
0.0211644
0.0134504
-0.0233117
-0.0356389
-0.1124804
-0.1533821
-0.0250355
0.0762285
0.0104462
0.0134986
0.0077574
0.0081627
0.0277032
-0.0031844
-0.0023668
-0.0219045
-0.0186830
0.0202259
-0.0081148
0.0214607
-0.0178084
-0.0150086
-0.0136876
0.0167012
0.0072158
0.0125399
0.0089671
0.0183701
-0.0263520
-0.0097197
-0.0001627
0.0037967
-0.0152008
-0.0156316
-0.0150110
0.0126298
0.0091874
0.0016717
-0.0111402
-0.0092833
-0.0041900
0.0098782
0.0225744
0.0140535
0.0018798
0.0125390
-0.0134084
0.0116188
-0.0094021
0.0108920
-0.0256280
0.0150631
0.0280350
-0.0074704
-0.0136133
0.0119580
-0.0074011
0.0072021
0.0161096
0.0098943
0.0308206
-0.0038686
0.0124862
-0.0101785
0.0090530
-0.0151340
-0.0153024
-0.0043946
0.0093149
-0.0021455
-0.0154263
-0.0305579
-0.0012166
-0.0100293
0.0856361
0.0776526
0.0032946
