1.7928350
-0.1622122
0.1596539
0.0191696
-0.1222758
0.0095340
0.0616783
-0.0549832
0.0225538
0.0502325
-0.1511704
-0.0533386
-0.1008029
1.2730157
0.1258338
-0.1245861
-0.0157404
0.1671950
-0.1586184
-0.1637153
0.0988527
0.0775050
-0.0289821
-0.0988944
0.0319625
-0.0429253
-0.0252798
-0.1021600
-0.0528811
0.3080189
-0.2632678
-0.2774496
0.8353879
-0.4013767
-0.0516835
0.1397519
-0.0294475
-0.0740395
0.1181348
0.0487299
-0.2412299
-0.0487944
0.1155726
0.0997909
-0.0281931
0.1607209
-0.0357564
0.0713350
-0.8892138
0.0727871
0.0166564
0.0236743
0.1165089
0.0875925
0.0385551
0.0029397
0.0365987
0.0435575
-0.2744760
-0.1708435
-0.7155139
0.0393653
0.0717200
-0.1941516
-0.0427149
-0.0017060
0.0747364
-0.0541302
0.0909180
-0.0370334
-0.0945634
-0.0767150
0.0177510
-0.0313871
-0.0770107
-0.0556367
0.0923312
0.2614539
-0.2939848
-0.1510824
-1.0198287
0.0030175
-0.1134459
0.0538249
0.0874192
-0.0160404
-0.0439342
0.0674074
0.0649442
0.0991564
0.0052906
-0.0496425
0.1681217
0.0428646
0.0889306
-0.0552239
-0.0793263
0.0574274
-0.0214519
-0.1939361
