0.1592566
0.1637472
0.1127669
0.1130821
0.1213109
-0.1489030
-0.0562584
0.1196055
0.0419544
0.0494213
-0.0262984
0.1029236
-0.1435621
-0.1891735
-0.0527684
-0.0982306
-0.1129273
0.0332245
0.2247492
0.0528825
0.1681702
0.2956497
-0.0300107
-0.2234907
-0.2381738
1.5064877
-1.0882452
-0.6539590
-0.1005984
0.2067489
0.0962498
-0.0305234
0.1332895
-0.0151156
-0.1894217
0.0593298
0.1783834
0.1667074
-0.1587476
-0.0185212
0.0162666
0.1075194
0.1106242
-0.0537136
0.1016691
0.1162391
-0.1367875
0.0500787
-0.0429345
-0.0353170
-0.0924360
-0.0298555
-0.0376256
-0.1666542
0.0865692
-0.0844708
1.1453201
1.1911390
-0.6474472
0.2073245
0.0506095
0.2094869
0.2693000
-0.2238167
0.0356774
0.1278065
0.1180421
0.0583307
0.0048460
0.0535437
0.0955421
-0.1161752
0.0219748
0.1479198
0.0065723
-0.1163844
-0.0215585
-0.1330920
0.0281338
-0.0450869
0.0910026
-0.1532204
0.1381882
0.0426354
-0.1534308
-0.0537804
-0.0980217
-0.0329591
0.0753983
-0.3076335
-0.4650130
-0.0343252
0.2238563
-0.7933001
-0.7809308
0.1363919
0.1176792
0.0696192
0.2420554
0.0788763
0.0018791
-0.0403190
0.0586446
0.0571744
0.0998709
-0.0123037
0.1475062
-0.0904707
-0.1176276
-0.0322555
0.0755859
-0.0610949
0.0019388
0.0919505
-0.1476394
-0.0152533
-0.1281818
0.1895613
0.0334888
0.0719693
-0.1567721
0.1014859
0.3013697
0.0438543
0.1494753
-0.8260318
1.8089981
1.5147250
0.2123584
-1.0257587
-0.8185876
0.0355283
-0.0302921
0.0112437
-0.0606594
-0.2094097
0.1152145
0.1015228
0.0942356
-0.0548547
0.0484095
-0.0582471
0.1297956
0.1180335
0.1431295
-0.0019396
0.0668182
-0.0151821
0.1246458
0.1235252
0.0907808
0.0837961
0.0805250
-0.0818860
-0.2327766
0.1556586
-0.1466701
-0.3004571
-0.1735111
1.3943214
-0.5232572
-0.1552036
0.0626815
-0.2020706
-0.0434669
-0.0948182
0.0489544
0.1717475
0.1369968
0.0160701
-0.0144252
0.1542479
-0.0544456
0.0211397
0.0457150
0.0215786
0.1440397
-0.0004596
0.0047086
0.1421774
-0.0123398
-0.0909321
0.0754789
-0.0573510
-0.0908815
-0.0327418
-0.0142758
-0.1205024
-0.0403371
0.0647878
-0.0197112
0.1284985
0.2673742
0.1592998
0.1050495
-0.7803013
-0.5616459
1.5782744
0.9858871
-0.1506904
