0.1630608
0.0066490
0.1358552
-0.0262207
-0.0716315
-0.0114323
-0.0255678
0.1544847
-0.0557300
0.0716316
0.0174514
-0.0996083
-0.0746395
-0.0197054
-0.0399862
0.0129462
0.0217311
-0.0359656
-0.0292030
0.0665153
-0.1089898
-0.0115406
0.0556714
0.0768759
0.0094063
0.0003724
0.0530792
0.0300959
0.0162402
-0.0226085
-0.1004401
0.0222805
0.0760362
0.0379665
0.0714155
-0.0145145
-0.0337226
-0.0581584
0.0836543
-0.0185107
0.1112318
0.0758946
-0.0209166
-0.1163539
0.0007822
-0.0718738
-0.0957433
-0.0838639
0.0102297
-0.0981815
-0.0990616
-0.0264415
-0.0470122
0.0877925
-0.1114807
-0.0838541
-0.1088366
0.0179942
-0.0578217
-0.0359982
0.0842270
-0.0450494
-0.0871168
-0.0242757
0.0853526
0.1104725
-0.0988644
-0.0165289
-0.0467838
0.0097131
-0.0729679
0.0396523
-0.0597681
-0.0803141
0.0208595
-0.1244717
-0.0777175
0.0957445
0.0017235
-0.0175255
-0.0806112
-0.0735813
-0.0382620
0.0242221
0.0198508
0.0419868
-0.0919148
-0.0608767
-0.0837122
0.1100545
0.0136293
-0.0797423
0.0359423
-0.0156952
0.0930404
0.0170087
-0.0547651
0.0901782
0.0733486
0.0842654
0.0779400
0.0163313
0.0424678
0.0631003
0.0637428
0.0969482
0.0804931
0.0010072
0.0715463
-0.0913939
0.0053082
-0.0898420
0.0942612
-0.1020072
-0.0273144
0.0743139
0.0697093
-0.0561665
0.0625195
0.0240320
-0.0625650
0.0483460
0.0798079
0.0285680
0.1009891
-0.0513788
0.0526196
-0.0399066
0.0010541
-0.0187988
0.0509390
-0.0726095
-0.0240493
0.0466002
-0.0650396
-0.0178872
0.0108733
0.1560371
0.0110574
0.1509376
-0.0463685
-0.0387298
-0.3221617
-0.2620819
0.8137679
-0.3192453
-0.7510470
-0.0333138
0.0830747
0.1575123
0.0312318
0.0758696
0.0306051
-0.1110825
0.0161205
0.0186191
-0.0528763
0.0692749
0.0992723
0.0227944
-0.0332342
0.0832320
0.0430881
-0.0526711
0.0467945
0.0692888
0.1014908
-0.0677325
-0.1214198
0.0528370
0.0637837
0.0908725
-0.0351708
0.0583794
0.0813896
-0.0836805
0.0932203
0.0927529
0.0594856
-0.0537071
-0.0276477
0.0309987
-0.1083954
-0.1032391
0.1069964
-0.0298402
0.0226668
0.0913803
0.0779348
-0.0142743
0.1030123
0.0129645
0.0399169
-0.0492199
0.1169564
0.0621696
-0.0811657
0.0854126
0.0097186
-0.0265325
