1.7319223
0.0871172
-0.0372082
-0.0053359
-0.0642401
-0.0651786
0.0634493
-0.0078681
0.0610222
0.0719274
-0.0837835
0.0001673
0.0750825
1.0026433
0.1371785
-0.0145469
0.2086021
0.0511818
0.0063368
0.0982153
0.0985934
-0.0116648
-0.0033184
-0.0498401
0.0379669
-0.1243977
0.0709925
-0.0254709
0.2283903
-0.1025288
-0.4891286
-0.7129685
0.9295919
-0.0585987
0.0450714
0.0972190
-0.0621433
-0.0850335
-0.0520903
0.0482834
-0.0601578
0.0959799
-0.0313718
0.0304000
0.0504098
0.1126284
0.1258249
0.0430356
-0.9008108
0.0890477
-0.0795738
-0.0617113
0.1133706
-0.0628058
-0.0810530
0.0787057
0.1563442
0.0077633
-0.2644407
-0.2695491
-1.0038669
-0.0068775
0.0870785
-0.1671695
-0.0846961
0.0638740
0.1688138
0.0360506
-0.0358355
-0.1458901
0.1511812
0.1003136
0.0649977
-0.1642188
0.0089618
-0.1624328
0.1303676
-0.0313351
-0.6316283
1.5011520
-0.3205063
0.0671093
-0.0537388
-0.0375040
-0.0972813
-0.1407908
0.1452613
0.2077963
0.1702759
0.1361758
-0.2645945
0.0407478
0.1932861
0.0964540
0.0361185
-0.0918962
0.1466146
0.0396954
-0.0375516
0.0926919
