0.8486343
-0.1765278
-0.0843980
0.0063022
0.0496715
-0.0541431
0.0106030
0.2299780
0.2254904
0.0283379
-0.6813504
-0.3417016
-0.7654666
0.1484621
-0.0436113
0.1386970
0.0238854
0.0785140
0.0839095
-0.0760016
-0.0015825
-0.0695893
0.0400703
0.1669231
-0.6374878
-0.9278211
-0.1189461
0.1351954
0.1971444
-0.0879443
-0.0937320
-0.1544368
-0.0166336
-0.1056938
-0.0103190
-0.1214646
0.1749964
0.1860024
0.7437272
-0.6349570
-0.9596360
-0.5971596
0.0370554
0.0940915
0.0085165
0.1822132
0.2053364
-0.0534097
0.1064678
-0.2037976
0.2161278
0.9327640
0.0033412
-0.1345461
0.0448727
0.0416605
0.1403678
0.1326838
-0.0396916
0.2011343
-0.1746198
-0.0287409
0.2137730
0.1215473
-0.3764045
-0.4630043
0.7135235
0.4483888
-0.1701227
-0.1096800
-0.0839497
0.0390450
-0.0784884
-0.1057007
-0.1959053
-0.0951973
0.1872929
0.0668938
-0.2279415
0.1611223
0.4139887
-0.0957834
-0.0497655
0.0333756
0.0845316
0.0828077
0.1340748
-0.1181089
0.0499336
-0.1052829
-0.0628105
-0.4292018
0.4490761
0.3131867
-0.0999998
-0.1342206
0.1323465
0.0560055
0.1726683
-0.0860594
