-0.0263974
0.0485148
-0.0126102
0.1016845
-0.0168831
0.0576673
-0.0077318
-0.0333027
-0.0185290
-0.0311239
0.0486502
0.0731840
0.0862010
-0.0147867
0.0917730
0.0239060
0.0533324
-0.0842455
0.0619918
0.0419109
0.0873509
0.0035467
-0.0942873
0.0534221
-0.1180285
-0.0361985
0.0783012
0.0377417
0.1033468
0.1018894
0.1208611
-0.0166182
0.0462790
0.0930754
-0.0693732
-0.0001782
-0.0819148
0.0372224
0.0295960
-0.0539831
-0.0515557
-0.0837872
0.0852663
0.0970544
0.0141118
-0.0077225
-0.0306859
0.0944483
0.0666152
-0.0374448
-0.0457803
-0.0328599
-0.0967103
-0.0135951
0.0521692
0.0066422
0.0485476
-0.0464439
-0.0080921
-0.0834617
-0.0077835
0.1004105
0.0324252
0.0988002
-0.0862421
0.0388657
-0.0978823
0.1193340
-0.0523807
-0.0653631
0.0080075
0.0385240
-0.0306204
-0.0371580
-0.0650555
0.0030206
-0.0288091
0.0138875
0.0806875
-0.0490127
0.0476654
-0.0230852
-0.0839086
0.1194853
0.0331840
-0.0790195
-0.1384855
0.0633300
0.1265258
-0.2083768
-0.2605963
0.0590094
0.2093338
-0.5969880
-0.7128455
0.0090756
0.1038876
0.0719146
0.1249630
0.1239828
-0.0063254
0.0290355
-0.0516983
0.0231435
0.0040043
-0.0227006
0.0188445
0.0000778
0.0504107
-0.1210187
0.0290285
-0.0972058
0.0551702
-0.1047158
-0.0936261
-0.0418738
-0.0809431
0.0464134
0.0484362
-0.0878577
-0.0441729
-0.0715883
0.0742603
-0.0454401
0.0712404
0.1163374
0.0321111
0.0132540
-0.1072677
0.0024781
0.0307918
-0.0722838
-0.0404626
0.0276383
-0.0128369
0.0661578
0.0001065
0.0416887
-0.0119210
0.0666077
0.0026639
-0.1109288
0.0136233
-0.0792370
-0.0023599
-0.0245092
-0.0677150
0.0876029
0.0836124
-0.0302551
0.0105952
-0.0947071
0.0231710
-0.0730682
0.1168947
0.0453730
-0.0845033
-0.0029373
-0.0760071
-0.0691953
0.0356680
0.0638486
-0.0269070
0.0619227
0.0670824
-0.0514591
-0.0499433
0.0951114
-0.0199151
-0.0040287
0.1023839
0.1096801
0.0776523
-0.0144060
0.0181764
-0.1335604
0.0136113
0.1216502
0.1345426
0.0459738
-0.0674586
-0.0812886
-0.1865989
-0.3597462
-0.3450956
1.1324897
0.1759541
-0.6871784
-1.0018747
-0.5565839
0.0266340
0.2182820
0.0334313
-0.1216153
0.0269901
0.0426209
0.0099478
0.0610691
0.0396812
-0.0704991
