-0.0814921
0.1005471
0.0737160
-0.0974685
-0.0771407
0.1190927
-0.1522117
0.0682825
0.0688863
0.1117014
0.1600939
-0.1005747
0.0724645
-0.0162298
0.0664891
0.0360938
0.0422010
0.0466492
0.0295703
-0.0818200
-0.0839394
-0.1432701
-0.1408527
-0.0153391
-0.1246400
-0.0339798
0.0346376
0.0556304
-0.1085962
-0.0455990
-0.0953859
-0.0465020
0.0574289
0.0593087
-0.0589116
-0.0531686
0.1426124
-0.0683957
0.1473891
0.1985378
-0.0563948
0.1904398
0.0952938
0.0043441
-0.0790215
-0.0558492
0.2346096
-0.1389438
-0.5281552
-0.5518353
-0.3723339
0.0392374
1.2628168
-1.1864282
0.2121868
0.0633073
-0.0675401
0.0836408
0.0739362
0.0696708
0.0104284
-0.1510770
-0.1001776
-0.0094120
0.1532780
-0.1541356
-0.0553359
0.1231432
0.1560359
-0.1219603
-0.0187443
0.1008850
-0.0035277
-0.1448078
-0.0921089
0.0180470
-0.1154977
-0.0305452
-0.0199577
0.0434691
-0.1218760
0.0463117
-0.0113748
-0.1014584
0.0785306
-0.0953087
0.0742969
0.1164262
-0.0675810
-0.0597340
0.1481896
-0.1643220
0.1016062
0.1333989
0.0807812
-0.1232670
0.0038460
0.1559537
0.0197140
-0.1492831
-0.0688915
0.1108025
0.0578688
-0.0530643
-0.0398797
0.0319227
-0.1416649
-0.0318869
0.1114643
-0.1248231
-0.0178397
0.1567363
-0.1384671
0.0798331
0.0678088
0.0228013
-0.0912730
-0.0953601
0.0352102
-0.1609895
-0.1286952
-0.1301543
-0.0180226
-0.1108462
-0.0570457
-0.1150059
0.0083372
-0.0276938
-0.0945546
-0.0954100
-0.1734427
0.1357238
0.0630461
-0.1088067
-0.0067075
-0.4337249
-0.3350776
0.2138479
-0.7730772
-0.9750473
-0.3072266
0.0160421
0.1255415
0.0644648
0.1003982
-0.1146622
-0.1470725
-0.1363833
0.0203659
-0.0171408
0.1078796
0.1852691
0.0508138
0.0336206
-0.1018833
-0.1056391
0.1753970
0.0959451
0.1536981
0.0228685
-0.0169335
-0.0044739
-0.0017860
-0.0680396
-0.1168813
0.0207716
0.0562061
0.0585662
0.1339279
-0.0917580
0.0893518
-0.0379249
0.1516738
0.0043283
0.0110766
0.1355796
0.0202557
0.0587919
0.1694901
0.0074099
-0.0030359
-0.0196471
-0.1456128
-0.0703476
0.0561528
0.1855705
-0.0052313
0.1360566
-0.1077168
0.0662662
-0.0588230
0.0024165
-0.0170677
-0.3503536
-0.4677509
0.1218131
0.2770553
-0.0144928
-0.1828517
-0.0818989
