0.0128435
0.0145548
-0.1641039
0.0015970
0.0601097
-0.0618718
-0.0457842
-0.1259293
0.1288366
-0.0457877
-0.0350031
0.0775188
-0.1216197
-0.0045214
-0.0389945
0.1353029
0.0144041
0.0778768
-0.0639441
-0.1451145
0.0682513
-0.0856588
-0.1058672
-0.0640894
0.1021595
-0.1958124
-0.2208740
0.1066712
0.0956786
0.2157348
0.0233046
0.0534426
-0.1066553
-0.5035810
-0.4240621
-0.2672514
-1.3517492
0.2219694
0.3496839
0.1817140
0.2420706
0.0279440
0.0336152
0.0062279
-0.1033661
0.0946693
0.1045928
-0.1471656
0.0111784
0.0675864
-0.1917592
0.0577511
-0.0955274
0.1114097
-0.1219760
-0.1122450
0.0450545
-0.0198365
-0.0315419
0.0174303
0.0673514
0.1121057
0.0262933
-0.1110812
-0.1471755
-0.0934083
0.0854124
0.0181018
-0.0946272
0.0367046
-0.0242119
0.0230852
0.0164618
0.0043692
-0.0621953
-0.1627811
0.0420380
-0.0882892
-0.0032338
-0.1301171
-0.0603659
-0.0694520
0.1048634
-0.1092781
0.0835627
0.0041824
0.1217727
0.0501807
-0.0074819
-0.0373280
-0.0230194
-0.0061974
-0.0153562
0.1439523
-0.0895418
-0.1428150
-0.0326368
-0.1356217
-0.0654024
0.0608997
0.0644206
-0.1044106
0.1369059
0.0901026
-0.0023150
-0.1117662
-0.1841915
-0.0298456
0.0220948
0.0893292
0.1572773
0.0028386
-0.1177475
-0.1148915
-0.4164038
-0.5401807
0.9402626
-0.9608624
-0.3326762
0.2466981
0.2578239
-0.1307129
-0.1934179
-0.0814267
-0.0669026
-0.0793223
0.0610930
0.1081671
0.0726092
-0.1739002
-0.0102924
-0.1040726
-0.0006016
0.0393953
0.1170977
-0.0498350
0.0757680
-0.0701075
-0.1212002
0.0480977
0.0194259
-0.1345861
-0.1019147
-0.0723692
0.0649810
0.1485897
-0.1207817
0.0462273
-0.1239375
-0.1045579
0.1255692
0.0399685
-0.1266518
0.1434856
0.0155501
0.1297134
-0.1532521
-0.0812122
-0.0503908
-0.0991318
-0.0357798
-0.0014319
0.2138097
-0.1729357
-0.5581057
-0.5713616
0.7550085
1.7870348
0.8947007
-0.1864905
-1.2984164
-0.8353507
-0.3019677
0.1043401
0.1775105
0.2944088
-0.1580583
-0.1106278
-0.2368846
0.0503203
0.1198456
0.0860700
0.0234559
0.0728166
-0.0475142
-0.1762950
-0.1886539
0.0990692
0.1107552
-0.0800856
0.1117843
0.0755076
-0.1021797
-0.0102589
-0.0413620
0.0554428
0.0634121
-0.0968365
-0.1369684
-0.0106680
