0.1598061
-0.0730499
0.0249261
0.1478542
0.0180758
0.1409475
-0.0404157
-0.0154488
-0.0082368
-0.1302517
0.1499952
0.0270611
-0.1208260
-0.1499056
-0.0479420
0.0210627
-0.1358651
-0.0131059
-0.0507265
-0.0945041
0.0878698
0.1520426
-0.1423617
0.0128058
-0.0342885
-0.1006449
-0.0927438
-0.1269558
-0.0940565
0.0919130
0.1280107
0.1232779
-0.0756252
-0.1231698
0.0511659
-0.0096212
-0.1199146
0.1140789
0.0233325
-0.1081456
-0.0429308
0.0125445
0.1521886
-0.0351555
0.1808584
-0.3526039
-0.1379442
-0.0100305
0.2198630
0.3134121
0.2707250
0.3104045
0.1226761
0.0229099
0.0698220
-0.0946723
0.0264391
0.0048893
-0.1165510
-0.0229481
0.0558725
0.0375414
0.0565784
0.0295290
-0.0303334
0.1190252
0.1101118
-0.0908057
-0.0175872
0.0519781
0.0007665
-0.0150679
-0.0009553
0.1153458
-0.0784098
-0.1447240
-0.1271166
-0.1356104
0.1423716
0.0623038
0.1251350
-0.0749784
-0.1446785
-0.0326860
-0.0723824
0.1095324
0.0882088
-0.1750222
0.0921108
0.0344719
-0.1092165
-0.0576718
-0.0799666
-0.0721370
0.0421158
0.1655946
0.2068707
0.0696950
0.1874559
0.1150916
-0.6652633
0.6682083
0.4929229
0.3108732
0.0331755
-0.4008002
-0.0662712
0.2816755
0.1698308
0.3245532
-0.1545316
-0.0313002
-0.0427400
-0.0920048
0.0501466
-0.0354262
0.0229017
-0.1808604
0.0035195
-0.0883652
0.0774203
-0.0891045
0.0604090
-0.0181123
0.0458487
-0.0555987
0.0857684
0.0958434
-0.0865401
-0.0846700
-0.1518346
0.0199227
0.1263733
0.1226976
0.1574153
0.0605777
0.1078470
-0.0111380
-0.0488612
0.1417285
0.0722324
-0.0168533
-0.0515297
0.0664469
0.1252376
-0.0877029
0.0191957
-0.1220334
0.0610011
-0.0402627
0.0842984
-0.1287312
-0.1152863
-0.0757370
0.0073367
0.3000274
-0.1689894
-0.7196157
-0.6097833
0.6229816
-0.3738204
-0.2691562
0.1325350
0.0430861
-0.1986457
-0.0859184
-0.0556574
0.1111065
0.0041754
0.0846595
-0.1087856
0.0473259
-0.0906823
0.0779510
-0.0387900
-0.0867542
0.0857936
0.0009656
0.0676504
-0.0350848
0.0646049
0.0920727
-0.0876819
-0.0147230
-0.1569615
0.1412861
-0.0265845
0.1195119
-0.1333110
-0.0160859
0.0629966
-0.1017509
0.0921754
-0.1361396
0.1576601
0.1056544
0.0435384
0.0205936
0.1493623
0.0565594
