0.0140924
-0.0033699
-0.0212369
0.0302958
0.0215007
0.0107314
-0.0036062
0.0144834
-0.0872231
0.0531865
-0.0984576
0.0437784
-0.0451583
0.0596398
-0.0225059
-0.0374175
-0.0233330
-0.0868280
0.0829953
0.0760937
-0.0784568
0.0967188
0.0093899
0.0888115
0.0208937
-0.0738398
-0.0339334
-0.0511085
0.0854232
0.0573886
0.0870001
0.0410068
-0.0368474
0.0791728
-0.0196844
-0.0560732
-0.0276008
0.0542314
-0.0144111
0.0077336
-0.0582492
-0.0023089
-0.0044630
-0.0423174
0.0130644
-0.0620708
-0.0248152
-0.0793425
-0.0347754
0.0758200
0.0061468
0.0889276
0.0576481
-0.0112618
-0.3544123
0.9815581
-0.0365276
0.1821765
0.0016454
-0.0277530
-0.0802828
-0.1100544
0.0527722
-0.0121193
-0.0753045
-0.0637432
-0.0901889
0.0250641
0.0115311
-0.0420123
0.0196554
-0.0659820
-0.0226077
0.0212211
-0.0232183
0.0338053
-0.0040506
0.0677370
0.0351334
0.0533469
-0.0345626
0.0805620
-0.0203179
0.0336555
-0.0812711
0.0142502
0.0409758
-0.0527655
0.0375380
0.0131227
-0.0435445
0.0725291
-0.0212984
0.0376135
0.0046771
0.0002549
0.0400375
-0.0146001
0.0514154
0.0267388
-0.0859273
0.0553543
0.0458849
-0.0636852
-0.0550717
0.0099886
-0.0213456
-0.0175194
-0.0097968
-0.0858625
-0.0860800
-0.0953196
0.0293871
-0.0251403
-0.0084131
-0.0713708
0.0666663
-0.0664023
0.0739603
-0.0684450
-0.0237892
-0.0482388
0.0796044
0.0673662
-0.0235848
-0.0142143
-0.0850564
0.0199024
-0.0529854
0.0354500
0.0543131
0.0209386
0.0440641
-0.0089206
0.0414493
0.0842393
0.0024477
0.1017583
0.0583644
-0.0964065
-0.0147521
0.0633012
0.0269853
0.0155998
0.0931212
0.0853842
0.0188513
0.0504395
0.0024706
0.0433887
-0.0062355
-0.0342035
-0.0593652
-0.0110768
0.0119497
-0.1299036
-0.0094165
0.1411008
0.1696508
0.0937532
-0.3976589
-0.0968225
1.0268555
0.0416981
0.1614461
0.1588612
0.0986168
-0.1194466
-0.1515666
-0.0880500
-0.1000415
0.0386860
0.0788760
0.1152205
0.0835636
-0.0219393
0.0043772
0.0067700
0.0716702
-0.0983563
-0.0766664
-0.0440804
0.0270584
-0.0877154
0.0551149
-0.0016417
0.0626124
-0.0831837
-0.0485322
0.0651480
0.0502925
-0.0559781
0.0549336
0.0182569
0.0142314
-0.0730761
0.0669031
-0.0868060
-0.0637407
0.0747642
