-0.0259283
0.0077721
-0.1154765
0.0161336
-0.0402793
0.0493387
0.1876907
0.1850607
0.0949170
-0.3413665
-0.1373673
1.2811798
1.1776077
-0.2932628
-1.2619606
-0.7537948
-0.0423814
0.0729194
0.3182945
0.1979134
0.1590059
-0.0500515
-0.0997681
-0.0268040
-0.1396370
0.1264696
0.2110785
0.1243163
0.0662878
-0.0281197
-0.0984876
-0.0968705
0.0048600
0.1454494
-0.0913520
0.0334920
-0.0034268
-0.0823246
-0.0811451
0.1594260
-0.0798484
-0.1323709
-0.0449450
-0.0227906
-0.1203664
0.0734368
0.1080818
0.0333612
0.1235051
0.1022391
0.1546659
-0.0452033
0.0033810
-0.1374656
0.1513683
0.0793543
0.0049959
0.0849301
-0.1129738
-0.0138844
0.1314003
-0.1115140
-0.0931820
-0.0928851
0.1334243
0.0137408
0.0222535
0.1373030
-0.1459713
0.0739794
-0.0776048
-0.0298924
-0.0578391
-0.0092362
0.0976230
-0.0322371
0.1227517
0.0351208
0.0128092
-0.0495622
0.0385077
-0.1095354
0.0062494
-0.0267187
0.1310118
0.1458264
0.0196486
0.0097442
0.1631255
0.2072743
0.1208167
-0.3106253
-0.1976364
0.3408004
0.9910327
-0.1256112
-0.7445546
-0.1199034
0.0241549
0.1140607
0.2612958
-0.1151740
-0.0623173
-0.1963474
-0.1733858
-0.0760140
0.0090224
0.0997561
-0.0109141
0.0487800
-0.0527639
-0.1222733
-0.0760755
0.0738536
0.0554009
-0.1308087
-0.0929972
-0.0410146
-0.0813925
0.0500454
-0.0237784
-0.0958531
-0.1632914
-0.1145375
-0.0891171
-0.0413142
0.0575201
-0.0626415
-0.0406693
-0.1321658
-0.1288495
-0.0482789
0.1026500
0.1624101
0.0786607
0.0193191
-0.0380370
0.1241136
0.1406313
0.0421005
0.0792117
0.1922601
-0.0917319
-0.3431470
-0.4677167
0.6385879
1.5610293
-0.3498330
-1.1463556
-0.0448172
0.2526319
0.1247496
0.1038124
-0.0288166
0.1910175
-0.0572603
0.0438431
0.1476634
0.1316816
-0.0298579
0.0179480
0.0364395
0.1557130
-0.0652668
-0.1684622
0.0452209
-0.1036102
-0.1190086
-0.0091566
-0.0147998
0.0495030
-0.0435939
0.0377106
-0.0325954
-0.0503152
-0.0200844
0.0958413
0.0835245
0.1325506
0.0932513
-0.0898822
0.1009095
-0.0552006
-0.1421063
0.0392793
0.0705324
-0.0483640
-0.0392263
0.1406845
0.0695306
-0.0600581
0.1073209
-0.0745714
0.0875367
0.0272334
0.0208844
-0.1380120
0.1557547
0.0715508
0.0578733
