-0.1310905
-0.0206567
0.0309698
-0.0562292
0.0667009
-0.0755548
-0.0098420
0.0941512
0.1498982
0.0230186
-0.0907191
-0.1082233
0.0948022
0.0326032
0.0000062
0.0237592
0.0035213
-0.0157725
0.0847246
0.1617519
-0.0675176
-0.0176210
0.0190837
-0.1533288
0.0204374
-0.0777760
-0.1283540
0.1199244
0.0047255
0.0509146
-0.0568335
-0.0045292
-0.0868547
0.0959340
0.1723850
0.1018400
0.0401317
-0.0399905
0.1646153
0.0464710
0.0497015
0.1599834
0.1517656
-0.1048898
-0.2008650
-0.3221460
-1.1364230
0.1912518
0.1279759
0.0575738
0.1474855
0.2111091
0.1291559
-0.2214536
0.1341589
0.0173053
0.0609978
0.0581940
0.4497453
-0.0175954
-0.1195710
-0.0146937
-0.0256796
-0.1243641
0.0552021
-0.0459563
-0.0601025
0.0319610
-0.0384070
0.0015816
-0.1015063
-0.1392181
0.0209921
-0.1025464
0.1237777
0.1066006
0.0121940
0.1257498
-0.1337779
-0.0386010
0.0771716
-0.0182917
0.1264760
0.1233338
-0.1650785
-0.1396150
-0.1095094
0.0085126
0.1453214
-0.0175994
0.0220156
-0.0178615
0.1113807
0.1172892
0.2345071
0.1130804
-0.0130901
-0.3174475
-0.3674506
-0.3684008
0.6768316
-0.9617186
-0.6778154
-0.1132871
0.1273124
0.3366893
0.1344344
0.1815451
-0.1463923
-0.1332448
-0.1949641
0.0792115
0.0195172
0.1409459
0.0228845
-0.0030801
0.0899052
0.0768394
-0.0992850
0.0523098
0.1171130
-0.0213210
-0.0203704
0.0267852
0.0703333
0.1501660
0.1128778
0.0353429
-0.1170256
-0.0117870
0.1526805
-0.1342879
-0.0773481
-0.0263037
0.1653170
-0.0508095
-0.0709495
-0.0430927
-0.0312421
-0.2042802
-0.0911936
0.0385056
0.2866230
0.4525195
0.1254000
-0.8132399
-1.1209012
0.6153486
1.4488892
-0.3064255
-0.8641247
-0.6463966
-0.0618280
0.3258955
0.2614998
0.1554058
-0.2730390
0.0634686
-0.0004294
0.0527230
0.1024630
0.0202241
0.1316315
0.0657015
-0.0651563
0.0034881
0.0896625
-0.1330926
0.0315540
-0.0959982
0.1103636
0.1490540
-0.0037731
0.0296195
0.0799856
0.0331835
0.0671208
0.1301339
-0.0436758
-0.0599156
-0.0057929
-0.1566231
0.0815866
0.0211574
-0.0423280
-0.0322029
0.0159115
0.0188407
-0.0461297
0.0072257
0.1171140
-0.1137234
-0.0228008
0.0316306
-0.0058221
-0.1521339
-0.1250116
-0.0564310
0.0883179
0.0297208
