-0.0062945
-0.0126035
0.0253024
0.0078814
0.0295481
-0.0224943
0.0051572
-0.0134932
0.1125624
0.0175134
0.0422401
-0.0020517
0.0055793
0.0006880
0.0091593
-0.0070293
0.0125900
0.0046953
0.0074655
0.0110836
-0.0185823
0.0218671
-0.0082063
-0.0018474
0.0218023
0.0132941
0.0219508
0.0043260
0.0115135
-0.0037750
0.0170964
-0.0223825
-0.0109806
-0.0140100
-0.0093737
0.0056313
-0.0262629
-0.0225430
-0.0196985
-0.0080646
-0.0320598
-0.0563643
-0.0173938
0.0237139
0.0366080
-0.2689755
0.1023090
0.0161825
0.0220119
-0.0156327
