0.0993166
0.1085912
-0.0047450
0.0409053
0.0124577
-0.0347072
-0.0621083
-0.0750642
0.6786282
-0.0064938
0.0837998
0.0167749
0.0025851
-0.1306647
-0.0289110
0.0220315
-0.0133620
0.0411259
-0.0074979
-0.0588542
0.0118078
-0.0004107
0.0824518
0.0196758
0.0369301
0.0032196
0.0870909
-0.0176398
0.0009353
0.0811884
0.0297544
-0.0503267
-0.0336441
0.0394592
-0.0450914
-0.0521047
-0.0035357
-0.0154336
-0.0263946
0.1183363
-0.0482518
-0.1371135
-0.0819327
-0.0657692
0.0101521
0.8397865
-0.3698662
-0.0655530
-0.0326459
0.0348203
