0.0761478
0.0259160
-0.0738144
-0.0295073
0.0142279
-0.0331374
-0.0337028
0.0812681
0.0195719
-0.0612941
0.0030583
-0.0516520
0.0267259
-0.0378825
0.0303194
0.0133881
0.0444591
0.0609015
0.0984152
-0.0218608
0.0008384
0.0047337
0.0160070
0.0437598
-0.0249809
0.0026208
0.0488979
0.0296745
-0.0416048
0.0472478
0.0657444
0.0461336
-0.0103646
0.0184564
-0.0920400
-0.0224985
-0.0269354
0.0061080
-0.0581219
0.0354705
0.0388780
0.0371268
-0.0163836
0.0838012
0.0553617
0.0128590
0.0415696
-0.0036137
-0.0500449
0.0701015
