0.0591905
-0.0728911
0.0847853
0.0948708
0.0178972
-0.0751421
-0.0126429
0.0949482
0.0077892
0.0169198
-0.0198069
0.0125378
0.1212021
-0.0366596
0.0340849
-0.0549269
-0.0364754
0.0393531
-0.0317712
-0.0839614
-0.0263868
-0.0591806
0.0531934
0.0295285
-0.0579268
0.1056477
0.7082361
-0.9331536
0.3739752
-0.0253810
-0.1572315
0.0330287
-0.0325970
0.0190484
0.0786186
-0.0391618
0.0746187
0.0438175
0.0988016
-0.0120314
-0.0940204
-0.0177280
0.0705358
-0.0036003
-0.0235341
0.1027391
-0.0177388
-0.0468858
-0.0522649
0.0095906
