0.0615223
0.0202622
-0.0048980
-0.0145135
0.0327927
0.0437001
0.0685789
-0.0500944
-0.0579170
0.0656897
0.0924309
-0.0521396
0.0564013
-0.0193699
0.0753617
0.0847366
-0.0488164
0.0155673
-0.0698598
-0.1000383
0.0315410
-0.0359680
-0.0299138
0.0557879
-0.0276204
0.0094022
-0.0804175
-0.0167029
-0.0429741
-0.0640193
-0.1056027
0.1034545
0.0694972
-0.0269773
-0.0581802
-0.0154029
0.1269284
0.0379672
-0.2346783
-0.0042713
0.1825241
0.1359977
-0.0281739
0.0339989
-0.1170551
-0.0002454
0.0923432
-0.0337303
0.0263838
-0.0678272
