0.0071751
-0.0391912
0.0377892
0.0142294
0.0966759
0.1062239
0.0815911
-0.0327566
-0.1078624
-0.1627750
0.0070833
0.0187470
0.1758415
-0.1602660
-0.1058860
0.0188451
0.0091968
0.0796320
0.0682099
0.0450499
-0.0716474
0.0132086
-0.0043167
0.0757432
0.0506369
0.0483904
0.0082650
-0.0373949
0.0705660
-0.0588816
0.0517954
0.0720553
-0.0002684
0.0616354
0.1117926
0.0221712
0.0018432
0.0389851
-0.0318018
0.0458377
0.0328570
0.1157634
0.0075004
-0.0782454
0.0472359
0.0189684
0.0084361
0.1706229
0.1160793
0.1325372
