0.0476905
-0.0123448
-0.0556589
-0.0360459
0.0547636
0.0524762
0.0161299
0.0539979
0.0130711
-0.0528987
-0.0045644
0.0342867
-0.0714442
0.0252395
-0.0745155
0.0875363
0.0852072
0.0421908
0.0238732
-0.0316918
0.0298721
0.0623718
-0.0297010
0.0087806
0.0698337
-0.0447375
-0.0311115
0.0157515
-0.0292320
-0.0843178
-0.0146877
-0.0209999
-0.0687587
-0.0148647
-0.0300146
-0.0537054
0.0672077
-0.0333190
-0.0373835
-0.0132769
0.0522017
0.0760870
-0.0341232
-0.0857862
-0.0110587
0.0563860
-0.0910774
-0.0656588
0.0079208
-0.0640148
