0.0214802
-0.0173701
0.0316351
0.0144902
-0.0219813
-0.0096176
-0.0074769
-0.0078435
-0.0129017
0.0046332
0.0160613
0.0159412
0.0020756
0.0032396
0.0117353
-0.0031958
-0.0038481
0.0414257
0.0504834
-0.0274915
-0.1279595
-0.0569869
0.1353866
-0.0646939
-0.0182675
-0.0285919
-0.0220754
-0.0164963
0.0184621
0.0321661
-0.0119313
0.0249823
0.0029405
0.0125212
0.0056490
0.0143810
-0.0003567
0.1523064
-0.0839776
-0.0510523
-0.0032589
-0.0011354
-0.0136648
0.0352921
-0.0162643
-0.0254686
0.0244432
-0.0907327
-0.0360337
0.0158154
