0.0033622
-0.0095261
-0.0046822
-0.0052308
-0.0446616
-0.0305927
-0.0186187
0.0110595
0.0105467
0.0335497
-0.0339625
-0.0679599
-0.0797233
-0.2352422
0.1916610
0.0299483
-0.0375780
0.0245847
0.0247248
0.0576286
0.0019434
0.0141430
-0.0156147
-0.0289712
-0.0027680
-0.0173910
0.0040962
-0.0140580
-0.0049180
-0.0324305
0.0165555
0.0127229
-0.0424052
0.1714126
-0.0140133
-0.0383030
0.0225900
0.0048634
0.0056361
-0.0080388
-0.0000026
0.0346145
-0.0079823
-0.0389007
0.0328121
0.1461172
-0.0060539
-0.0146073
-0.0021230
-0.0187012
