-0.0076302
-0.0032607
-0.0075591
-0.0032973
0.0175023
0.0025970
-0.0171543
0.0117274
-0.0007586
0.0078084
-0.0083385
0.0013415
0.0028067
-0.0011018
-0.0017462
0.0023384
0.0038388
0.0094149
-0.0070034
-0.0129569
0.0035388
0.0018050
0.0107337
0.0080709
0.0060800
-0.0176415
-0.0124819
0.0156222
0.0324919
-0.0855515
0.1544115
0.0170022
0.0167453
0.0082861
0.0124068
0.0109816
0.0069860
-0.0037215
0.0188614
0.0128938
0.0054668
0.0126941
-0.0230886
-0.0159048
0.0103509
0.0085441
0.0002792
-0.0219001
-0.0116289
0.0019955
