0.0184968
0.0055872
0.0156348
0.0222864
-0.0052150
-0.0151421
-0.0150883
0.0025036
0.0089099
-0.0098619
0.0195372
0.0119080
-0.0163869
0.0114116
0.0221567
-0.0006809
-0.0151466
-0.0018122
-0.0120885
-0.0076388
-0.0121849
0.0073117
-0.0003003
0.0197548
0.0137740
0.0201765
0.0026905
-0.0547336
0.0033369
0.1220406
-0.0998040
0.0972222
0.0206818
-0.0186946
-0.0178340
0.0166290
0.0044482
-0.0142111
-0.0123135
0.0061196
-0.0163283
-0.0022971
0.0006476
0.0030180
-0.0033909
0.0016721
0.0046820
-0.0084507
0.0044423
-0.0057301
