-0.0089705
0.0167077
-0.0134334
-0.0020064
-0.0044469
-0.0095346
-0.0153896
-0.0129206
0.0049386
-0.0212582
0.0068066
0.0085640
0.0070731
-0.0037870
-0.0100873
-0.0174959
0.0072144
0.0142797
-0.0087810
0.0002708
-0.0032936
0.0004296
-0.0191364
-0.0047413
0.0072533
0.0118829
0.0038202
0.0077928
0.0088500
0.0138897
0.0219378
-0.0091160
0.0195180
-0.0009967
0.0072096
-0.0118068
-0.0171183
-0.0069143
-0.0134035
-0.0111252
-0.0131607
0.0077625
-0.0040552
0.0094078
-0.0090937
-0.0053380
0.0145820
-0.0177144
-0.0072558
0.0115541
