0.0335684
0.0514817
0.0055554
-0.0449606
-0.0538890
-0.0317659
-0.0107849
-0.0250183
0.2012447
-0.0201978
0.0427267
0.0277671
-0.0011935
-0.0173179
-0.0016003
-0.0109618
-0.0162854
-0.0115301
0.0034700
-0.0050372
0.0216526
-0.0006983
-0.0029694
0.0095580
0.0177321
-0.0031975
-0.0020650
0.0022056
0.0166379
0.0034265
-0.0103381
0.0172755
-0.0150569
0.0246033
-0.0059788
0.0015464
-0.0230440
0.0588566
0.0250558
-0.0029790
-0.0541413
-0.0227918
0.0306877
0.1593316
0.0995910
0.0928615
0.0357849
0.0248865
-0.0029781
-0.0241700
