0.0218301
-0.0115835
-0.0197090
-0.0088642
-0.0159974
-0.0111834
-0.0347080
0.0321947
-0.0215053
0.1968445
-0.1161923
0.1885800
0.0337602
-0.0173541
0.0430557
-0.0015190
0.0022722
-0.0006719
0.0064707
-0.0123965
0.0189287
-0.0109862
0.0078404
0.0206621
-0.0272648
0.0181874
0.0065818
-0.0011672
-0.0122383
-0.0018206
0.0117256
-0.0203353
0.0034740
0.0065676
-0.0078540
-0.0223850
-0.0009256
-0.0153107
0.0523572
-0.0420331
0.0650456
0.1459192
0.1749341
0.1340059
-0.3517873
-0.0092255
-0.0400481
-0.0559450
0.0183288
0.0167050
