0.0305681
0.0761792
0.0766732
-0.0420895
-0.1507644
-0.1766898
-0.1896684
-0.0721354
0.4118063
0.0533191
-0.2517586
-0.1714293
-0.1122333
0.0090446
-0.0473451
-0.0104673
0.0174596
0.0036246
-0.0399207
0.0007686
-0.0315529
-0.0379261
-0.0400575
0.0456506
0.0169389
0.0049856
0.0876876
0.0271916
-0.1267936
-0.1780355
-0.2079254
-0.0469681
-0.2827484
0.0572502
-0.0013011
0.0236705
0.0539933
-0.0594055
0.0226282
0.0244584
-0.0768342
0.0484664
0.0484528
-0.0132941
-0.0114974
0.0023276
0.0246937
-0.0329828
-0.0513207
0.1907512
