0.0061146
0.0187467
-0.0019190
-0.0141245
-0.0250051
-0.0018447
0.0113155
-0.0047523
-0.0010747
0.0046563
-0.0029985
-0.0197320
-0.0120523
-0.0026613
-0.0056178
-0.0160900
0.0101016
-0.0046399
-0.0089151
0.0049748
-0.0028364
0.0105072
-0.0165663
-0.0179136
-0.0107391
-0.0086167
-0.0058145
0.0074167
0.0005214
-0.0077106
-0.0113210
0.0083137
0.0002603
0.0000536
0.0059696
0.0034467
-0.0153513
-0.0064671
0.0084943
-0.0075391
0.0155599
0.0106796
-0.0079828
-0.0034431
0.0101802
-0.0086132
0.0150423
-0.0041144
-0.0065015
-0.0021695
