0.0018072
-0.0133860
-0.0320100
-0.0166643
-0.0471517
-0.0342797
-0.0093790
0.0154463
0.0094581
0.0152813
0.0205406
-0.0057559
0.0074897
-0.0055160
-0.0034778
-0.0272167
-0.0065752
0.0143449
-0.0151125
-0.0063558
-0.0026442
0.0191937
0.0211696
0.0047663
0.0086176
0.0068357
0.0207027
-0.0070291
0.0176470
-0.0149668
-0.0207594
0.0064203
-0.0116702
-0.0365072
-0.0390089
-0.0277392
0.1087760
-0.2358083
-0.0099019
-0.0455612
0.0074382
-0.0037554
0.0266808
0.0242859
0.0375547
-0.0198446
0.0122240
0.0169606
-0.0085981
0.0209296
