-0.0052913
-0.0054625
0.0074224
-0.0299181
0.0247559
-0.0026517
0.0106872
-0.0042315
0.0106689
0.0270768
-0.0068164
0.0154008
-0.0161318
-0.0011510
0.0171650
0.0050078
0.0179022
0.0270678
0.0075785
0.0035269
-0.0247200
-0.0309697
-0.0196927
-0.0085173
0.0102113
0.0107271
-0.0035401
-0.0244905
0.0381193
0.0445146
-0.0375593
-0.0556926
-0.0215429
-0.0260554
-0.0074999
-0.0248073
0.0245777
-0.0096377
-0.0038478
-0.0256175
0.0148261
-0.0344843
0.0007158
0.0192383
-0.0239599
-0.0176356
-0.0040209
-0.0107586
0.0036572
0.0071145
