-0.0096720
-0.0026344
0.0142947
0.0229557
0.0028265
-0.0118245
0.0034135
0.0020584
-0.0179569
0.0080630
0.0624523
-0.0565279
-0.0890652
-0.0351716
-0.0308843
0.0033552
0.0072508
0.0146079
0.0011182
-0.0063246
0.0024255
0.0011849
0.0070564
-0.0025780
0.0160339
-0.0016411
-0.0031046
0.0037192
0.0093512
-0.0087351
0.0045674
0.0099727
0.0023288
-0.0142891
0.0069955
0.0076038
-0.0050052
0.0010292
-0.0025131
-0.0016771
0.0027700
0.0023988
0.0115839
0.0054162
0.0198140
0.0076185
-0.0122138
0.0560055
0.0017858
0.0609320
