-0.0719268
0.0025000
-0.0094742
-0.0095167
-0.0703733
-0.0509714
0.0143677
0.0209607
0.0784710
-0.0689776
-0.0268752
-0.0359188
-0.0274070
-0.0395669
-0.0103034
-0.0779054
0.0915743
0.0649866
0.0452196
0.0240778
-0.2746029
-0.3076138
-0.1218432
0.4426816
-0.1036385
-0.0823757
-0.1325004
-0.0957808
-0.0032113
0.0266770
0.0295174
0.0585036
-0.0704343
0.7729905
0.1003459
-0.0955653
-0.1221848
0.0723989
-0.1311970
-0.1124805
-0.2264361
0.0104537
0.1839299
0.0894392
-0.3634084
-0.0038032
0.0291119
0.0060791
0.4198808
-0.1203398
