0.0113744
-0.0144442
-0.0027660
-0.0129594
0.0023271
0.0095987
-0.0051594
0.0049641
0.0018159
0.0057899
0.0053236
-0.0053427
0.0058139
-0.0241270
0.0012198
0.0028767
0.0061428
-0.0081247
-0.0023823
0.0030415
-0.0025101
-0.0124096
-0.0060207
0.0129939
0.0274219
-0.0125597
-0.0574479
0.0109806
-0.0013838
-0.0090649
-0.0015688
0.0060155
0.0013186
-0.0068591
-0.0003806
-0.0004071
-0.0024167
0.0015869
0.0173653
-0.0182571
0.0070473
-0.0067257
0.0013150
-0.0085157
0.0073485
0.0042920
-0.0038424
0.0058821
-0.0048358
0.0069091
