-0.0277011
-0.0136125
0.0051651
-0.0012396
0.0352161
0.0284636
0.0005808
-0.0045933
0.0102020
0.0121473
0.0091681
0.0023908
-0.0072990
-0.0169130
-0.0186301
-0.0112903
0.0062175
0.0127369
0.0194340
-0.0117878
-0.0057815
0.0042127
-0.0042111
0.0274821
-0.0253790
0.0041353
0.0127408
0.0110544
0.0046439
0.0026677
-0.0155633
0.0165901
0.0018887
0.0877119
0.0523259
-0.2615978
0.0065771
-0.0621655
-0.0366087
0.0227945
0.0275282
-0.0115648
-0.0124415
-0.0113856
-0.0327118
0.0111042
-0.0075342
0.0110266
0.0269311
-0.0104236
