0.0080291
-0.0068406
-0.0097751
-0.0135586
0.0291104
0.0209251
0.0186330
0.0102432
0.0004104
0.0016630
0.0220836
-0.0224754
0.0100432
-0.0208455
-0.0169762
-0.0065172
0.0101248
0.0055425
0.0095140
0.0130101
-0.0053027
-0.0126171
-0.0081714
0.0000625
-0.0084701
0.0180070
-0.0075860
0.0254595
0.0103893
-0.0292531
-0.0131135
-0.0016274
0.0700077
-0.0283207
-0.0061781
0.0111960
-0.0284893
-0.0104064
-0.0137146
0.0020641
-0.0009298
0.0128516
0.0154812
0.0172835
0.0125472
-0.0054045
-0.0049101
0.0032808
-0.0070800
0.0163552
