0.0541264
-0.0770111
-0.0971627
-0.1968165
-0.1907076
-0.0997539
0.1706156
0.4592711
-0.2118751
-0.2210846
0.0065333
0.0280053
0.1341242
-0.0344298
-0.0551484
0.0445786
-0.0198264
-0.0446908
-0.0590987
-0.0367126
-0.0263442
0.0376117
0.0172913
0.0279052
-0.0225441
-0.0323978
-0.1070505
-0.1849675
0.2097219
0.4006459
0.4428578
-0.0178075
0.0911199
0.0029137
0.0489582
-0.0389618
-0.0337608
0.0174636
0.0279364
0.0388411
0.0129680
0.1134417
-0.1584712
-0.2228046
-0.0986447
0.0096663
0.0083620
0.0198206
0.0487098
-0.0781787
