-0.0188809
-0.0171325
0.0233655
0.0706695
0.0566191
0.0244504
0.0384534
0.0193556
-0.0936290
-0.1391794
-0.0182382
0.1491128
0.3097686
0.0462923
0.0828108
0.0075333
0.0125953
-0.0409414
-0.0452366
0.0044170
0.0065524
0.0020045
0.0116180
-0.0626597
-0.0236652
-0.0209586
-0.1549889
0.3570703
0.1813760
-0.0440371
-0.2657505
-0.1979509
0.0880092
-0.0097488
0.0301655
-0.0448796
-0.0323977
0.0950187
-0.0038431
-0.0712552
-0.0407628
-0.1238194
0.1186096
0.0343737
-0.0789426
-0.0213300
0.0036713
0.0429855
-0.0452779
-0.0204276
