0.0680581
-0.0023315
-0.0586584
-0.0561920
-0.0048237
-0.0425255
-0.0165892
-0.0323607
0.0245721
0.0640150
-0.0324100
-0.0768221
-0.0902179
-0.2674656
-0.1470045
0.1185774
-0.0325093
-0.0322553
0.0133633
-0.0741373
-0.0185535
0.0207240
0.0018914
0.0303166
0.0207345
-0.0164308
-0.0304201
-0.0281833
0.0288549
0.0366856
0.0074996
0.0854062
-0.0783249
0.4475003
0.0603098
0.0140289
-0.0039287
-0.0293974
0.0032430
-0.0100961
0.0031817
0.0456626
-0.0766506
-0.0106479
0.0959952
0.0060775
-0.0526216
0.0108869
0.0105273
0.0285246
