0.0478659
0.0630889
-0.0048741
-0.0766261
-0.1262449
-0.0990452
-0.0205513
0.0540215
-0.0029581
0.0093807
-0.0007202
0.0171513
-0.0220436
0.0016541
-0.0060850
0.0062113
-0.0089047
0.0080839
-0.0110272
-0.0035819
0.0013827
0.0160523
-0.0091792
-0.0147686
0.0046159
0.0211938
0.0024142
0.0041285
0.0028405
0.0014435
0.0111135
0.0045804
-0.0153718
0.0053979
0.0157857
0.0162315
0.0024453
0.0440144
0.0709437
0.0383335
-0.0253217
-0.0223542
-0.0422407
-0.0194741
-0.0145971
-0.0176817
0.0077021
0.0081387
0.0226724
0.0002497
