0.1406525
0.1157150
-0.0133410
-0.0660326
-0.1320992
-0.0286444
-0.0457977
-0.0523214
0.0443856
0.1256708
0.0298506
-0.0940753
0.0162209
0.0951856
0.0175815
-0.1193524
0.1312087
0.1912305
0.1556918
-0.0067677
-0.2249898
-0.3760500
0.1213234
0.5543433
-0.4854157
0.0108039
-0.0751544
0.0800226
0.0061892
0.1040322
0.0516133
0.0077724
-0.0957939
0.0282987
0.1856634
-0.1649099
-0.2350240
-0.3999395
-0.1098698
-0.0547319
-0.0474969
0.0391206
0.0700549
0.0653194
-0.0484217
0.0387513
-0.0477695
-0.2837591
0.0176213
0.0195740
