-0.0071165
0.0356198
0.0013691
-0.0097191
0.0369110
-0.0167160
-0.0400761
-0.0052515
-0.0121534
-0.0235173
0.0246656
0.0276153
0.0094117
0.0118724
-0.0396288
-0.0289544
0.0264994
0.0285807
0.0192757
-0.0427886
-0.0318250
0.0056824
-0.0063670
0.0148607
0.0418767
-0.0231798
-0.0601744
0.0162062
0.1062191
-0.0389721
0.0701201
-0.0013398
0.0189841
0.0289456
-0.0096935
-0.0495042
-0.0352535
0.0357619
-0.0395279
0.0330952
-0.0494040
0.0187638
0.0327557
0.0483662
-0.0447622
0.0343606
0.0292373
-0.0077418
-0.0172976
-0.0347677
