-0.0014894
-0.1032222
-0.0756373
0.1342965
0.2164160
0.1961548
0.0410273
-0.0593951
0.0721098
-0.0296947
0.0006891
0.0204129
-0.0521286
-0.0244202
0.0602403
0.0011154
0.0161973
-0.0421429
0.0516884
0.0037316
-0.0003960
-0.0043581
0.0150740
-0.0196242
0.0378086
-0.0293945
-0.0464052
-0.0480559
0.0372417
-0.0049572
-0.0365406
0.0234107
0.0406134
0.0473586
0.0097024
-0.0270471
0.0329823
-0.0024753
0.0167293
0.0062620
0.0613586
-0.0011938
0.0330396
-0.0174109
0.0271023
0.0192780
-0.0340307
0.0454251
-0.0668428
0.0112640
