-0.1308494
-0.0632228
-0.0681219
0.0293724
-0.0095495
-0.0090930
-0.0501669
0.0413242
0.0246991
-0.0744825
-0.0267169
-0.0228307
-0.0441480
0.0128177
0.0105793
0.0262242
-0.0390702
-0.0173680
-0.0287853
-0.0635900
-0.0719210
-0.0404755
-0.0565970
0.0389313
0.0392167
-0.0453492
-0.0903791
-0.0475994
0.0033739
0.1180514
0.0038736
-0.0127506
0.0340402
0.0030169
-0.0650100
0.0242372
0.0209256
-0.0904904
-0.0111173
-0.0173166
0.1230078
-0.0690081
-0.0580323
0.0227591
0.0054448
-0.0257585
0.0466653
0.0286766
0.1697600
-0.0334985
