-0.0413490
-0.0052758
0.0248277
0.0040703
-0.0280795
0.0028120
0.0401760
-0.0361087
-0.0093366
-0.0047194
0.0037912
0.0313797
0.0135110
-0.0024060
0.0008318
0.0583785
-0.0101476
-0.0454051
-0.0571969
-0.0775708
-0.0061251
0.0019420
-0.0153371
0.1057602
-0.0648696
0.0297576
-0.0337134
0.0152386
-0.0069931
-0.0387581
-0.0580297
-0.0366818
-0.0095101
0.0746248
-0.0229972
0.0277228
0.0602189
0.0302822
0.1244153
0.0264845
-0.0177576
-0.0060526
0.0260131
-0.0041019
-0.0180549
-0.0159149
-0.0089739
-0.0565200
0.2114496
0.0009064
