-0.0157398
-0.0094730
-0.0038669
0.0021138
-0.0085867
0.0126961
0.0349346
-0.0036763
-0.0041168
0.0218037
-0.0043336
0.0003030
0.0064592
-0.0109342
-0.0133635
-0.0230121
-0.0136293
-0.0160123
-0.0205346
0.0030892
-0.0014842
-0.0096856
0.0057869
-0.0119293
0.3065939
0.0754984
-0.2352715
0.0019269
0.1061775
0.0108973
-0.0472406
0.0052520
0.0198388
-0.0319543
0.0010565
0.0265215
0.0089607
-0.0149942
0.0409010
0.0205148
-0.0194462
-0.0058056
-0.0124608
-0.0136501
0.0244355
-0.0238973
-0.0050997
0.0261060
0.0152996
-0.0350269
