-0.1213704
-0.2762257
-0.1025305
-0.0345245
0.0319881
0.0259125
0.0315980
0.0422293
-0.0267031
-0.0169854
0.0166682
0.0133173
-0.0182962
0.0143460
-0.0061280
0.0092157
-0.0028552
0.0034712
0.0045507
-0.0045066
-0.0271115
-0.0039856
-0.0183383
0.0143363
-0.0015837
0.0073828
-0.0139047
0.0131589
-0.0131001
0.0249573
-0.0068965
0.0020111
0.0179210
0.0366687
0.0337700
0.0529057
-0.1511481
-0.1688586
0.1357648
-0.2370078
0.0271245
0.0304262
0.0844728
0.0839686
0.0973864
-0.0319036
-0.0221427
-0.0302475
-0.0061993
-0.0240840
