0.0384271
0.0456706
0.0398060
0.0223610
0.0070948
-0.0262495
-0.0201795
-0.0575637
0.0490644
-0.2036037
-0.0065722
0.0258570
0.0937246
-0.0076494
-0.0752956
-0.0044703
-0.0061044
0.0085181
-0.0147263
-0.0185580
0.0026958
-0.0185348
-0.0007224
0.0159479
-0.0055426
0.0051647
-0.0149736
-0.0214811
0.0259422
0.0216700
-0.0391479
-0.0048196
0.0120405
-0.0206205
0.0122802
0.0387164
0.0045282
-0.0099101
0.0219019
0.0113540
-0.0262215
-0.0135853
-0.0645042
-0.0424551
0.0234314
-0.0053074
-0.0802529
-0.0217732
0.0023553
0.1034948
