0.0129665
-0.0020528
-0.0136325
-0.0193352
-0.0166865
0.0113600
0.0335865
-0.0062487
-0.0183443
-0.0056065
-0.0348544
0.0048325
0.0030858
-0.0031143
0.0149538
0.0047168
0.0138407
0.0128897
0.0268546
-0.0115530
0.0234161
0.0057924
-0.0038313
0.0012369
-0.1406977
-0.1712471
-0.0919636
0.2435920
-0.2459841
0.0186456
0.0982121
-0.0225029
0.0021886
0.0296860
0.0255346
0.0031984
0.0420193
0.0240787
-0.0192118
0.0095447
0.0034025
-0.0011800
-0.0277002
-0.0149121
-0.0025489
0.0370408
-0.0078733
0.0133734
-0.0027989
-0.0296001
