-0.0031957
0.0159424
-0.0089341
0.0076631
0.0065620
0.0033817
-0.0207977
-0.0167476
0.0176882
0.0124847
-0.0043475
-0.0095897
0.0105640
0.0108332
-0.0048147
0.0159109
0.0245309
0.0386674
-0.0207933
-0.0515328
-0.0170493
0.0060112
0.0125529
0.0127837
-0.0116753
0.0120718
-0.0088998
0.0335206
0.0233005
-0.0271886
0.0072987
-0.0022832
0.0215862
-0.0117088
-0.0135585
-0.0003796
0.0061883
0.0067227
0.0080060
0.0009001
-0.0060293
-0.0261243
-0.0230277
-0.0065995
0.0150152
-0.0382614
0.0366853
0.0216930
-0.0214184
-0.0042502
