0.0144640
-0.1190830
-0.1179313
0.0002264
0.0375179
0.0454163
0.0326416
0.0105310
0.0371972
0.0144245
-0.0458596
-0.0795544
0.0074699
-0.0756497
-0.0284420
0.0354322
-0.0147441
-0.0050550
0.0476943
0.0060455
-0.1395086
-0.0857104
-0.0638152
0.4595183
-0.0677819
-0.0878983
-0.0614624
0.0851492
0.0074181
0.0546771
0.0044084
-0.0512996
-0.0147563
0.0159126
-0.0563921
0.0917127
0.0710118
-0.1013156
0.5559812
0.4316758
0.1238770
-0.0810434
0.0068574
0.0861058
-0.0576798
-0.0017806
-0.0100331
-0.1265882
0.0524511
-0.0864412
