0.0086760
-0.0254951
-0.0024552
0.0063902
-0.0023931
0.0280041
0.0087034
-0.0262094
-0.0268649
0.0101156
-0.0255730
0.0229479
-0.0212350
0.0021479
0.0233564
-0.0269463
-0.0167775
0.0271577
-0.0262763
0.0055306
0.0173893
0.0270225
-0.0262771
-0.0006090
0.0044406
0.0121414
0.0161676
-0.0207284
-0.0426012
0.0426934
0.1074895
-0.2092745
0.1867803
-0.1262658
-0.0933653
-0.0138940
0.0460303
-0.0287866
-0.0239531
-0.0000494
0.0457416
0.0219248
-0.0143708
0.0191557
-0.0142689
0.0252886
0.0147473
-0.0112820
-0.0028108
-0.0039219
