0.0377174
-0.0044661
-0.0255902
-0.0372001
-0.0446841
0.0409088
0.0147948
-0.0308482
0.0216847
-0.1203914
-0.0728904
0.0153326
-0.0500073
0.0568932
-0.0222474
0.0725051
-0.0818630
-0.0475284
0.0019460
0.0640976
-0.0470153
0.0253192
-0.0552479
-0.0526379
-0.0280046
0.0114660
-0.0032122
-0.0092885
-0.0217637
0.0117444
0.0392297
-0.0229009
0.0022981
-0.1774694
-0.4343634
0.1195674
0.1506927
-0.0460198
-0.0031092
0.0429208
-0.0641369
-0.0412294
0.0019188
-0.0642821
-0.0520337
-0.1178321
0.5610690
0.2117686
-0.0254422
0.0143404
