0.0274629
0.0041646
0.0148228
0.0257251
0.0410098
0.0154673
-0.0030804
-0.0413633
-0.0314431
0.2812359
-0.2242660
-0.2103077
-0.1121943
0.0445548
0.0457401
-0.0262590
-0.0563088
-0.0134396
0.0067802
0.0404937
0.0533030
0.0042975
0.0094748
-0.0312334
0.0176328
-0.0075362
-0.0126061
0.0132590
0.0083203
0.0440237
-0.0180475
0.0111714
-0.0139499
0.0127095
-0.0015400
0.0141203
-0.0281313
-0.0028114
0.0329685
-0.0254491
-0.0708293
-0.0285119
-0.0271931
-0.0295957
-0.0128145
0.0105237
-0.0293875
-0.1698066
-0.1051051
0.0932694
