0.0092864
0.0170896
0.0008003
0.0096303
-0.0111548
-0.0090007
0.0118913
-0.0087706
-0.0195090
-0.0490150
0.0388710
0.0157907
-0.0030720
-0.0607966
-0.0513039
0.0232476
-0.0019670
0.0138088
-0.1196647
-0.1267295
-0.1650677
-0.0872778
0.1160321
-0.0138284
0.0189590
-0.0310420
-0.0033120
-0.0470328
-0.0293730
0.0001210
0.0059130
-0.0156876
0.0224208
0.0258163
-0.0263175
0.0190268
-0.0333008
0.0039400
0.0430370
-0.0251110
-0.0354899
-0.0020683
-0.0127025
-0.0192424
-0.0352384
0.0320255
-0.0311271
0.0003208
-0.0126294
0.0104777
