0.0205384
-0.0035331
-0.0434499
-0.0108873
-0.0608664
-0.0188084
0.0235991
0.0706930
-0.0921289
0.0233030
0.0903083
0.0069543
0.0155267
-0.0247981
-0.0020404
0.0285485
0.0159178
0.0458269
-0.0138954
-0.0101480
0.0370365
0.0157504
0.0321702
0.0381511
-0.0227078
-0.0207525
0.0351322
0.0206235
-0.0206079
0.0227196
0.0023683
-0.0344601
-0.0044197
0.0091639
0.0359209
-0.0204050
-0.0365885
0.0021295
0.0121858
-0.0283577
-0.1490793
-0.2088182
-0.1915862
-0.1065392
0.2359713
-0.1672270
-0.0565559
-0.0508938
-0.0420750
0.0038078
