0.0398495
-0.0185474
-0.0161076
0.0109515
0.0050377
-0.0492255
-0.0197034
-0.0001904
0.0333787
0.0244724
-0.2194807
-0.0061579
0.2582305
-0.1656504
-0.0080633
0.0650952
0.0870567
0.0760110
-0.0580449
-0.0086191
-0.0039985
-0.0072166
-0.0063588
-0.0008514
0.0074008
0.0319899
-0.0121638
0.0114555
0.0098438
-0.0089312
-0.0062021
0.0051639
-0.0273288
-0.0291665
-0.0022636
0.0307533
0.0417247
0.0272310
0.0299696
-0.0072728
0.0127863
-0.0093895
0.0145555
0.0122382
0.0025260
-0.0554295
-0.0665101
-0.2264012
-0.1477636
0.1313448
