0.0240544
-0.2639939
-0.1703313
-0.1110306
-0.0540484
0.0229274
0.0202892
0.0521808
-0.0446681
-0.0026092
-0.0079093
-0.0197674
0.0091737
-0.0019105
0.0005021
-0.0021471
0.0168557
-0.0139656
-0.0216498
-0.0239666
-0.0305197
-0.0143928
0.0186408
-0.0146645
0.0076641
-0.0291112
-0.0097104
0.0198448
-0.0222331
-0.0001264
-0.0065556
0.0050277
0.0943506
-0.1771823
-0.1368918
0.1599963
-0.2020347
-0.0018627
0.1044856
-0.0499505
-0.0344639
-0.0125170
-0.0362138
-0.0227918
0.0005524
-0.0089639
-0.0011806
0.0069881
-0.0237336
0.0164612
