0.0082728
0.0156806
0.0082997
0.0118378
0.0120429
0.0188297
0.0002257
-0.0133494
-0.0328484
0.0051228
0.0827355
0.0641849
0.0281692
0.0531143
0.1390724
-0.0138379
-0.0932009
-0.1002935
0.0315486
0.0127582
-0.0055510
-0.0095873
-0.0245765
-0.0227186
-0.0078527
0.0206439
-0.0169714
-0.0065891
0.0263684
-0.0297033
0.0032392
-0.0107348
-0.0155593
-0.0232448
-0.0080184
-0.0198935
0.0295109
-0.0000621
-0.0014928
-0.0118557
-0.0036201
-0.0131270
-0.0064464
0.0232350
0.0047736
-0.0081854
-0.0072068
0.0437776
0.0315786
-0.1001574
