0.0224147
-0.0306586
0.0204362
-0.0653291
-0.0346012
-0.0354680
0.0027386
-0.0037810
0.0952261
-0.0015347
0.0477719
-0.0162119
-0.0881502
0.0961159
0.0319088
0.0245985
-0.0201866
0.3335548
0.4730337
0.1425970
-0.6239744
-0.6794792
0.2320498
0.1927617
-0.0704770
-0.0951663
-0.0180593
0.0198598
-0.0437199
0.0356265
0.0566730
0.0110449
0.0145261
0.0393818
-0.0680198
0.0233107
0.1131655
0.4088353
0.1278406
0.1063763
-0.0158619
-0.0392698
0.0122842
-0.0461979
0.0688541
0.0397570
0.1195677
-0.7530456
0.0084390
0.0735326
