-0.0158340
0.0144442
0.0107956
0.0217630
0.0161742
0.0212325
0.0193828
-0.0299133
-0.0322446
-0.0361754
-0.0020747
0.0337937
-0.0271623
0.0144312
-0.0362384
-0.0213777
-0.0410426
0.0244505
0.1001627
0.0019080
-0.0844098
-0.1124490
0.0214295
0.0708813
-0.0021818
0.0026664
-0.0039822
-0.0268741
0.0313863
0.0135721
0.0090251
-0.0297218
-0.0128905
0.0142135
-0.0295940
-0.0398335
-0.0287312
-0.0080781
-0.0204281
0.0304147
-0.0030715
0.0081359
-0.0207578
-0.0445867
0.0173687
-0.0031986
-0.0221713
0.0152034
-0.0143094
-0.0321063
