-0.0317036
0.0015828
-0.0198297
-0.0027028
0.0208086
-0.0319145
-0.0035876
-0.0074212
-0.0108910
-0.0620224
0.0485133
0.1018365
0.0510009
-0.1912237
0.0677608
0.3498381
-0.0220975
-0.2023402
0.0595419
0.0315260
0.0809836
0.0634723
-0.0083202
0.0264637
0.0030467
-0.0221258
-0.0308184
0.0199092
-0.0159431
0.0405892
-0.0353091
-0.0157373
-0.0181300
-0.0200488
-0.0152688
-0.0101885
0.0035173
0.0158615
-0.0263561
-0.0242406
0.0331054
-0.0142841
-0.0316714
0.0237426
-0.0039755
0.0005296
0.0339196
0.0051081
0.0239337
0.0286495
