0.0154452
0.0091954
-0.0209944
-0.0229141
0.0111093
0.0334524
-0.0281894
-0.0063623
0.0087337
-0.1648129
0.2669894
-0.2046245
-0.2528062
0.0868813
0.0811274
-0.0037294
-0.0076989
-0.0840911
-0.0290805
0.0462086
0.0268537
0.0442849
-0.0247197
-0.0133892
0.0114247
-0.0267702
-0.0143504
-0.0008345
0.0023356
-0.0082168
-0.0300823
0.0206183
-0.0161945
-0.0321507
0.0177872
0.0016194
0.0161449
0.0263559
-0.0451425
0.0160456
-0.0175456
-0.0354694
-0.0025616
0.0178794
-0.0651346
0.0397135
0.0535303
0.3385493
0.0799941
-0.1069705
