0.0203690
0.0220298
0.0028849
0.0160369
0.0025722
0.0149414
-0.0007876
-0.0289910
-0.0254306
0.3849345
-0.2225082
-0.2819873
-0.0942018
0.0284360
0.0238504
-0.0751609
-0.0395234
0.0219222
0.0418099
-0.0101044
-0.0037712
-0.0121998
-0.0363976
-0.0023086
-0.0146288
0.0312817
0.0249868
-0.0268893
0.0113263
0.0176116
0.0387695
-0.0039378
-0.0133887
0.0253840
-0.0155635
0.0229105
-0.0164814
0.0054840
-0.0050551
-0.0029855
0.0154657
-0.0143530
-0.0021525
-0.0179266
-0.0298803
0.0198348
0.0693359
0.4287107
0.2363172
-0.1313111
