-0.0075745
-0.0741947
-0.1088581
-0.1078794
-0.1266212
-0.0448869
-0.1095356
-0.0040759
0.4036998
-0.2741631
-0.2709848
0.0582408
0.2641848
-0.1093608
-0.0157908
0.0313770
0.0232038
-0.1258255
0.0163369
0.0263926
0.0121513
-0.0200544
0.0504380
-0.0289486
0.0543062
0.0129941
0.0163753
-0.1670790
-0.1263667
0.0019432
-0.0032175
0.2993942
-0.2410617
0.0725110
0.1055361
-0.0533471
-0.0882534
0.0898715
0.0235285
0.0740220
0.0109150
0.0378693
-0.0437126
-0.0902681
0.4618086
0.0476821
0.0200903
0.0498620
-0.0419138
-0.6757044
