0.0473848
0.0766696
0.0463128
0.0438403
-0.0362686
-0.0672424
-0.0908543
-0.1820679
-0.0872130
-0.0118665
0.0058436
0.0452628
0.0221791
-0.0281144
-0.0136979
0.0196213
-0.0162570
0.0181985
-0.0346538
-0.0263005
0.0143771
0.0057283
-0.0003256
0.0119127
0.0035170
0.0252859
0.0262121
-0.0199222
-0.0373892
0.0164079
-0.0113774
-0.0054924
0.0263756
0.0006359
-0.0079556
-0.0132599
-0.0244958
0.0237435
0.0561690
-0.1815252
-0.0770093
0.1224988
0.3732718
0.4798516
0.1817203
-0.0013800
0.0806933
-0.0334477
0.0013190
0.0165833
