0.0409382
-0.0220823
-0.0160408
0.0053166
-0.0000620
0.0252495
-0.0092331
0.0013951
0.0019371
-0.0342087
0.0010665
0.0030069
0.0173732
0.0203231
-0.0010498
0.0144382
-0.0007713
-0.0256772
-0.0281845
0.0417963
-0.0160063
0.0275943
-0.0246798
0.0291467
-0.0141039
-0.0016318
-0.0683037
0.0240648
0.0908291
-0.0868107
-0.1620873
-0.1773304
-0.0622573
0.0471546
0.0071989
-0.0306812
0.0173825
0.0258865
0.0177130
-0.0302686
0.0131752
0.0133194
-0.0154594
0.0299137
-0.0034030
-0.0214215
0.0041131
0.0522812
-0.0058053
-0.0122482
