0.0189566
-0.0832545
-0.0529188
-0.0349527
0.0498464
-0.0328494
0.0655725
0.0845712
0.0604242
0.0377535
0.0286569
-0.0190063
-0.1184141
-0.0394391
-0.0792478
-0.1838782
0.4786021
0.1439472
-0.4108281
-0.6225838
0.2158223
0.2899942
0.1722870
0.0451185
-0.0664481
0.0451087
0.0282794
-0.0422193
-0.0217221
-0.0289306
-0.0397723
0.0980422
-0.0240588
0.0628578
-0.0747986
0.3458488
0.4558878
0.2249104
0.0820467
-0.0263463
0.0135192
-0.0373661
-0.0334665
0.0067717
0.0782565
-0.0308981
0.2513426
-0.2917147
0.0734706
0.0526334
