-0.0090248
-0.0364933
-0.0043035
0.0176414
0.0611905
0.0140882
-0.0098243
0.0095881
-0.0138178
-0.0080745
-0.0037891
0.0406897
-0.0139984
0.0091696
-0.0216735
-0.0041166
0.0015409
0.0263159
-0.0141192
0.0010700
-0.0412956
-0.0031143
0.0085326
0.0065559
0.0360643
0.0304269
0.0327599
-0.0261491
-0.0395604
0.0543284
0.0668220
-0.0970641
0.2047024
-0.0624482
-0.0139325
0.0135119
0.0099758
-0.0127852
-0.0279921
-0.0116018
-0.0009258
-0.0061232
0.0061124
-0.0112405
-0.0142995
-0.0281228
0.0209542
-0.0250250
-0.0110980
-0.0111842
