0.0385895
-0.0162699
-0.0129592
0.0054586
-0.0276397
0.0111567
0.0006571
0.0050480
0.0095363
0.1040293
-0.0811513
-0.2186146
-0.1407046
-0.1501168
-0.1665834
-0.0456713
0.0085862
0.0725833
0.0018970
-0.0012220
-0.0625683
-0.0491580
0.0118207
-0.0087685
-0.0043184
-0.0172063
-0.0208160
0.0160857
-0.0146218
0.0314972
-0.0159177
-0.0300616
0.0115877
0.0158505
-0.0117915
-0.0083316
0.0298421
-0.0203113
-0.0119823
0.0214508
-0.0287694
-0.0379811
-0.0173501
-0.0256766
-0.0114994
0.0205934
-0.0170153
0.0053890
-0.0302402
-0.0326118
