-0.0233317
-0.0196377
-0.0012783
0.0236821
0.0043763
0.0078582
0.0136001
0.0241745
0.0468750
-0.0283154
0.0135380
0.0165570
-0.0154418
0.0305542
-0.0100881
0.0608363
0.0058524
-0.0310108
-0.0068066
0.0010044
0.0616924
0.0540582
-0.0302801
0.0702902
0.0237627
-0.0118016
0.0294015
-0.0041813
-0.0282580
0.0319605
0.0235671
0.0528618
0.0041929
-0.0382810
-0.0076748
-0.0312392
-0.0197370
0.0300629
-0.0054166
-0.0552010
-0.0235949
-0.0036306
-0.0212785
0.0022331
-0.0154988
0.0146408
0.0098642
0.0419954
0.0411487
-0.0270306
