0.0196567
-0.0235054
0.0056609
0.0030412
-0.0091480
0.0057501
0.0299779
0.0159458
-0.0165673
-0.0360357
-0.0329299
-0.0313688
0.0377562
-0.0107537
0.0169023
-0.0226857
0.0126913
-0.0028376
-0.0047317
0.0127175
0.0172660
0.0207759
0.0312710
-0.0174242
0.0351399
0.0460101
0.0683374
-0.0133024
-0.1771284
0.2961235
-0.0059068
0.0987881
0.0720750
-0.0333134
-0.0105942
-0.0363660
0.0160460
-0.0281720
-0.0095095
0.0367749
0.0226482
0.0093516
-0.0128407
0.0112787
-0.0194817
-0.0344157
-0.0141078
0.0379658
-0.0056148
-0.0054162
