0.0056981
-0.0628262
-0.0331017
0.0359541
0.0565249
-0.0362228
-0.0020901
-0.0239599
-0.0218014
-0.0400901
0.0194270
-0.0040621
0.0520262
0.0132461
-0.0073227
-0.0132208
0.0487383
0.0154526
-0.0352905
-0.0240639
0.0521571
0.0165829
0.1193668
-0.0532827
-0.0168096
0.0329172
-0.0174598
-0.0423515
-0.0067493
-0.0339226
0.0346395
0.0151925
-0.0270347
-0.0495774
0.0161569
-0.0237844
0.0055184
-0.0159384
0.0011695
-0.0329275
-0.0296055
-0.0629109
-0.0186762
0.0532255
0.0138282
-0.0161920
0.0551756
-0.0360274
0.0015648
-0.0003743
