-0.0626148
0.0061844
0.0290848
0.0433038
0.0261249
-0.0347830
0.0004788
-0.0607508
0.0308277
-0.0024912
-0.0210786
-0.0799075
-0.1098760
0.5148462
0.2840998
-0.3382902
-0.3909611
-0.0763759
0.1048931
0.0419809
0.0180378
0.0479049
-0.0373230
-0.0014463
0.0737404
-0.0404152
0.0443891
0.0292410
-0.0590908
-0.0380444
0.0014527
0.0510242
-0.0545559
0.0383379
-0.0289410
0.0353970
-0.0239963
-0.0369217
0.0073804
-0.0651050
-0.0210487
-0.0452563
-0.0684089
-0.0196446
-0.0104996
0.0340471
0.0507175
-0.0116746
0.0806973
-0.0950677
