-0.2202793
0.1634852
0.4672504
0.9103334
0.6029051
0.0925195
-0.5690056
-0.9440404
0.0824271
0.6517736
0.2972918
0.0281683
-0.0551743
0.1296074
0.1190053
-0.0577875
-0.0484550
0.0829971
0.1450986
0.0555983
-0.0014221
0.0617504
-0.0830260
-0.1171163
0.0613013
0.0322896
0.7908298
-0.0804462
-1.0225422
-0.9763664
-0.5766081
0.2582859
-0.0156036
0.0666787
-0.0855181
-0.0611812
-0.0276345
0.0429325
0.0983114
-0.0289864
-0.2257117
0.3750068
-0.5335454
-0.9074371
0.2412247
-0.0083842
0.0875384
-0.0740908
0.1543237
-0.2840916
