-0.0582494
0.0495497
-0.0551813
0.0030330
0.0781613
0.0469887
0.0033449
0.0012757
-0.0171033
-0.0661576
0.0529113
0.0014241
0.0241409
-0.0277164
0.0201368
0.0107212
-0.0372514
-0.0534362
0.0503016
0.0235012
0.0071915
-0.0695208
-0.0388160
0.0183999
0.0406686
0.0629389
0.0318986
-0.1922614
0.0868984
-0.0576515
-0.1682064
0.1101981
-0.0435322
-0.0065816
0.0618844
0.0218101
-0.0409570
0.0146218
-0.0546248
-0.0330394
0.0188528
-0.0212529
0.0293785
0.0144699
0.0487326
-0.0257217
-0.0269479
0.0171890
0.0419399
-0.0288096
