0.3584588
-0.1076863
-0.0553116
-0.2162070
-0.0894072
-0.0695412
-0.1150382
0.0159404
0.1582041
0.0224974
0.0064289
-0.0014026
0.0619256
0.1069453
0.0830064
0.0587797
-0.0010449
0.1355549
0.0487223
0.0949948
-0.0107624
-0.1401023
-0.2928535
-0.2155384
0.4268884
0.2773458
0.0899789
-0.1474913
-0.0902900
-0.0956496
-0.0718070
0.0137955
0.1539108
-0.0127588
-0.1471541
-0.0351890
-0.0312629
-0.0971151
-0.1709455
-0.2464607
-0.7891164
0.1778433
0.1328505
-0.0434514
0.0168795
0.0879310
0.0454359
0.1121254
-0.6047868
0.0849258
