-0.0975977
0.0603909
0.0250976
0.0818614
-0.0109638
-0.0031585
0.0227471
-0.0134107
-0.1133255
0.1059270
0.0605667
-0.0995673
-0.0484546
0.0843882
0.0569301
0.0093017
0.0187178
-0.0610841
-0.0233156
0.0234561
-0.0096824
0.0426480
-0.0069580
-0.0318159
0.0564020
-0.0597227
-0.0536266
0.0676364
0.0299595
-0.0020531
-0.0575478
0.0382605
0.0559614
0.0396218
0.0347812
0.0679614
-0.0259095
-0.0205387
-0.0246169
0.0639129
0.0651782
0.0257888
0.0201504
-0.0893616
-0.1312137
0.3577460
0.5047743
-0.0232415
-0.0245136
-0.0140992
