-0.0139897
0.0443174
-0.0139583
0.0066680
-0.0529945
-0.1059115
-0.0730542
0.1981775
-0.1177915
-0.0001934
-0.0133442
0.0036595
-0.0370332
0.0390057
-0.0633711
0.0083233
0.0084922
-0.0192405
0.0225105
0.0422185
0.0258059
0.0135371
0.0304060
0.0052845
0.0685178
0.0469386
0.0047332
0.0006434
-0.0393950
0.0062298
0.0252231
0.0003352
-0.0821013
-0.0297645
-0.0019526
-0.0698312
0.0429779
0.0531227
-0.0343662
-0.1436017
-0.0358895
0.1143519
0.1823157
0.2415375
0.0863555
-0.0299697
0.0478589
0.0354209
-0.0124256
0.0407887
