-0.0508916
-0.0013785
0.0383328
-0.0075872
-0.0616387
-0.0043686
-0.0146360
0.0192133
0.0045125
0.0340622
-0.0395792
0.0264034
0.0002498
0.0635726
0.0556097
0.0174856
0.0290229
0.0154863
-0.0144421
-0.0049373
-0.0035278
-0.0441032
0.0212864
-0.0006588
-0.0504567
0.0182562
-0.0549944
0.0332832
-0.0223766
-0.0591851
-0.0038208
-0.0091688
-0.0203481
-0.0176665
0.1101140
0.1426564
-0.0658678
0.0588867
0.0775848
0.0063096
0.0013771
0.0224804
0.0981639
0.0112604
0.0290756
-0.0164956
-0.0349006
-0.0439994
0.0886851
0.0199443
