0.0512017
-0.0703704
-0.0383096
-0.0630183
-0.0032729
0.0186338
-0.0607205
0.0333346
0.0465786
0.0293309
-0.0582836
0.0054230
-0.0191489
0.0187725
0.0266859
0.0107603
-0.0325024
0.0802041
-0.0508024
0.0264936
-0.0215017
0.0186919
0.0530056
-0.0033190
0.0677510
-0.0132803
0.0214651
-0.0615090
0.0102449
0.0185913
0.0657037
-0.0767760
0.0109964
-0.0591685
-0.0138887
0.0136195
0.0352584
0.0569296
0.0030518
0.0480985
-0.0747481
-0.0354337
0.0147564
0.0577100
0.0030703
0.0069303
0.0236313
0.0783860
0.0601861
-0.0295654
