-0.0652353
-0.0089522
-0.0592544
-0.0597000
-0.0808953
-0.0011944
0.0346757
0.0340892
-0.0015196
0.0482344
-0.0334110
0.0159869
-0.0109351
0.0175636
0.0848504
0.0112439
-0.0056512
0.0412332
-0.0002719
0.0459076
-0.0317576
-0.0422106
0.0544648
0.0443796
-0.0006378
-0.0032153
-0.0548397
0.0518596
0.0470557
0.0313807
-0.0033002
0.0149797
-0.0168275
-0.0273496
-0.0009188
0.0472534
-0.0551137
-0.0155628
0.0419530
0.0876135
0.0244075
-0.0543606
-0.0117259
0.0044272
0.0263295
-0.0281682
-0.0196725
0.0003333
0.0044973
0.0064713
