0.0332429
-0.0500606
0.0072797
0.0489476
0.0047122
-0.0518603
-0.0298145
-0.0061109
0.0016354
0.0298346
-0.0628344
-0.0168441
0.0105533
0.0690305
0.0586365
-0.0263701
0.0613037
-0.0662607
0.0332122
-0.0683407
-0.0467779
-0.0593155
0.0074423
-0.0457712
0.0168080
0.0538828
0.0901841
0.0139539
-0.0090126
0.0606028
0.0300212
0.0233168
-0.0146257
0.0350883
-0.0156353
-0.0513561
-0.0218254
0.0009824
-0.0332330
-0.0715917
-0.0053383
-0.0589739
-0.0193840
0.0678654
-0.0423979
0.0262817
-0.0133152
-0.0150202
-0.0260073
-0.0300327
