0.0231868
-0.0189181
-0.1065489
-0.0565562
-0.1272197
-0.1334271
-0.2663303
0.2557362
0.1703173
-0.3147487
-0.0759354
-0.0712693
-0.0893276
-0.0349431
-0.0623767
-0.0442010
0.0382397
-0.0034150
-0.0669842
-0.0894301
0.0115306
-0.0003559
-0.0274222
-0.0044488
0.0940921
-0.0117976
-0.1203114
-0.0404157
0.0902989
0.1490696
0.0989088
0.0602685
-0.0041952
0.0796715
-0.0726383
0.0720760
0.0479190
-0.1417723
0.4213041
0.3390654
0.1837238
0.0034962
-0.0499220
0.0069297
0.0101017
-0.0543259
0.4353289
-0.1136148
-0.0234137
-0.0020009
