0.0291664
0.0281366
0.0527969
0.0163307
-0.0559928
-0.0342035
-0.0251438
-0.0033185
0.0725381
-0.0553467
-0.0121285
-0.0541797
-0.0220458
-0.0103614
-0.0572501
-0.0698226
0.0308552
0.0366516
-0.0133162
-0.0204383
0.0527220
-0.0027108
-0.0095901
0.0616533
0.0473923
-0.0387601
0.0436826
0.0346818
0.0314412
-0.0241528
0.0069864
-0.0034649
0.0543567
-0.0293121
0.0134495
0.0070006
-0.0242408
0.0360811
-0.0160382
-0.0020455
-0.0015196
-0.0209908
-0.0394474
-0.0081497
-0.0182292
-0.0485589
-0.0028632
0.0138523
-0.0030836
0.0542450
