0.0185141
-0.0533715
-0.0365708
-0.0233041
0.0122323
0.0251660
-0.0280836
-0.0056297
-0.0132093
-0.0035210
-0.0499928
-0.0225705
0.0244956
-0.0169566
-0.0281155
0.0117685
-0.0334121
-0.0345138
0.0139661
-0.0482960
0.0020317
0.0235856
0.0362781
0.0468387
-0.0306478
0.0113334
-0.0258036
0.0502802
-0.1937187
0.2301963
-0.1302941
0.0702192
-0.0727893
0.0708883
-0.0336186
-0.0179425
-0.0346793
0.0586798
-0.0059909
0.0349597
0.0015908
-0.0430591
-0.0069275
0.0019872
-0.0393148
0.0173506
-0.0172508
0.0173350
-0.0119099
0.0054826
