-0.0495304
-0.0324220
-0.0167118
-0.0506472
-0.0035753
-0.0049092
0.0428612
-0.0308375
-0.0072012
0.0248978
-0.0430064
0.0024223
-0.0443047
-0.0160192
-0.0314253
0.0623227
-0.0469595
-0.0512648
-0.0184606
0.0031524
-0.0082539
-0.0309347
0.0159260
0.0298703
0.0473698
0.0230818
-0.0145732
-0.0638088
-0.0163487
0.0372287
0.0367847
0.0382424
-0.0131309
-0.0305930
-0.0101320
0.0012338
0.0441805
0.0200918
-0.0246757
0.0596120
-0.0166813
-0.0224055
0.0076479
-0.0820757
-0.1791998
0.1410023
-0.2728324
-0.0512111
-0.0778367
-0.0209461
