-0.3146994
-0.0621128
-0.0125278
0.2721632
0.1082153
0.2169414
0.0391427
0.0647378
-0.1614625
-0.1576426
-0.1141724
-0.0565341
0.0442121
0.0836168
0.1295335
-0.2259649
0.2454690
-0.0862644
-0.0321761
0.2579602
-0.1011181
-0.3426088
0.0941167
0.0367837
0.0680925
-0.1127468
0.0535141
0.0093140
0.0195630
0.0356132
0.1221688
0.0121930
0.0624962
0.3347552
-0.0387483
0.0013708
-0.0360630
-0.0446400
0.0601048
-0.0613667
-0.1740479
0.2026109
0.1454230
-0.1790845
0.2158304
-0.0073227
-0.0756377
0.0923807
0.1554574
0.1054094
