0.0058727
-0.0254608
-0.0085999
-0.0135779
-0.0028577
-0.0233178
0.0059876
0.0031817
0.0190201
0.0302036
0.0151979
0.0220651
0.0090343
-0.0198650
-0.0082182
0.0169418
-0.0005370
0.0189335
-0.0194730
-0.0152186
-0.0173630
-0.0054616
0.0083055
0.0877612
0.0245230
0.0110563
0.0074776
-0.0024937
0.0130659
-0.0118317
0.0119525
-0.0030547
-0.0069870
0.0174069
0.0012988
-0.0015510
0.0085265
-0.0003678
-0.0177395
0.0133811
0.0097317
-0.0086444
-0.0139405
0.0001675
-0.0019330
0.0212389
0.0164471
-0.0030008
0.0049194
0.0014408
