0.0021625
0.1324567
-0.1152846
-0.0412758
0.0624117
-0.1633930
0.0466740
-0.0868527
-0.0477698
0.0247327
0.0167848
-0.1271017
0.0563987
-0.0439620
-0.0371715
0.0171990
0.2010156
-0.0343723
-0.0301760
-0.0437015
-0.1839826
-0.1613145
-0.1376808
0.7883544
-0.5525694
0.1043134
-0.0024516
0.0158672
0.1043011
0.0117231
-0.0279273
0.0362817
0.0019069
0.1525933
0.0175604
-0.0085385
-0.0660328
0.3820904
-0.4500617
-0.1326324
-0.0292947
-0.0598695
-0.0288475
0.0711989
-0.0699344
0.0154311
0.0154181
0.1574287
0.0872756
0.0742119
