-0.0020639
0.0027507
-0.0196255
-0.0191084
-0.0197141
0.0174104
-0.0013065
0.0005630
0.0145636
0.0287506
0.0169359
-0.0068301
-0.0480141
0.0435997
0.0598964
0.0071669
-0.0973567
-0.2108216
0.0523434
0.0525471
-0.0730224
-0.2100750
0.1030533
-0.0169955
-0.0157412
-0.0092042
-0.0339807
-0.0094402
-0.0227204
0.0091705
0.0172817
-0.0252388
0.0377165
-0.0184802
0.0235266
-0.0149636
-0.0066038
0.0065969
-0.0200840
0.0287261
0.0132444
-0.0031274
-0.0025377
0.0000705
0.0076366
-0.0170241
0.0039573
-0.0117624
-0.0071833
0.0209491
