-0.0439238
0.0525846
-0.0123641
-0.0720401
-0.0622081
0.0253300
0.0001150
0.0588390
-0.0881920
-0.0212213
-0.0574582
0.0450393
-0.0121362
-0.0109299
0.0017101
0.0614236
-0.0233060
-0.0208372
0.0863685
0.0047629
0.0983172
0.0630349
-0.0032724
-0.0567932
0.0268530
0.0860523
-0.0534069
-0.0308742
-0.0123926
0.0599929
-0.0241254
-0.0717321
0.0623477
0.0225718
-0.0735309
0.0751964
-0.0140699
0.0679489
-0.0032797
0.0448712
0.0216430
0.0174140
-0.0259943
0.0184967
0.0654784
-0.0280603
-0.0200771
-0.0319216
-0.0515708
0.0169492
