-0.0845321
0.1220193
-0.0789507
0.0542193
-0.0449281
-0.0756423
0.0514241
-0.1155226
-0.1617865
-0.2252323
0.3876615
0.5865224
0.3356083
0.1927261
-0.0427272
-0.0376719
0.0143925
-0.1005338
0.0756813
0.0285042
-0.0253545
-0.0720341
0.0902730
0.1057083
-0.0335218
0.0288574
-0.0726889
-0.0110564
-0.0134451
0.0147318
0.0054913
-0.2371843
-0.0494494
0.1018523
-0.0347634
0.0553138
0.0018190
0.0038245
0.1170907
-0.0656189
0.0464727
0.0585119
0.1513780
-0.0483608
0.0166874
-0.0548091
0.1085057
0.0953602
-0.0177569
-0.2529573
