-0.0276838
0.0160747
-0.0208693
-0.0271296
-0.0178259
-0.0286206
-0.0285813
0.0146437
-0.0029996
0.0152818
0.0034781
-0.0203262
-0.0226057
-0.0187287
-0.0022654
0.0090662
-0.0057645
-0.0030679
0.0071008
0.0306454
-0.0044255
-0.0140486
0.0137843
-0.0323489
-0.0262017
-0.0213079
-0.0477385
0.0458693
-0.0083433
0.0150829
0.0014637
0.0028594
0.0053977
-0.0140124
0.0087754
-0.0162652
-0.0369750
0.0137119
0.0012623
-0.0149213
0.0179314
-0.0107210
0.0039652
0.0108987
0.0141820
0.0045524
-0.0132832
0.0150627
-0.0009042
0.0048380
