0.0176619
-0.0128836
0.0261887
-0.0218339
-0.0222550
0.0110597
-0.0249528
0.0113069
0.0119689
-0.0159947
-0.0094036
-0.0175508
-0.0224327
0.0135906
-0.0060586
-0.0141835
-0.0054287
0.0176146
0.0017148
-0.0193553
0.0106513
-0.0092915
0.0002079
-0.0187059
-0.0544307
-0.0442677
-0.0444713
0.0068993
0.0368572
-0.0160448
0.0048644
-0.0105387
-0.0123192
-0.0090552
0.0188392
0.0042183
-0.0042323
-0.0109948
-0.0071502
-0.0049498
-0.0292469
-0.0012160
0.0203998
-0.0037605
0.0088495
0.0248009
0.0242136
-0.0287551
-0.0365205
-0.0170365
