0.0665015
0.0364824
0.0542742
0.0581042
0.0495062
0.0521734
0.0015755
-0.0004747
0.0389696
0.0329935
0.0262611
-0.0105739
0.0048585
-0.0067050
0.0235311
-0.0108650
-0.0264069
-0.0062455
0.0088878
0.0225522
-0.0202394
-0.0151327
0.0280064
-0.0083031
0.0353521
0.0005234
0.0164071
0.0078899
-0.0185163
0.0288665
0.0455952
-0.0210717
-0.0380478
0.0154260
0.0179459
-0.0325620
0.3265417
-0.0845834
-0.1650917
0.0776304
0.0180758
-0.0345868
-0.0419778
-0.0569150
-0.0307460
0.0049570
0.0262158
0.0172811
0.0082122
0.0182536
