-0.1463486
0.1289484
0.2989214
0.1774674
-0.0131575
-0.1417105
-0.1977323
0.0193917
0.0008203
0.0107449
-0.0182237
-0.0207353
0.0324960
0.0067763
0.0078108
0.0199900
-0.0234359
-0.0251496
0.0183913
-0.0016055
-0.0130255
-0.0038478
0.0232069
0.0197427
0.0075349
-0.0216269
0.0264194
-0.0182680
-0.0179000
-0.0185868
-0.0350860
0.0306702
0.0250514
0.1735697
0.2726971
0.0825353
0.0279863
0.0553898
0.0136787
-0.0259190
0.0229594
0.0088973
-0.0080157
-0.0078034
0.0011733
0.0161535
-0.0167124
-0.0277189
-0.0176703
0.0115621
