0.0272702
-0.0341435
-0.0002756
0.0143559
-0.0390861
-0.0069185
-0.0017255
0.0148374
0.0466308
-0.0345061
0.0152155
-0.0028049
0.0083083
0.0180847
0.0223905
0.0164540
-0.0315244
-0.0373617
0.0155599
0.0346229
0.0791725
0.0036983
-0.0095694
0.0217955
0.0427606
-0.0192840
0.0117202
-0.0463692
0.0113259
0.0079011
0.0203303
0.0074067
0.0082451
-0.0352040
-0.0269833
0.0066475
0.0056333
0.0142450
-0.0077297
-0.0165846
-0.0496299
-0.0343074
0.0127422
0.0099590
0.0365118
-0.0210074
-0.0207438
-0.0011399
-0.0063649
-0.0112503
