-0.3670071
-0.1069606
0.0271038
-0.0090276
-0.0041276
0.0797879
0.0764004
0.0714218
-0.0722785
-0.0283153
-0.0032043
-0.0067176
0.0307873
0.0018301
-0.0289905
0.0306795
-0.0322739
-0.0186863
0.0022680
-0.0032109
-0.0368938
0.0047611
0.0274342
-0.0089165
0.0006683
0.0065743
-0.0142107
0.0145049
0.0155200
-0.0071433
-0.0310637
0.0059177
-0.0200030
0.0518598
0.0248666
0.0632093
-0.1258288
0.0343917
0.4187597
0.0484908
0.0605613
0.0484952
0.0045590
0.0673073
-0.0200942
-0.0171594
0.0276301
-0.0028692
-0.0151524
-0.0135531
