0.0178747
-0.0029839
0.0116941
-0.0056475
-0.0110815
0.0146554
-0.0024917
0.0157606
-0.0049696
0.0001800
-0.0182580
0.0190515
0.0024725
0.0081540
0.0095000
-0.0037716
-0.0205652
0.0147572
0.0203418
0.0015270
0.0186645
0.0158057
-0.0143630
0.0160878
-0.0567228
-0.0826296
-0.1193602
0.1807277
-0.0830911
-0.0101576
0.0168628
-0.0135455
-0.0038318
-0.0082324
-0.0051191
0.0132374
-0.0239357
-0.0118305
-0.0075804
-0.0147701
0.0070681
-0.0062673
-0.0118060
0.0046154
-0.0117508
0.0046419
0.0191278
-0.0155671
0.0010020
-0.0034311
