-0.0063836
0.0282205
0.0863026
0.0478765
0.1161239
0.0263887
0.0252636
-0.0045253
0.0357464
-0.0469699
0.0070239
0.0145485
0.0705123
0.0471052
-0.0062044
-0.0285686
-0.0061719
-0.0494404
-0.1016484
0.0239679
0.1028626
0.1198050
0.1136707
-0.0308067
-0.2534679
0.3383365
0.0218201
0.0369809
0.0731783
-0.0048211
-0.0050760
0.0113255
0.0177681
0.0659324
0.0315138
-0.0243008
-0.0287272
0.0797190
-0.0404755
-0.1761947
-0.0589229
-0.0954488
0.0443959
0.0566426
-0.0138933
-0.0187278
-0.0729075
0.1051768
-0.0478760
-0.0107173
