-0.0150199
0.0173367
0.0117067
0.0092048
0.0012791
-0.0295828
-0.0097282
-0.0247062
-0.0234037
0.0246885
-0.0379644
-0.0338044
0.0183400
0.0079348
-0.0387155
-0.0215814
-0.0353756
-0.0241110
0.0522438
0.0188357
-0.0344076
-0.1131874
0.1797326
0.0534483
0.0330615
-0.0118289
0.0215878
0.0122246
-0.0060282
-0.0064749
-0.0085041
0.0104537
-0.0045951
0.0202438
-0.0205015
-0.0060872
0.0227642
0.0032066
0.0037236
-0.0094928
-0.0237083
0.0186196
0.0176296
-0.0038779
0.0339772
0.0025064
-0.0103142
0.0045558
-0.0106970
0.0258042
