0.0466778
-0.0274645
-0.0323694
-0.0246825
0.0102154
-0.0090841
-0.0680297
-0.0204997
0.0757745
-0.1907197
-0.0258296
0.0172965
0.0621067
0.0400929
-0.0625072
-0.0080657
-0.0110808
-0.0362047
0.0642470
0.0668263
0.0226529
0.0398860
0.0041030
0.0204415
0.0367535
0.0089242
0.0030936
-0.0320264
-0.0277934
0.0178806
0.0323596
0.0385537
0.0102852
0.0284004
0.0389776
-0.0263703
0.0188529
-0.0064881
-0.0450848
0.0295838
-0.0219881
-0.0011714
0.0803094
0.0326494
0.0062155
-0.0839629
-0.1162583
-0.0345766
-0.0818522
0.0075523
