0.0407257
0.0538580
0.0423801
0.0255683
-0.0006198
-0.0149823
-0.0271968
-0.0588758
-0.0024690
-0.0409995
-0.0416648
-0.0262972
0.0167527
0.0199678
0.0512541
0.0463171
0.0000925
0.0100843
0.0466421
-0.0301499
-0.0034536
-0.0374082
0.0489316
0.0240307
-0.0150992
-0.0200730
-0.0313338
-0.0113540
0.0635637
-0.1047260
0.0839586
-0.0738770
0.0050970
-0.0635940
-0.0129190
0.0124219
0.0539463
0.0200255
-0.0464359
0.0452985
-0.0374670
0.0223083
0.0367562
0.0422558
-0.0225691
-0.0009924
-0.0184462
-0.0021531
0.0423318
-0.0105893
