-0.0332864
-0.0033872
0.0363291
0.0182220
-0.0172375
-0.0267180
-0.0175310
-0.0426018
0.0150600
-0.1347979
0.0071347
0.0159453
0.0523643
-0.0003808
0.0000853
-0.0033075
0.0204007
0.0268016
-0.0267655
0.0014596
-0.0336311
-0.0315935
-0.0105929
0.0144000
-0.0289631
-0.0323737
0.0130521
-0.0281199
-0.0043565
0.0002816
-0.0370880
-0.0109070
0.0205161
0.0052264
-0.0071874
-0.0109314
0.0148321
-0.0247913
0.0163037
-0.0347877
0.0843816
0.0971222
0.0858314
0.0209086
-0.0389519
0.3468830
-0.0540182
-0.0008671
-0.0216624
-0.0139140
