0.0039358
-0.0521452
-0.0036440
0.0122663
0.0204828
0.0375623
0.0452270
0.0160084
-0.0334839
-0.0427266
-0.0113886
0.0228516
-0.0033412
0.0370292
-0.0202765
0.0480810
-0.0261199
0.0279097
0.0146163
0.0234011
0.0695110
0.0693110
-0.0304722
0.0382272
-0.0138290
0.0374760
-0.0649465
0.0179507
-0.0377938
-0.0069815
-0.0485668
-0.0202277
-0.0446556
-0.0168049
0.0401165
0.0268107
0.0324213
-0.0290988
0.0477280
0.0259752
-0.0039724
0.0020142
-0.0221379
-0.0203326
0.0203863
-0.0120321
0.0451838
-0.0066978
-0.0235207
0.0516931
