-0.0288694
0.0392053
-0.0178652
0.0161788
0.0412408
-0.0350683
-0.0408947
-0.0748886
0.0139699
0.0598635
0.1273285
0.0588781
-0.0156104
0.1223119
-0.1350809
-0.0269717
0.0782078
0.0679174
0.0050976
0.0282692
-0.0156024
0.0233266
-0.0665637
0.0532866
0.0470464
0.0412315
0.0078746
-0.0331376
-0.0591386
0.0013387
-0.0766972
0.0183628
0.0171447
-0.2410137
-0.1291734
0.0371550
0.0523647
-0.0536846
-0.0831325
0.0253635
0.0146247
-0.0053952
-0.0048031
-0.0359676
0.0389715
-0.0797435
0.0671209
-0.0147488
0.0356657
0.0919942
