0.0177803
0.0248675
0.0074355
0.0188708
-0.0126594
-0.0103312
-0.0182719
-0.0212894
0.0307761
-0.0109774
0.0312924
-0.0049563
-0.0094809
-0.0067221
-0.0098517
-0.0552558
-0.0028176
0.0275698
-0.0385454
-0.0375416
-0.1590594
-0.2050590
0.2957788
0.0018098
0.0001608
0.0134715
-0.0081202
0.0199493
0.0067368
0.0131681
0.0240289
-0.0105190
-0.0054623
-0.0202857
-0.0039006
-0.0072152
0.0295429
0.0130152
-0.0073028
0.0361234
0.0001557
0.0131377
-0.0090799
0.0327138
-0.0107649
0.0105766
0.0082867
0.0309988
0.0403905
-0.0239119
