-0.0743671
-0.1080492
-0.1511097
-0.0944898
0.1032799
0.3304069
0.3224674
-0.1880558
0.0797314
0.0253158
-0.0133632
0.0134427
0.0170790
-0.0153119
0.0230625
-0.0112986
0.0184599
-0.0331074
0.0071180
0.0190603
-0.0109740
-0.0290959
-0.0228071
0.0066832
0.0118052
-0.0135336
-0.0088965
-0.0112150
0.0261682
-0.0191637
0.0029160
0.0043507
-0.0042941
0.0051925
0.0106821
-0.0045279
-0.0024324
0.0354991
0.0690877
-0.1812569
0.3124200
0.3126894
0.1360325
-0.0524677
-0.1626337
0.0332678
0.0480897
0.0194976
0.0335572
0.0109785
