-0.0795243
-0.1139518
-0.0263046
0.0358338
0.1058186
0.1159569
0.1373194
0.0846417
-0.0165000
-0.2181483
-0.0021037
0.2143231
0.3884326
0.0158918
0.0556846
-0.0141764
-0.0208302
-0.0612283
0.0229016
-0.0360129
0.0691632
0.0011275
0.0000975
-0.0133603
-0.0487010
-0.0445319
-0.0312169
0.0750469
0.0430605
0.0850492
0.1089494
0.0226375
0.1570353
-0.0582653
-0.0365239
-0.0643329
-0.0201505
-0.0101006
0.0533992
-0.0331107
0.0826804
0.0176636
-0.0053967
0.0356943
0.0651205
0.0478181
-0.0181657
-0.0328672
-0.0227297
-0.2513216
