-0.2615560
-0.0634574
0.0325238
0.0300643
0.0299461
0.0625467
0.0586554
0.0413307
-0.0091126
-0.0249320
0.0178119
0.0172005
0.0018269
-0.0157200
-0.0150594
-0.0125169
0.0521769
-0.0489587
0.0273796
-0.0286281
0.0411412
-0.0078397
-0.0428507
0.0489509
-0.0655265
0.0264109
0.0638487
0.0270607
-0.1974222
0.4117264
-0.2059907
0.0242571
-0.0153166
-0.0581289
-0.0516946
0.0122069
0.0254092
0.0404336
0.0513669
0.0124044
-0.0336999
0.0313928
-0.0034670
-0.0159557
-0.0203457
-0.0438563
-0.0526961
-0.0013510
-0.0104520
0.0187215
