0.0193920
-0.0118517
-0.0149293
-0.0304119
0.0319762
0.0367083
0.0231841
0.0208099
-0.0193877
-0.0097818
0.0581148
0.0202674
0.0893365
-0.2484409
-0.1264061
0.3379788
0.3330577
-0.0434392
-0.0152210
-0.0195616
-0.0245638
0.0327432
0.0360721
0.0652065
0.0292700
0.0097495
0.0009528
-0.0443314
-0.0158921
0.0192268
0.0402978
-0.0268414
-0.0495365
0.0316304
0.0593956
-0.0409790
-0.0181751
0.0563971
0.0153055
-0.0459843
-0.0086487
-0.0390108
0.0003968
-0.0035019
-0.0188330
-0.0314958
-0.0679455
0.1095971
0.0778614
-0.1166298
