-0.0453689
-0.0460117
-0.0144264
-0.0088804
-0.0140695
0.0324273
0.0279592
-0.0240044
-0.0089093
0.0036969
0.0130602
0.0070279
0.0197705
0.0270648
-0.0060277
-0.0160754
-0.0009179
-0.0259390
0.0070104
0.0026728
-0.0184680
0.0053899
0.0279075
0.0007702
-0.0237428
0.0086903
-0.0213956
0.0042878
0.0232264
-0.0365683
-0.0338940
0.0139142
-0.1460632
-0.1482391
-0.1542000
-0.0925848
0.0500798
-0.0095641
-0.0227258
0.0119892
0.0275271
0.0028501
-0.0128516
-0.0003605
-0.0036599
0.0105302
0.0000004
0.0123129
-0.0136512
0.0000890
