0.0334970
-0.0183353
-0.0030973
-0.0241710
-0.0342205
-0.0136693
0.0254890
0.0347021
0.0056455
0.0819703
-0.1329020
0.1107819
0.1312969
-0.0510004
-0.0280214
-0.0237260
-0.0373318
-0.0000339
0.0103871
-0.0064977
0.0240233
0.0147864
-0.0303967
-0.0136409
0.0269245
-0.0229435
0.0199505
0.0292683
-0.0217083
-0.0270288
-0.0167020
0.0190724
-0.0168220
-0.0193130
-0.0261673
-0.0049451
-0.0097267
0.0221916
-0.0052720
0.0173047
0.0316768
0.0183822
0.0111672
0.0143619
0.0088582
-0.0436436
-0.0098206
-0.3320836
-0.2364821
0.0562024
