0.0081064
-0.0147264
0.0440496
0.0438659
0.0318271
0.0223269
0.0225609
-0.0057661
-0.0121054
0.0145707
-0.0222444
-0.0110094
-0.0106710
0.0187541
0.0178211
0.0030918
0.0028482
-0.0088301
-0.0064946
0.0115450
-0.0130154
0.0011916
0.0199783
-0.0163685
0.0099379
-0.0057390
0.0066191
0.0072386
0.0461551
-0.0314811
0.0015813
-0.0563239
0.2030434
0.1140655
0.1214018
0.0520277
-0.0454353
-0.0051274
-0.0228370
0.0059989
0.0361348
0.0317382
0.0066472
-0.0271673
0.0050295
-0.0226502
0.0166666
-0.0198853
-0.0425441
0.0166044
