0.0219321
0.0012494
-0.0190363
-0.0321627
-0.0010118
-0.0032559
-0.0171531
0.0146625
-0.0329138
-0.0022380
0.0123786
0.0029285
-0.0013245
-0.0204585
0.0032026
0.0088112
0.0155858
0.0071856
-0.0206226
0.0105216
-0.0224994
-0.0203207
-0.0210208
-0.0015293
-0.0114008
0.0269225
0.0079538
0.0111751
-0.0042697
-0.0264735
-0.0091886
0.0128907
0.0095943
0.0032343
0.0201409
-0.0387554
0.0165964
0.0073525
0.0063270
-0.0089391
0.0041647
0.0040389
0.0077323
0.0114026
0.0071021
-0.0209865
-0.0155547
0.0113409
-0.0069532
-0.0166185
