0.0150547
-0.0287967
0.0174915
-0.0142056
-0.0219159
0.0107682
0.0095768
0.0091211
0.0148344
0.0134779
-0.0134444
-0.0017980
0.0248589
0.0192055
-0.0207009
-0.0253064
0.0032340
-0.0109557
-0.0118032
-0.0195376
-0.0052628
0.0130950
0.0075313
0.0085535
-0.2341770
-0.0530930
0.1395062
0.0306275
-0.0185130
-0.0194837
0.0374041
-0.0047435
0.0124968
0.0038171
-0.0484534
0.0014846
-0.0134486
-0.0099010
0.0071482
0.0136355
-0.0225468
-0.0064007
0.0188308
0.0256184
-0.0009612
-0.0005033
-0.0070215
0.0222208
0.0109055
-0.0096328
