0.0035269
0.0165487
-0.0052185
-0.0249383
-0.0285192
-0.0051218
0.0057180
0.0124462
0.0031848
0.0013395
-0.0483204
-0.0040219
0.0011526
-0.0124429
0.1240921
0.1448822
-0.2169737
-0.2499598
0.0312729
0.0546187
-0.0252290
-0.0092171
-0.0230266
0.0237713
-0.0006656
0.0059573
-0.0049088
-0.0049533
-0.0055250
-0.0119910
0.0310673
0.0251406
-0.0184664
-0.0044694
-0.0081235
-0.0127916
0.0300548
0.0099193
0.0083731
0.0074064
0.0214801
0.0310021
0.0224865
0.0181292
0.0242279
-0.0346842
-0.0092252
-0.0189887
-0.0113514
0.0123249
