0.4223662
0.1168993
-0.1955821
-0.2670361
-0.2032238
-0.0976172
-0.0701988
0.0551689
-0.0457143
-0.0271352
-0.0285521
0.0115023
-0.0180412
0.0419503
-0.0241219
0.0104050
-0.0067724
0.0314733
0.0401270
0.0401869
0.0277342
0.0123237
0.0073450
-0.0054874
0.0162841
0.0374171
0.0291292
0.0274010
-0.0142272
0.0044401
0.0357560
0.0095524
-0.0535156
0.0473234
0.0863176
0.1077943
-0.2842617
0.0155584
0.4078682
-0.1436861
0.0152528
0.0352820
0.0819612
0.1164240
0.0588130
-0.0752409
-0.0197330
-0.0242857
0.0003204
-0.0007384
