-0.0310223
0.0191400
-0.0247888
0.0236419
-0.0156856
-0.0280978
-0.0196736
0.0355384
-0.0097477
0.0207716
0.0351225
0.0194973
-0.0199070
0.0039154
0.0028438
0.0376372
-0.0176217
-0.0340176
-0.0016522
-0.0372364
-0.0202943
-0.0178758
0.0160946
-0.0236034
0.0473728
0.0187076
0.0366814
-0.0337293
-0.2289142
0.4625318
-0.2017101
0.0195268
0.0566116
-0.0513009
-0.0030923
-0.0406925
-0.0122893
-0.0113192
-0.0380668
0.0093072
0.0412809
-0.0123066
-0.0136571
0.0192789
-0.0245464
0.0383522
0.0236174
0.0460326
0.0372787
0.0101612
