0.0921861
0.0819068
0.0101802
-0.2059824
-0.1827273
-0.0502913
-0.0363031
0.1104610
0.0064544
0.0522653
-0.0513259
-0.0241123
-0.0251103
-0.0585795
0.0044483
0.0311477
0.0219542
0.0097080
0.0239621
-0.0275124
0.0363244
-0.0476500
0.0422865
0.0263465
-0.0012143
-0.0119186
0.0384417
-0.1288496
-0.0227022
-0.0091810
0.0878493
0.0670055
-0.0527760
0.0144095
0.0350160
-0.0463163
-0.0336565
0.0306188
-0.0209392
-0.0479225
-0.0635159
-0.0238435
-0.0131649
-0.2349538
0.0714163
0.0363423
0.0104434
0.0136394
-0.0539009
-0.0561981
