-0.1175234
-0.1072975
-0.0489047
-0.0484126
-0.0251023
0.0617554
0.1181820
0.2594190
-0.1325710
-0.0304058
0.0364750
0.0413900
0.0168676
-0.0271722
-0.0181141
-0.0024519
0.0239786
0.0513694
0.0291667
0.0122157
-0.0409725
-0.0220990
-0.0131077
-0.0130686
0.0078813
0.0014229
0.0200325
0.0441095
0.0183001
-0.0516506
0.0166609
0.0305068
-0.0026747
-0.0451291
0.0061263
0.0435728
-0.1593215
-0.0310924
-0.1007252
0.0434308
-0.0694745
-0.0906292
-0.0539622
-0.0306083
-0.0156630
0.0596431
0.0041421
-0.0166811
-0.0232020
-0.0170003
