-0.0512169
-0.0463426
0.0173977
0.0609357
-0.0287902
0.0305214
0.0244419
-0.0798335
-0.0354447
-0.0484249
0.0486795
-0.0747254
-0.0676499
0.0004808
-0.0271821
0.0390908
-0.0403478
0.0548683
-0.0559676
0.0746087
-0.0065958
0.0883624
-0.0029837
0.0126232
-0.0412666
0.0141237
0.0090182
-0.0657102
-0.0799946
-0.0852249
0.0159540
0.0456037
0.0034134
0.0788750
0.0402290
0.0121715
0.0755200
-0.0040550
-0.0721507
-0.0066910
-0.0448697
-0.0576901
-0.0469407
0.0008196
-0.0215793
0.0177744
-0.0279362
0.0391697
0.0001417
0.0823510
