0.0253641
0.1024170
0.0436221
0.0376234
0.0383324
0.0024138
0.0133609
-0.0930473
0.0120836
-0.2010605
0.0392496
0.0120645
-0.0436509
0.0015337
0.0021181
-0.0288087
0.0085106
-0.0333075
-0.0922397
0.0033942
-0.0134755
0.0397277
-0.0346878
-0.0140160
0.0078874
-0.0137468
0.0423027
-0.0600111
0.0100426
0.0540276
-0.0635004
0.0241169
-0.0028878
-0.0643629
0.0412914
0.0873059
-0.0721465
0.0613263
0.0311842
-0.0156242
-0.0821635
-0.0082963
-0.0059445
-0.0668680
-0.0304040
-0.0000704
-0.0243842
-0.1221220
0.0116883
0.0262583
