0.1397722
-0.2671284
-0.2013178
-0.1292358
-0.0723990
-0.0690817
-0.0274508
0.0772782
-0.0118308
-0.0370529
0.0053493
-0.0526169
0.0275490
0.0403380
-0.0192411
0.0022221
-0.0391832
0.0041253
0.0313528
0.0163090
0.0211299
0.0049214
-0.0133606
-0.0046874
0.0082269
0.0156583
0.0114012
0.0014064
0.0247565
0.0241890
-0.0178533
-0.0150255
0.0430750
-0.0176917
-0.0824502
-0.1614551
0.4598444
-0.2397207
-0.2993163
0.1084981
0.0926654
0.0624692
0.0333147
0.0197779
-0.0219033
0.0247125
0.0534331
-0.0119317
-0.0040227
0.0434248
