-0.0147484
0.0518840
0.0455243
0.0658350
-0.0061412
0.0609983
-0.0625850
-0.0600224
0.0321008
-0.0756587
0.0029534
-0.0058539
0.0064769
-0.0004543
-0.0485516
0.0131104
-0.0190227
0.0364049
0.0353379
0.0714454
-0.0381245
0.0272802
0.0061854
-0.0023904
0.0779733
-0.0348169
0.0145396
0.0474328
-0.0708192
0.0243242
-0.0176415
-0.0637313
0.0578044
0.0339402
-0.0320407
-0.0714815
-0.0356709
0.0563477
0.0697871
-0.0941845
0.0866549
-0.0274124
0.0796982
0.0194917
0.0897516
-0.1149147
0.3262937
0.1106814
-0.0578455
-0.0177107
