-0.0699636
0.0673008
0.0527170
-0.0225761
-0.0201545
-0.0573918
-0.0426662
0.0644827
-0.0403121
0.0169474
0.0135205
0.0136846
-0.0396190
0.0242265
-0.0030964
-0.0862372
0.0222096
-0.0663523
0.0476052
0.0667713
0.0262004
-0.0221305
0.0010296
0.4243811
0.0055962
-0.0456861
0.0157348
-0.0918410
-0.0440711
0.0505541
0.0641195
-0.0201311
-0.0155285
-0.0032442
-0.0127968
-0.0676406
0.0546914
-0.0127238
-0.0812782
-0.0627509
-0.0675900
-0.0252152
0.0008876
-0.0315665
0.0688846
-0.0809716
-0.0915993
-0.0028271
-0.0083659
0.0139358
