-0.0066582
0.0022452
-0.0258732
0.0374780
0.0032669
-0.0143411
0.0362733
-0.0153643
-0.0208222
-0.0000961
-0.0374971
-0.0322330
0.0046527
-0.0294351
-0.0552361
0.0103331
-0.0011438
0.0500077
-0.0492514
-0.1669949
-0.2414746
-0.1376809
0.1480039
-0.0090239
-0.0336366
-0.0359442
0.0017197
-0.0389444
-0.0327635
0.0384314
-0.0111796
0.0011520
0.0183458
-0.0038406
-0.0218290
-0.0089285
-0.0045021
0.0068945
-0.0269681
0.0370973
-0.0127461
-0.0061881
-0.0174362
-0.0201811
-0.0357505
0.0307791
-0.0271191
0.0187869
0.0024455
-0.0250375
