-0.0268565
-0.0235878
-0.0034426
0.0134348
-0.0372720
0.0654398
-0.0128697
0.0553248
-0.0247256
-0.0759014
-0.0636383
-0.0254016
0.0503687
0.0051389
-0.0805175
-0.0549639
-0.0516184
-0.0543102
-0.0390393
0.0730833
-0.0627841
0.0170753
0.0661835
0.0612562
-0.0329766
0.0368974
0.0502265
-0.0264884
0.0398046
-0.0597216
-0.0463829
-0.0453658
-0.0041238
0.0298861
-0.0112024
0.0769290
0.0084101
-0.0250812
0.0700864
-0.0086415
-0.0830894
-0.0366424
-0.0629038
-0.0017838
-0.0758186
-0.0441840
0.0009693
-0.0380165
0.0239303
-0.0581243
