0.0896032
0.0540888
0.0240422
0.0608968
0.0168425
0.0678570
-0.0086157
-0.0027540
-0.0155871
-0.0626287
-0.0442862
0.0027561
0.0290972
0.1218031
0.0453779
-0.0166491
-0.1028665
0.0477787
0.0274354
0.0570245
0.0318674
0.0115942
-0.2099843
0.1063912
0.0697246
-0.0657948
-0.0264106
-0.0730171
0.0535940
-0.0848000
-0.0543388
-0.0314654
0.0639280
0.0371215
0.0170372
-0.0095327
-0.0768636
0.0795352
-0.0382587
-0.0180030
-0.0161964
0.0824667
-0.0519775
0.0322667
0.0663628
-0.0561344
0.0517773
0.0246740
0.0198574
-0.0061783
