0.0474458
-0.1127612
-0.0901105
-0.0689890
0.0339449
-0.1072398
-0.0009687
0.1024134
0.0087008
0.1004940
0.0318203
0.0969031
0.0128773
0.3018742
-0.3797675
0.1324722
-0.0609638
-0.0378521
-0.1470661
-0.0219829
0.0311149
-0.0423751
0.0330285
0.0024815
-0.0717030
0.0273240
0.0220158
-0.1090731
-0.0216759
-0.0459592
-0.0424467
-0.0644454
-0.0595279
-0.0881999
0.1703056
0.0308288
-0.0202203
0.0582181
-0.0161766
-0.1061276
0.1015249
-0.0760116
0.0856027
-0.0759873
0.0339022
-0.2574206
-0.0644736
0.0873656
0.0381650
-0.0781125
