0.0240087
-0.0149523
-0.0250650
0.0233202
0.0296717
-0.0404465
-0.0126715
0.0015973
-0.0480929
0.0451438
-0.0439313
-0.0191140
0.0709544
0.0206893
0.0142621
-0.0179378
-0.0349901
0.0279289
-0.0719244
-0.0403373
-0.0035919
0.0403170
0.0548793
-0.0617451
0.0245384
0.0152835
0.0409025
0.0048584
0.0178569
0.0182377
0.0139826
0.0117735
0.0029841
-0.0108351
-0.0709453
0.0601267
-0.0400338
0.0161075
-0.0503563
0.0124358
-0.0325162
0.0166894
0.0557093
0.0483298
-0.0165254
0.0567326
-0.0173026
-0.0512135
0.0047174
-0.0405617
