-0.0391827
-0.0197195
-0.0568287
0.0059081
0.0239885
-0.0509683
0.0387833
0.0359806
0.0379471
0.0480246
-0.0002424
0.0058735
0.0520641
-0.0064094
0.0323791
0.0352723
0.0523173
0.0196818
-0.0217372
-0.0405814
0.0025230
0.0660817
0.0245202
0.0265597
0.0128418
-0.0280926
-0.0366536
0.1634130
-0.2388197
0.1047696
-0.0896713
0.0355160
0.0664286
0.0403840
-0.0036066
-0.0477531
0.0322976
0.0394850
-0.0085183
-0.0256471
0.0479394
0.0612595
0.0142661
-0.0645839
0.0250443
0.0550629
-0.0096490
-0.0091221
-0.0146608
-0.0198950
