0.0421525
0.0211352
-0.0511967
-0.0238604
0.0009139
0.0714867
0.0069160
0.0275518
0.0673104
0.0178332
-0.0011288
0.0301975
-0.0376139
0.0096059
0.0022863
0.0459364
-0.0848302
-0.1608583
0.1614191
0.2621127
0.4594634
0.2881874
-0.2339568
-0.0698688
-0.0032377
-0.0429618
0.0053993
-0.0016542
-0.0269222
-0.0311238
-0.0495879
-0.0363622
-0.0579810
0.0280092
0.0172961
0.0432160
0.0079131
0.0381211
0.0129380
-0.0447622
0.0111810
-0.0384907
-0.0086587
-0.0310240
0.0368525
0.0120733
-0.0209842
-0.0248323
0.0588674
0.0008455
