-0.0537212
0.0338141
0.0362992
-0.0396274
0.0209950
-0.0072165
-0.0083883
0.0398717
0.0235392
0.0363601
0.0442237
-0.0117629
-0.0854443
-0.0064093
-0.0162580
-0.0031310
0.0627179
0.0558354
-0.0697020
-0.0140844
0.0118434
0.0580468
-0.0039004
0.0291087
0.2568299
0.1176787
0.1053396
-0.0542903
-0.0547029
0.0676590
0.0572342
-0.0112565
0.0918171
-0.0518720
0.0448603
0.0445363
-0.0240253
0.0186114
0.0249431
-0.0127674
0.0373766
-0.0181294
0.0074092
0.0078160
-0.0074549
-0.0494779
0.0374835
0.0593587
-0.0415590
0.0123490
