-0.0373624
0.0195049
-0.0136776
-0.0454932
-0.0052850
0.0281128
-0.0714989
0.0569533
-0.0072855
-0.0091757
-0.0119318
-0.0488284
-0.0537542
-0.0142847
0.0273879
-0.0190442
0.0523170
0.0719893
-0.0520540
-0.0065418
-0.0581872
0.0414199
-0.0444532
0.0360724
-0.0446581
0.0576732
-0.0133780
-0.0501362
0.0296704
-0.0428842
-0.0387850
0.0661263
-0.0517156
0.0803261
0.0372932
0.0669912
0.0033876
-0.0687709
-0.0165726
-0.0200125
-0.0142834
-0.0185809
0.0046218
0.0456310
-0.0628282
-0.0449879
0.0606300
0.0067652
0.0091586
-0.0095673
