-0.0183213
0.0764366
-0.0112385
-0.0318334
0.0537685
-0.0308449
0.0098503
-0.0404857
-0.0290475
-0.0577028
0.0389327
0.0559800
0.0194325
0.0505942
-0.0456237
0.0362635
-0.0447395
-0.0369146
0.0165383
-0.0539429
-0.0548792
0.0010748
0.0361061
0.0272800
0.2785629
0.3273480
0.3763318
-0.1919464
-0.1128033
0.1051963
-0.0084545
0.0159065
0.0899829
-0.0385199
-0.0647013
-0.0449068
-0.0023913
-0.0643402
0.0134031
-0.0715243
0.0014276
0.0545198
-0.0215990
0.0114836
0.0741830
0.0272233
0.0425867
0.0244866
-0.0524405
-0.0116311
