0.0256317
-0.0426607
0.0682898
-0.0153141
-0.0491147
0.0173451
0.0745614
0.0407384
-0.0430301
-0.0255856
0.0927945
0.0311244
-0.0780205
0.0242419
-0.1048931
0.1022523
0.0267625
0.1292693
-0.1677950
-0.2245372
-0.3826837
-0.1884616
0.2906418
0.0824996
0.0784874
0.0312447
0.0428186
0.0104391
-0.0496453
-0.0223763
-0.0523148
0.0633668
-0.0436402
0.0056277
-0.0604107
-0.0025649
-0.0039105
0.0603725
0.0692148
-0.0660472
0.0858577
0.0564332
-0.0523101
0.0334585
-0.0488213
-0.0242599
0.0391870
-0.0293798
-0.0439232
0.0173121
