-0.0789344
0.0138420
0.0137453
0.0020287
0.0569960
-0.0023861
-0.0018099
0.0281118
0.0554178
0.0403695
0.0031406
-0.0662696
0.0402706
0.0787814
0.0012765
0.0157826
-0.0117253
-0.0746419
-0.0057864
0.0536417
-0.0727179
0.0065206
0.0392531
-0.0810315
0.0320252
0.0266535
-0.0798073
0.0206379
0.0776075
-0.0368867
-0.0074998
-0.0656897
-0.0149211
0.0756575
0.0280593
-0.0367474
-0.0415209
0.0469727
0.0777007
-0.0888120
0.0391060
-0.0108563
-0.0997971
-0.0962813
0.0056507
0.0172340
-0.0728712
-0.0584874
-0.0499315
-0.0093187
