-0.0336737
-0.0082810
0.0261063
-0.0250249
-0.0502189
-0.0182435
-0.0132933
0.0198274
-0.0024166
0.0543612
-0.1174621
-0.1750501
-0.1788317
-0.0239061
-0.1767881
-0.0709107
-0.0403547
-0.0056335
0.0290540
0.0072789
-0.0491564
-0.0323568
-0.0073877
-0.0344608
-0.0149267
-0.0054995
-0.0237434
-0.0212389
-0.0390419
-0.0184558
-0.0050325
0.0118641
0.0120758
-0.0111240
-0.0338620
-0.0094076
0.0057859
0.0248791
0.0297616
-0.0148310
0.0167783
-0.0014594
-0.0166686
-0.0147829
0.0148753
0.0098456
-0.0168842
0.0085126
-0.0433869
-0.1936743
