0.0163091
0.0127654
0.0240312
-0.0025171
-0.0240286
0.0232965
0.0189365
-0.0363197
0.0300138
-0.0116287
-0.0092450
-0.0040264
0.0280705
-0.0395008
0.0096101
-0.0000752
0.0105735
0.0019069
0.0236997
0.0057814
-0.0271628
-0.0479960
-0.0247550
-0.0674183
0.0853745
0.0805882
0.0116089
-0.0286597
-0.0027227
0.0410410
0.0119198
-0.0163697
0.0220960
0.0349779
-0.0184998
0.0045440
0.0022420
-0.0146897
0.0113898
0.0019231
0.0097982
0.0181500
0.0184527
-0.0061689
-0.0092638
-0.0280424
-0.0212085
0.0174123
-0.0190969
0.0138759
