0.0061343
0.0204837
-0.0609477
-0.0077702
-0.0655968
-0.0490003
0.0384068
-0.0271435
0.0409103
0.0459690
-0.0451131
-0.0409918
-0.0046588
-0.0089184
0.0011087
-0.0254502
-0.0311790
0.0688539
0.0701926
0.1705772
0.0644069
0.0056280
-0.1228926
-0.1357973
0.5789894
-0.3033385
-0.0430999
-0.0314882
-0.0495444
-0.0185356
0.0269668
-0.0074752
-0.0032242
-0.0535891
-0.0788288
-0.0556781
0.0123604
-0.0068174
-0.2132615
-0.2640779
-0.0919458
0.0470597
0.0888395
-0.0028677
-0.0279818
-0.0156508
-0.0465983
0.1431883
-0.1354266
0.0572708
