-0.0072043
-0.0295114
0.0298873
0.0368261
-0.0188655
0.0320837
-0.0346863
0.0163135
-0.0247054
-0.0360460
-0.0058165
-0.0177079
-0.0755227
0.1109547
0.0338835
-0.2370756
0.5662087
-0.1457238
-0.3598206
-0.2371995
-0.0263456
-0.0129112
0.1305508
0.0066729
-0.0267919
0.0099803
-0.0676287
-0.0055196
0.0052322
0.0171419
-0.0437353
0.0068782
0.0179017
-0.0581620
-0.2229454
0.5763089
0.4980216
0.0996625
0.1255370
0.0952586
0.0053712
0.0019840
-0.0093701
-0.0117858
-0.0027608
0.0626443
0.5191437
-0.0957182
-0.0282701
0.0254748
