-0.2207734
-0.0930607
-0.0947147
-0.0111017
0.0669739
0.1121511
0.0811084
0.0507496
-0.0307590
-0.0496758
-0.0597397
-0.0654570
-0.0578563
0.0076266
0.0056276
-0.0308165
0.0257227
0.0282930
0.0082153
-0.0485786
-0.0450539
-0.0729074
0.0414971
0.0439720
0.0189979
-0.1099598
-0.0810649
0.0170408
0.0351015
0.0932605
0.1184048
-0.0110567
-0.0702563
0.0716351
0.0340654
0.0846529
0.0602469
-0.0162677
0.0745649
0.0290760
-0.0872247
0.3613257
-0.1775378
0.0159973
0.0575430
-0.0081351
0.0448629
-0.0207110
-0.0534343
-0.0922573
