0.0368833
0.0286262
0.0668560
-0.0384559
-0.0361726
-0.0439028
-0.0267173
-0.0901195
-0.0330064
0.0725918
0.0844783
0.1624903
0.1067846
0.5748704
-0.0303687
-0.1146414
0.0534261
0.0398216
0.0485645
-0.0083383
-0.0503170
-0.0055107
-0.0175616
0.0184391
-0.0184144
0.0202733
-0.0284111
0.0235229
-0.0152772
-0.0125035
-0.0075014
-0.0765829
0.1056691
-0.1087648
-0.1263340
0.0752625
0.1403356
-0.0693216
0.0295364
0.0458602
-0.0537408
-0.0224172
0.0098223
0.0042127
-0.0907701
-0.0670815
0.1220345
0.0281861
-0.0121398
-0.0142586
