0.0454656
-0.0126173
0.0309251
0.0423204
0.0295572
-0.0192288
-0.0331871
0.0171830
-0.0204455
0.0123385
-0.0115395
0.0527780
0.0488189
0.1171974
0.5131858
-0.2989814
-0.0279455
0.0623647
0.0344358
0.0221010
0.0196703
-0.0225477
-0.0460189
0.0120168
-0.0207310
0.0148918
-0.0000182
0.0019299
0.0397345
-0.0605482
0.0129695
-0.0793585
0.0712772
-0.0805321
-0.3065493
0.0226045
0.0249196
-0.0533263
-0.0336436
-0.0345515
0.0310971
-0.0472298
0.0418799
0.0522963
-0.0475610
0.6449358
0.0425957
-0.0033358
-0.0263231
-0.0523982
