0.0118380
-0.0345933
-0.0296137
0.0415833
0.0371584
-0.0129131
0.0176074
-0.0357426
0.0148232
0.0258921
-0.0583871
-0.0497172
-0.0502753
0.0591406
0.0718905
0.0158743
0.0148452
-0.0331445
0.0651069
0.0699579
0.0523035
0.0144715
-0.0102965
0.0621570
-0.0397510
-0.0330955
0.0019830
0.0183221
-0.0099227
0.0398804
0.0349900
-0.0340178
0.0264492
0.0411461
-0.0264561
-0.0045542
0.0091375
-0.0071120
0.0276571
0.0432453
0.0452124
0.0343757
0.0400471
0.0111129
0.0222238
0.0650665
-0.0137867
0.0326706
-0.0657628
0.0382906
