-0.0902123
-0.0505531
0.0083935
0.0961176
0.1122259
0.1297096
0.0858003
0.0535994
-0.2393675
-0.2944522
0.4169852
0.5611016
0.4534194
0.0729082
0.0446935
0.0280664
0.0010002
0.0352261
-0.0122967
-0.0144049
0.0685874
0.0356507
-0.0446829
-0.0128043
-0.0125606
0.0531317
-0.0034822
0.0774529
0.0914725
0.1053646
0.0261266
-0.0830846
0.6068015
-0.0866630
-0.0336767
-0.0112891
0.0003245
0.0243726
-0.0087279
-0.0598502
-0.0636170
-0.0359979
-0.0329144
0.1364474
-0.1030116
0.0720793
-0.0372582
-0.0218245
-0.0121483
-0.0735060
