-0.0141043
0.0044621
-0.0015679
-0.0047094
-0.0066488
0.0025902
-0.0049365
-0.0042759
0.0083716
-0.0076951
0.0094803
-0.0087825
0.0057256
0.0061497
0.0033758
0.0118261
-0.0011950
0.0104970
0.0556480
0.0530932
-0.0076299
-0.0118049
-0.0062053
0.0001930
0.0112982
0.0046567
-0.0131884
-0.0033559
-0.0079551
-0.0059995
0.0098338
-0.0106513
0.0000241
-0.0020757
-0.0120107
0.0074741
0.0171382
0.0083743
-0.0060262
-0.0015501
-0.0143294
-0.0074496
0.0104333
-0.0012316
-0.0110817
0.0126684
0.0011910
-0.0124303
-0.0106858
0.0126151
