0.0737138
-0.1220572
-0.0643427
-0.0943518
0.0301943
-0.0243725
0.1737493
0.1293779
0.0420607
-0.1519177
-0.0388679
-0.1456266
-0.0414730
0.0879508
-0.1075446
0.0743541
-0.1746609
-0.2122885
-0.3448766
-0.0906712
0.2158366
0.1698460
0.0079902
0.0430750
0.0274333
-0.0268640
-0.0465094
-0.0842490
-0.1023148
0.0359037
0.0538739
0.0641955
0.0768143
0.1542970
0.0200858
0.1698936
0.1359498
0.0406002
0.1496019
0.0344838
-0.1001524
0.0389242
0.1144575
0.0036354
-0.1919950
-0.1854985
0.0792701
-0.0237710
0.2117672
0.1019389
