-0.4762083
0.2118969
0.1778044
0.0396837
0.0384868
0.0616448
-0.0967887
0.0579191
-0.1265353
-0.1669901
0.0324645
0.0492414
0.0266273
0.1004235
0.0067168
0.0042174
-0.0541684
0.0547943
0.0517393
-0.0871904
0.0260325
0.0020072
-0.0606094
-0.0157798
0.1201988
0.1313762
-0.1169404
0.0011846
-0.0239361
0.2854865
0.1398801
0.1713465
0.3193771
-0.1134348
0.1422584
-0.1418580
-0.1149407
-0.0260925
-0.0563786
-0.0416992
-0.1020220
0.1372654
0.0196386
0.0738570
-0.0856263
0.3613421
-0.2052984
-0.0546811
0.0063588
0.0111711
