0.0881818
-0.0879520
0.0073118
0.0391917
-0.1791811
0.0330132
0.0447107
0.1049634
0.1485928
-0.0173946
-0.1169543
-0.1184266
0.0837686
-0.1536720
-0.2042697
0.1367714
0.1209778
0.0036356
-0.5048970
-0.9487404
0.6839872
1.3943951
-0.2913088
-0.4084034
-0.0775638
0.1037520
-0.0942702
-0.0158650
0.0968294
0.0514387
-0.1536285
-0.1252477
0.0607194
0.0472919
-0.0638687
0.2796947
0.1447468
1.1802028
0.0472622
-0.6987429
-0.1087188
-0.1320033
-0.1069068
0.0925968
0.1268764
-0.1016249
0.2116281
-0.2085130
0.1555231
0.0297860
