0.0361680
0.0507974
0.0148137
-0.0495872
-0.0527001
-0.0468865
-0.0397744
-0.0111019
0.2123266
0.1382658
-0.3793055
-0.2435870
-0.0227341
-0.0819189
-0.0019689
0.0354157
-0.0017503
-0.0500243
-0.0399197
0.0027891
0.0279336
0.0016748
0.0248791
-0.0107590
0.0306253
0.0339509
0.0489342
-0.0660965
-0.0920887
-0.1001769
-0.0796741
-0.0060526
-0.3024922
0.0360900
0.0514968
-0.0026312
-0.0306363
0.0328425
0.0275941
0.0345154
-0.0100834
0.0025674
-0.0155648
-0.0356801
0.1266608
0.0078960
0.0088483
0.0586503
-0.0056900
-0.0058980
