0.0785224
-0.0146719
-0.0059327
-0.0445438
-0.1123959
-0.1866924
-0.2671110
0.3949028
-0.1958099
-0.0222649
-0.0276622
-0.0185911
0.0357631
-0.0401296
-0.0138615
0.0269492
0.0250897
-0.0411228
0.0056719
0.0453070
-0.0184017
-0.0246385
0.0319309
0.0030199
0.0302126
-0.0213397
-0.0085894
0.0460856
-0.0001936
-0.0088288
-0.0710488
0.0466858
0.0279355
-0.2601810
-0.0588539
0.4066673
-0.0696024
-0.0207815
0.0857396
0.0414799
-0.0392367
0.0059165
-0.0403580
0.0013863
0.0190264
0.0081277
-0.0230182
-0.0148002
0.0380378
-0.0123449
