-0.0377517
0.0392059
0.0165181
0.0141525
0.0164689
-0.0233813
-0.0129990
-0.0440563
0.0082322
-0.0221638
0.0287083
-0.0358502
0.0075421
0.0275356
-0.0352019
-0.0071438
-0.0020539
0.0116735
0.0122438
-0.0300861
0.0036225
0.0232903
0.0107082
-0.0363208
-0.0368404
0.0417704
0.2527640
-0.1822954
0.0077955
0.0839005
0.0049641
0.0008013
-0.0169874
-0.0077780
-0.0383153
0.0057298
0.0163564
-0.0194370
0.0273294
-0.0177514
0.0063692
0.0012442
0.0113210
0.0367509
-0.0085632
-0.0263194
-0.0179787
-0.0323157
0.0255425
-0.0342786
