-0.0173027
-0.0204890
0.0148482
0.0376685
0.0302074
-0.0284406
0.0003990
0.0215855
0.0162605
-0.0120931
-0.0024304
0.0006124
0.0139711
0.0152916
-0.0255037
0.0113616
0.0130937
0.0155464
-0.0320550
-0.0444960
0.0053142
0.0259064
0.0208726
0.0041671
-0.0409197
-0.0042757
-0.0242070
0.0134581
-0.0169686
-0.0047070
-0.0417591
0.0244719
0.0226784
-0.0379444
-0.0264783
-0.0388525
-0.0396641
0.0018336
0.0004908
0.0064093
0.0354634
0.0387473
-0.0184929
-0.0392475
-0.0035892
-0.0376567
-0.0261203
-0.0159172
0.0069505
0.0016889
