0.0466601
-0.0213317
-0.0021423
0.0022116
-0.0139262
-0.0292260
-0.0311451
-0.0162938
0.0085265
0.0646443
-0.1594364
-0.2180776
0.0884687
-0.1136872
-0.0238877
0.0357929
0.0468957
0.0499127
0.0054311
-0.0366166
0.0060436
-0.0067885
0.0083042
-0.0028462
0.0378158
0.0055772
-0.0030715
0.0226431
0.0422710
0.0423552
0.0270951
0.0165244
0.0383348
-0.0156713
-0.0127116
-0.0054490
-0.0074955
-0.0544109
0.0262256
0.0466707
0.0138296
0.0025755
0.0511366
0.0128473
-0.0143484
-0.0090209
0.0275831
0.4404675
0.1891269
-0.0191739
