-0.0313569
-0.0165437
-0.0076637
0.0286829
-0.0291452
-0.0302673
0.0284771
0.0141751
0.0343861
0.0110280
0.0161424
0.0399624
0.0269238
0.0454872
-0.0215418
-0.0991971
0.2942155
0.0600633
-0.2319538
-0.2620787
0.0868155
0.1353841
0.0285052
-0.0081511
-0.0598138
0.0460704
0.0004880
-0.0130411
0.0282476
0.0108179
0.0044578
0.0209752
-0.0385573
-0.0276243
-0.0651613
0.2243152
0.2550330
0.1085359
-0.0377824
-0.0115141
0.0239817
-0.0076719
-0.0294040
0.0125523
0.0229141
-0.0092507
0.2329703
0.0436509
0.0222385
0.0209097
