0.0137443
-0.0308863
-0.0393459
-0.0734722
-0.0403832
0.0029203
0.0256558
-0.0245878
0.0418698
-0.0002702
0.0331902
-0.0443120
0.0188096
-0.0055752
-0.0041778
0.0109143
-0.0107175
0.0402132
0.0540467
-0.0093069
0.0423782
-0.0012891
0.0479793
-0.0067593
-0.0232939
-0.0091415
0.0392977
-0.0469690
-0.0029584
0.0362823
0.0265020
-0.2375712
0.2099584
-0.1805312
-0.1208078
0.0134831
0.0309503
-0.0101194
-0.0400845
0.0151005
0.0480884
0.0511974
-0.0072861
-0.0331164
-0.0396801
-0.0054526
-0.0332310
0.0228819
-0.0293077
0.0121358
