-0.0141825
0.0299309
-0.0015977
-0.0236021
0.0293968
-0.0096003
-0.0422458
0.0119295
-0.0053381
0.0365648
-0.0208982
0.0261083
0.0019088
-0.0430562
-0.0194248
0.0218150
0.0209898
0.0243306
-0.0198304
-0.0356036
-0.0057607
-0.0391935
0.0058664
0.0136753
0.0286081
0.0422779
-0.0564751
-0.1425259
0.3427231
-0.0940944
0.0660768
-0.0604902
-0.0544094
-0.0015553
-0.0242160
0.0062821
-0.0124052
0.0052019
0.0257980
0.0022137
-0.0100782
0.0443767
0.0291043
-0.0104791
-0.0169568
0.0216674
-0.0429063
0.0402443
0.0389092
-0.0420270
