-0.0395941
-0.0539805
0.0186495
-0.0107616
-0.0098136
0.0711358
-0.0100359
0.0097731
0.0228337
0.0406361
0.0081187
-0.0060041
0.0083590
-0.1396837
-0.1322675
0.2085056
-0.5687034
-0.0352871
0.0890343
0.1088902
0.0922004
0.0560723
-0.0402563
-0.0241070
-0.0556450
0.0366806
0.0301710
0.0466296
0.0734817
-0.0102395
0.0074613
-0.0263393
0.0249538
0.0289056
0.4665049
-0.1107181
0.0287298
-0.1027978
-0.0482097
-0.0115625
-0.0643360
0.0668253
0.0375210
-0.0580958
-0.0805871
0.5684968
0.0805396
-0.0751245
-0.0151132
0.0346720
