-0.1085806
0.2617497
0.5471666
0.2538316
-0.2046355
-0.5040491
-0.5918871
-0.0203302
0.0570413
0.1206175
0.0083237
0.0010873
-0.0949837
-0.0060944
-0.0061928
0.0529419
0.0087611
0.0369482
-0.0451488
0.0564924
-0.0412583
-0.0164032
-0.0751251
0.0135979
0.1156871
-0.0035352
0.1663289
-0.4901491
-0.0475850
0.1798667
0.1136910
0.1630047
-0.0622266
0.0069019
0.0074935
-0.0428543
-0.0377021
0.0320585
0.0348500
0.0419804
-0.0364534
0.3219334
-0.4137783
-0.1619836
0.0472232
0.0412082
0.0361291
0.0211114
0.1225122
-0.0969759
