-0.0523288
0.0331994
-0.0392154
-0.0434822
-0.0099055
0.0579183
0.0210740
0.0248786
0.0462143
-0.0136735
-0.0560161
0.0061625
0.0445365
0.0034923
0.0000720
-0.1135977
-0.1971771
-0.1426171
-0.1351701
-0.2519512
-0.1967463
-0.1412062
0.0403405
-0.0283497
-0.0311435
0.0116605
0.0092135
0.0151864
0.0296992
0.0110126
0.0503456
0.0049733
0.0044167
-0.0150683
0.0016250
-0.0177572
0.0049322
-0.0161600
0.0104107
-0.0444243
0.0054519
-0.0202140
0.0111588
0.0137586
0.0135190
-0.0053783
-0.0019193
-0.0214379
-0.0019928
-0.0377932
