0.0470519
-0.0431320
-0.0030766
0.0366186
-0.0099092
-0.0460034
-0.0057169
0.0144075
0.0160584
0.0488430
0.0195336
-0.0616008
-0.0964181
0.3485070
0.0150099
-0.1875490
-0.0747787
-0.0382424
0.0119546
0.0046391
-0.0098361
-0.0141479
0.0222107
0.0494040
0.0016300
-0.0253546
0.0320358
0.0119915
0.0143392
0.0038814
0.0141847
0.0026677
0.0393117
0.0329387
0.0164948
0.0032207
-0.0271163
-0.0033237
0.0135859
-0.0169795
-0.0250260
-0.0461768
-0.0260052
-0.0147544
0.0120969
0.0095209
-0.0216773
0.0355285
0.0778059
-0.0686136
