0.0016356
-0.0122430
0.0019329
0.0351497
-0.0169528
-0.0318259
0.0180706
-0.0450167
0.0281897
-0.0042368
-0.0131055
0.0058997
0.0424408
-0.0108482
-0.0571478
0.0121573
0.0770216
-0.0180061
-0.0264874
-0.0125797
0.0212476
-0.0405466
0.0264723
-0.0452872
-0.0155050
-0.0157988
0.0323299
-0.0146229
-0.0206505
0.0162062
0.0378615
0.0166272
-0.0377239
-0.0155651
0.0015149
0.0129217
0.0257735
-0.0188620
0.0267699
-0.0301208
0.0106845
-0.0329357
0.0238175
-0.0220064
-0.0242225
0.0082260
-0.0466176
-0.0054101
-0.0109104
-0.0250804
