0.0304681
0.0231017
-0.0292563
-0.0142086
-0.0132763
0.0012087
0.0434892
-0.0253103
0.0237637
-0.0097597
-0.0423347
-0.0393087
0.0339459
0.0183563
0.0168482
0.0238849
-0.0157532
-0.0305093
-0.0371791
-0.0509084
-0.0205209
-0.0223238
-0.0229801
-0.0395044
-0.0657738
-0.0798363
-0.2175506
0.4018032
-0.1743052
-0.0699449
0.0074568
0.0199273
0.0485366
0.0081366
0.0323889
-0.0082076
0.0138595
-0.0543818
0.0031889
0.0048668
-0.0541813
-0.0265268
-0.0117409
-0.0037647
-0.0190171
-0.0272376
0.0457975
0.0392101
0.0560759
-0.0253302
