-0.2436565
-0.1330372
0.0826755
0.2303092
0.2453118
0.1104661
-0.0369439
-0.0695667
-0.0888206
-0.0385410
0.0156451
-0.0808143
0.0336586
-0.0381471
-0.0372923
0.0853377
0.1389502
-0.0988801
0.0017786
-0.0030934
-0.1948110
-0.0049346
0.0064236
0.2555620
0.1411236
-0.2590785
0.0071220
0.1067553
-0.0241343
-0.0155624
-0.0479289
-0.1502235
-0.0348003
-0.0906822
0.0761945
0.0213499
-0.0441808
0.1128332
0.2270819
0.1987338
0.1020871
-0.3169147
0.0313673
0.1680436
-0.0210058
-0.0691224
-0.1021492
-0.2204908
-0.1779860
0.0941690
