-0.0657784
0.0641541
0.3012173
0.1453530
-0.0262107
-0.2215643
-0.3389225
-0.1121194
0.6392228
-0.3186875
-0.0110366
0.0206396
-0.0476357
-0.0272073
0.0675848
-0.0844730
-0.0811645
-0.0280089
0.0335544
0.1081603
-0.0446463
0.0201826
-0.0629264
-0.0139207
0.2241935
-0.2154116
0.1407722
0.0446249
-0.0632765
-0.1164862
0.0350797
-0.1795072
-0.0948878
-0.0557018
0.0457179
0.2018402
0.2882738
0.5551768
-0.5289820
-0.2576647
0.0357917
0.1197453
-0.0290381
0.0378608
0.0535334
0.0018460
0.1278120
-0.0822845
-0.0926877
-0.1048996
