0.1895309
0.5085177
0.4840851
-0.9238416
-1.0547673
-0.5547387
0.3721290
0.6664624
-0.0244389
-0.3174099
-0.2107590
-0.0817855
0.0170028
-0.1308018
0.0549287
0.1024357
-0.1174225
0.1750724
-0.0166610
-0.0290189
-0.1133948
-0.0918991
0.0692055
-0.0230324
0.0661639
0.0040369
0.5938436
-1.0905255
-0.4265072
0.3783605
0.7288909
0.3917820
0.0272020
0.0817560
0.0212242
-0.0989297
-0.1056858
0.0540147
0.0316945
0.0815372
-0.0361538
-0.0295391
0.5715631
-0.1530672
0.3912800
-0.0084830
0.0443902
0.0265482
-0.1647059
-0.1210698
