0.0539906
-0.0557756
-0.0430137
-0.0638916
-0.0408034
0.0696476
0.0017801
0.0324087
-0.0722253
-0.0567667
-0.0449757
-0.0457497
0.0300542
0.0075104
0.0328321
-0.0322552
-0.0036729
-0.0556807
0.0093961
0.0514378
-0.0402772
-0.0772088
-0.0432384
0.0397744
0.0132580
0.0488983
-0.0285230
0.0410634
0.0372753
-0.0315366
0.0659573
0.0110331
0.0384294
-0.0079630
-0.0692299
-0.0399859
0.0346932
-0.0439978
0.0528570
0.0018742
-0.0278234
0.0634127
-0.0135706
0.0157845
0.0551408
-0.0503686
-0.0159155
-0.0783038
-0.0386430
0.0541350
