0.0400964
0.0357936
0.0126555
0.0312930
0.0423686
-0.0235237
-0.0541209
-0.0121558
0.0218146
-0.0121630
0.0145649
-0.0441778
-0.0339097
0.0119997
0.0036180
-0.0090171
0.0074739
-0.0232721
-0.0121699
-0.0328304
0.0366570
0.0088282
-0.0036527
-0.0388033
0.0243789
0.0209015
0.0202999
0.0023231
0.0161923
-0.0543657
-0.0176285
0.0654205
-0.0163538
0.2909014
0.0699657
-0.2621045
0.0641031
0.0387639
0.0085656
-0.0200040
-0.0253956
0.0173138
-0.0062621
-0.0358800
0.0244500
-0.0189200
-0.0397601
0.0182764
-0.0408188
-0.0266472
