-0.0136824
0.0013645
-0.0191011
-0.0332120
-0.0172725
-0.0160134
-0.0200954
-0.0163446
0.0327991
0.0149705
0.0460404
-0.0141468
-0.0333849
-0.0181725
0.0333025
0.0163363
-0.0104077
0.0277942
-0.0258170
0.0009778
-0.0137758
-0.0017777
0.0251411
-0.0409038
0.0151224
0.0059889
0.0196612
0.0440791
-0.0247076
0.0200447
-0.0148311
0.0044707
-0.0175312
0.0030608
0.0369124
0.0323753
-0.0138533
0.0458251
-0.0005340
0.0149436
-0.0293210
0.0212580
-0.0136128
-0.0439757
0.0010869
-0.0310605
0.0158989
-0.0360261
-0.0380715
0.0308815
