-0.0184358
0.0272096
0.0135407
-0.0233286
-0.0261911
0.0154950
-0.0282165
-0.0133102
0.0002898
0.0435913
-0.1636137
-0.3322324
0.1000980
-0.1586925
-0.0235312
0.0389946
0.0547584
0.0725667
-0.0676807
-0.0583463
-0.0038509
-0.0031200
-0.0174886
-0.0145493
0.0140613
0.0061999
-0.0277153
0.0015350
-0.0091535
0.0245527
-0.0023771
0.0077313
-0.0136102
0.0140731
0.0269900
-0.0313441
0.0048436
-0.0124292
0.0032581
0.0288200
0.0071604
-0.0424168
-0.0042678
-0.0063983
0.0157509
0.0057073
0.0085420
-0.0116378
0.0044669
-0.0199758
