0.0046517
0.0521097
-0.0068796
0.0411670
-0.0373188
0.0288468
0.0289505
-0.0394691
-0.0270444
-0.0134519
0.0030058
-0.0210574
0.0258681
0.0344622
0.0301924
-0.0102150
-0.0104685
-0.0074157
-0.0375321
-0.0030354
-0.0437155
-0.0300089
0.0335585
0.0218072
0.0012345
0.0029137
0.0077193
0.0392933
0.0353360
0.0106699
0.0416072
-0.0047996
-0.0081859
-0.0240685
0.0139081
-0.0178337
0.0022646
0.0683720
-0.0190221
0.2034149
-0.1962868
-0.3407622
-0.2285166
-0.0700765
-0.0033747
0.0174760
-0.0465158
0.0120431
0.0114659
0.0020674
