0.0357323
0.0096515
0.0167440
-0.0140827
-0.0415816
0.0366791
0.0407771
0.0251138
-0.0407521
-0.0147795
-0.0302807
-0.0262029
-0.0109504
-0.0212095
0.0224513
0.0251682
0.0211370
-0.0282165
-0.0368804
0.0289900
0.0585681
0.0185630
-0.0171709
-0.1354659
0.0149267
0.0098111
0.0566555
-0.0302113
-0.0368585
-0.0404056
0.0228284
0.0201937
-0.0128317
-0.0100798
0.0142419
0.0151725
-0.0012538
0.0196565
-0.0237341
0.0426457
0.0339194
0.0166681
0.0104110
-0.0164036
0.0333005
-0.0188201
0.0506593
-0.0017592
0.0139057
-0.0025602
