-0.0052386
0.0634959
0.0493433
0.0506122
0.0234338
-0.0686301
0.0325745
-0.0215173
0.0704225
0.0550481
0.0616226
0.0068488
-0.0478228
0.1224102
0.0617593
-0.2371878
-0.0298855
-0.0892265
-0.1155368
-0.0701875
-0.0025091
0.0664406
0.0687099
-0.0037592
-0.0175386
0.0301817
0.0320455
0.0641571
0.0297283
-0.0402415
-0.0700889
-0.0094069
0.0780201
-0.1260723
0.0169938
0.0467167
-0.0064772
0.0507636
0.0116991
-0.0147942
0.0503111
0.0381242
-0.0498645
-0.0144297
0.0316469
0.0965845
-0.0255607
0.0654866
-0.0226780
-0.1221929
