-0.0350584
0.0009200
0.0076506
0.0214418
0.0081890
0.0334069
-0.0344228
-0.0131671
-0.0054724
-0.0013443
-0.0404726
-0.0293577
0.0329569
-0.0013752
-0.0110688
-0.0086301
0.0068512
-0.0039756
0.0458933
0.0255354
-0.0092143
0.0104721
0.0342941
0.0374667
-0.2824578
-0.2536437
0.1503703
-0.1914412
0.0120225
0.0382707
-0.0161158
-0.0139508
-0.0012772
0.0108962
-0.0064419
-0.0009568
0.0266436
0.0164107
0.0216920
-0.0481135
0.0068703
-0.0224083
-0.0270991
0.0347534
0.0111770
-0.0331478
-0.0232579
0.0001276
-0.0436965
0.0047979
