0.0113974
-0.0106915
0.0270280
-0.0048027
-0.0156424
-0.0108971
-0.0192096
0.0015952
-0.0199007
-0.0328970
-0.0321023
0.0405014
-0.0285565
-0.0086111
0.0438509
-0.0334821
-0.0016607
-0.0454426
0.0553311
0.0444691
0.0289854
0.0052531
0.0164033
0.0087543
-0.1597338
-0.0303644
0.0061842
0.0712240
0.0378461
-0.0421040
-0.0608530
0.0253015
0.0356317
-0.0530324
0.0046969
0.0398121
0.0392332
0.0439896
-0.0345944
-0.0164817
-0.0382821
-0.0057781
0.0085229
0.0046678
-0.0127256
-0.0486592
-0.0273909
-0.0449146
-0.0380032
0.0208499
