-0.0159173
-0.0551850
0.0144780
-0.0026009
0.0353979
0.0256656
0.0277711
0.0367999
-0.0576573
-0.0147775
0.0028777
-0.0078399
0.0195146
-0.0337037
0.0412138
-0.0166630
0.0211657
0.0002676
-0.0403539
-0.0325153
-0.0424147
-0.0091607
-0.0220665
0.0198281
-0.0002305
0.0108952
-0.0041620
0.0050024
-0.0217063
-0.0112433
-0.0009156
0.0259436
0.0110675
0.0268930
0.0273698
-0.0211373
0.0424401
-0.0005622
0.0294656
0.0106769
-0.0043261
0.0470904
0.0462248
0.0183100
-0.0095475
-0.0802295
0.2534994
0.0033941
-0.0142395
0.0313550
