-0.0477018
-0.0649057
-0.0342494
-0.0655907
0.0398480
-0.0413906
-0.0414920
0.0603399
0.0075601
0.0312982
-0.0610164
-0.0719269
-0.0014590
0.0327383
-0.0802913
-0.0339946
0.3143454
-0.1743257
-0.3140417
-0.2498731
-0.0072072
0.0232367
0.1182229
0.0633121
-0.0310256
-0.0616450
0.0291177
-0.0365639
0.0625711
-0.0047821
0.0532783
0.0492807
0.0068625
0.0125738
-0.0813738
0.2951330
0.2922865
0.0697262
0.0789856
0.0875687
0.0165224
0.0176600
-0.0445617
-0.0355514
0.0627802
-0.0971540
0.2993494
-0.0427021
0.0719099
0.0251524
