-0.0429850
0.0610554
0.0595881
0.0522010
0.0876879
0.0867765
-0.0551134
-0.1810018
-0.1177528
0.0009181
0.3797078
0.3696247
0.1036934
0.0649580
0.0320531
0.0313002
-0.0050429
0.0244934
0.0848021
0.0501007
0.0061493
0.0386381
-0.0485475
0.0251849
0.0349420
-0.0028479
0.0615707
0.0868720
-0.0255350
-0.0749666
-0.1157128
-0.1661584
0.3644408
-0.0913109
-0.0444826
-0.0560871
0.0267734
-0.0324678
0.0100739
0.0006784
-0.0143548
-0.0963061
0.1008103
0.0904866
-0.1585596
0.0126508
-0.0800762
0.0225437
-0.0836116
0.0186514
