-0.0617085
0.0025332
-0.0029579
0.0033229
0.0028964
0.0480409
0.0726291
0.0635509
0.0212302
-0.0334413
-0.1290347
-0.0999561
-0.1277323
-0.4629208
-0.0864327
0.0871164
-0.0373128
0.0393074
-0.0373524
-0.0628185
0.0289209
0.0449894
-0.0317722
0.0131444
0.0022386
0.0365878
0.0139140
-0.0265807
0.0659787
0.0341120
0.0448351
0.1015272
-0.1142605
0.3711746
0.0465501
0.0062963
-0.0310947
0.0436841
0.0210378
0.0482348
0.0657672
-0.0139554
-0.0539274
0.0006684
0.1146120
-0.3251107
-0.0045984
-0.0361295
0.0275006
-0.1665031
