-0.2719516
-0.0555738
0.0124681
-0.0096532
0.1080112
0.0521761
0.0338624
-0.0170292
-0.0470168
-0.0318508
0.0204756
-0.0646478
-0.0267441
-0.0120822
-0.0169051
-0.0055240
-0.0427168
0.0494525
-0.0553600
0.0060683
-0.0624019
-0.0156405
0.0650441
0.1067359
-0.0747132
-0.0824625
-0.0337120
0.0636952
0.0427874
0.0917511
-0.0035035
-0.0038414
-0.0335836
0.0434263
0.0073283
-0.0205211
-0.0467553
0.0806839
0.0433358
0.0148815
0.0594860
0.0857352
-0.0828726
-0.0463277
-0.0103966
0.0343886
-0.0106138
0.0100608
0.0669283
0.0322392
