0.0206539
-0.0008959
0.0216938
-0.0229098
-0.0064034
-0.0002941
-0.0246988
0.0198075
0.0121979
0.0135675
-0.0153353
0.0142927
0.0086356
0.0219919
0.0510941
0.0354110
0.0626483
0.0080100
-0.1399832
-0.1516965
0.0887423
0.2840548
-0.2292182
0.0229232
-0.0074557
0.0320057
-0.0110885
0.0068906
-0.0222590
0.0042546
0.0011629
-0.0028301
0.0411120
-0.0211226
-0.0028294
-0.0143108
-0.0154892
0.0175164
-0.0121404
-0.0042342
-0.0033953
0.0090340
-0.0305080
-0.0151739
0.0206348
-0.0309106
0.0104826
-0.0168248
-0.0266177
-0.0113686
