-0.0167322
-0.0435557
-0.0355381
-0.0487875
0.0239998
-0.0128538
-0.0164996
-0.0562156
0.0096084
-0.0251740
0.0227383
0.0387109
0.0381146
-0.0451402
-0.0259279
-0.0065484
0.0056615
0.0702265
0.0355161
0.0289166
-0.0150190
-0.0766893
-0.0896312
0.0666556
0.4461184
-0.4347940
-0.0423643
0.0073751
-0.0566258
-0.0150355
-0.0086711
-0.0265479
-0.0061594
0.0473891
0.0154350
0.0106738
0.1128793
-0.0975257
-0.0322375
-0.0717774
0.0652270
0.0427975
-0.0413700
0.0242674
-0.0165720
0.0419520
0.0734469
-0.0159057
-0.2051599
0.0902201
