0.0247006
-0.0111165
-0.0079399
0.0116965
0.0426795
-0.0245361
-0.0121084
-0.0215989
0.0096836
0.0946388
-0.0193284
-0.0745563
-0.0619624
0.0972303
0.0081395
-0.0556246
0.0207806
0.0345305
0.0248733
0.0497511
0.0039441
-0.0082206
-0.0258293
-0.0185055
-0.0078191
0.0021626
0.1268121
-0.0569474
-0.0384950
0.0319755
0.0773469
-0.0426880
0.0983196
-0.0378265
0.0026334
-0.0514601
-0.0367225
-0.0163465
-0.0301262
-0.0047184
-0.0332966
-0.0700917
0.1880243
0.1038553
-0.0323487
0.0110996
-0.0545051
0.0714610
0.0062383
-0.0186680
