0.0333944
0.0111143
0.0352900
-0.0213406
0.0067500
-0.0086868
-0.0488955
0.0126567
0.0139645
0.0084441
0.0198794
0.0273638
0.0039257
0.0368701
0.0137457
0.0124393
0.0120452
0.0201407
0.0055178
0.0125531
0.0251762
0.0251573
0.0080123
-0.0008758
-0.0134227
-0.0002070
-0.0114550
0.0169679
-0.0213509
0.0058400
-0.0207899
-0.0066031
0.0146540
-0.0872236
-0.1727066
0.1171901
0.0095719
0.0561824
0.0401779
-0.0133715
-0.0119331
-0.0119824
0.0029687
0.0379350
-0.0067033
-0.0054574
-0.0239613
0.0427498
0.0274053
0.0195134
