0.0020440
-0.0383075
-0.0058841
0.0057618
-0.0090805
0.0149318
0.0112058
0.0180995
-0.0162573
0.0013106
0.0038450
0.0051796
-0.0177787
-0.0288278
-0.0123878
0.0099680
0.0046739
0.0180697
0.0397816
0.0177745
0.0251889
-0.0002181
-0.1833636
0.0270178
-0.0180120
0.0161411
-0.0039176
0.0155515
-0.0180278
-0.0190711
0.0187317
0.0096359
0.0204407
0.0041798
-0.0129761
-0.0217825
-0.0008176
-0.0082154
-0.0327591
0.0129064
0.0202512
0.0175362
-0.0165618
-0.0167234
-0.0141957
-0.0189084
0.0022606
-0.0163025
-0.0693108
0.0307809
