-0.0958315
-0.0643788
0.0618914
0.2304874
0.1706156
0.0916088
-0.0683025
-0.1896250
-0.0703384
0.0914717
0.0344761
0.0399021
0.0230270
-0.0005221
0.0286178
0.0254221
0.0396573
0.0051307
0.0202036
-0.0108371
-0.0441091
-0.0190629
-0.0749965
0.0160746
0.0090952
0.0535638
-0.0211762
0.1834908
0.0307141
-0.1156278
-0.1631257
-0.0525324
0.0803268
-0.0270716
0.0657982
0.0112574
0.0281357
-0.0144105
-0.0233643
-0.0587294
0.0074393
-0.0853266
-0.0406755
0.2601906
-0.1525238
0.0311365
0.0366072
-0.0081874
0.0815448
0.0539386
