-0.0559792
-0.2159107
-0.1088029
0.0284449
0.0739177
0.3091530
0.3834026
0.4786386
-0.8555106
-0.4208463
0.3682913
0.3695017
0.2508957
0.0121589
0.0889514
0.0780174
-0.1443687
0.0252733
0.0601928
0.0205791
0.0915894
0.0753857
0.0091177
-0.0761915
0.0772570
0.0143665
0.3775171
0.4599162
-0.7351913
-0.9640585
-0.6050792
0.1618681
-0.0343144
-0.0182269
-0.1352894
0.0176260
0.0241978
0.0191359
0.0255058
0.0949633
-0.1265602
0.4482042
-0.8203645
-0.5237971
0.0810516
0.0029272
-0.0866782
-0.0044832
0.5141732
0.0617533
