-0.0430787
0.0602573
-0.0677304
-0.0554518
0.0135299
0.0212817
0.0569683
-0.0461507
-0.0158405
-0.0056971
0.0415613
0.0451504
-0.0156654
0.0148946
0.0329004
-0.0177503
-0.0462505
0.0449616
-0.0244841
-0.0437379
0.0205118
-0.0167701
-0.0045899
0.0788651
0.0145187
0.0076448
0.0487912
-0.0072204
-0.0009830
0.0107975
-0.0082619
0.0291436
-0.0344734
-0.0607519
-0.0176803
0.0608218
-0.0294023
-0.0370240
0.0389048
-0.0650413
-0.0278581
-0.0207258
-0.0679828
-0.0337030
-0.0393146
-0.0758026
0.0280544
0.0521008
0.0259028
0.0230880
