-0.0436078
0.7370644
0.7581807
-0.2861769
-0.5524502
-0.6522395
-0.4904071
-0.1315222
0.1261132
0.1195281
0.0747575
0.0589277
0.0351263
0.1076792
0.0911968
-0.1020045
-0.0431209
0.1090553
0.0075122
-0.1244156
0.0069206
-0.1859610
-0.0509598
-0.0555752
0.2155083
0.1590235
0.8090878
-0.6354950
-0.5311526
-0.3015234
-0.1153129
0.0456094
0.0205134
-0.1386795
-0.0729289
-0.0838192
-0.0391595
-0.0352554
-0.0067370
0.0952803
-0.2882240
-0.0747631
0.4491740
-0.6077341
0.1505582
-0.0338713
-0.0499625
-0.0479749
0.0483539
0.0424213
