0.0501379
0.0068188
-0.0382257
0.0269552
0.0211765
-0.0545647
-0.0128905
0.0105295
-0.0181602
0.0070711
0.0629712
-0.0105295
0.0081684
-0.0119613
-0.0258963
-0.0323305
0.0252587
-0.0607844
0.0218707
0.0434133
-0.0449725
-0.0220042
0.0103068
-0.0997175
-0.0417657
-0.0516570
0.0381358
0.0438606
0.0001472
0.0063435
0.0597642
-0.0553751
-0.0274538
-0.0024920
0.0188622
0.0400955
-0.0505097
0.0387276
0.0548754
-0.0076739
0.0603183
-0.0205252
-0.0625784
-0.0045913
-0.0590303
0.0031125
0.0453088
-0.0047059
-0.0162908
-0.0231849
