-0.0879531
0.2632630
0.2776989
0.1071615
-0.1400946
-0.2975386
-0.2982886
0.0588089
0.0311840
0.0227568
-0.0369561
0.0761809
-0.0303703
0.0428811
-0.0237475
-0.0481112
0.0178333
-0.0344455
-0.0361011
-0.0126516
-0.0166068
0.0356531
0.0057774
-0.0154567
-0.0180784
0.0011731
-0.0464518
0.0490753
-0.0050132
0.0779763
-0.0729292
0.3603440
-0.3762834
0.0257850
0.0593469
-0.0763756
0.0223522
0.0900921
-0.0111636
0.0355275
0.0627225
-0.0168382
0.0081540
-0.0156685
0.0500865
0.0287185
-0.0495815
-0.0160818
-0.0305078
-0.0563615
