-0.0327547
-0.0049278
-0.0497710
-0.0054357
0.0656701
-0.0011373
0.0129754
0.0199822
-0.0341416
0.0046248
-0.0038381
-0.0549083
0.0060814
0.0267659
-0.0704812
-0.0515354
-0.1241118
0.0775545
-0.1638543
-0.1345401
-0.0315131
0.0393142
0.0259520
0.0598620
-0.0551461
-0.0222642
-0.0016797
-0.0448356
-0.0410510
-0.0335458
0.0446116
0.0397729
0.0075287
0.0389154
-0.0217052
0.0365439
0.0398787
0.0332254
0.0089722
0.0308978
-0.0253322
-0.0519071
0.0153495
-0.0012081
0.0276207
0.0583718
-0.0095542
0.0170033
0.0640913
-0.1435196
