-0.0962281
-0.4627653
-0.2663478
-0.0129226
-0.1166735
-0.0720115
0.1034398
0.6338484
-0.0188560
-0.6929385
-0.0895104
-0.0424416
-0.0316825
-0.0574803
-0.0637672
-0.0188363
0.0674587
0.0095198
-0.1146491
-0.0258568
-0.0135834
0.0869491
0.1389816
0.1425141
-0.0214735
-0.0800455
-0.3327117
0.0256287
-0.1512022
-0.0075577
0.1919672
0.9145114
-0.1241794
0.1323156
-0.0862468
0.1300288
0.0076608
0.0456693
0.0871206
0.0781328
0.0950829
0.2414723
-0.4926123
-0.1560806
0.7363099
-0.1173344
0.0911968
-0.1350512
-0.0000569
-0.7681271
