-0.0882741
-0.0064275
0.1026450
0.1313042
0.1853440
0.2415734
0.2047367
-0.4610146
0.1667339
0.0992974
0.0343107
-0.0109359
-0.0457911
0.0440186
-0.0070024
0.0070896
0.0366062
-0.0160440
-0.0092471
-0.0001517
-0.0308108
-0.0076126
-0.0279553
-0.0488794
-0.0405329
0.0381696
-0.0057755
0.0025746
0.0152023
0.0274518
0.0239502
-0.0032806
-0.0485740
0.0866855
0.0458550
0.0716833
-0.1352049
-0.0829220
0.0563722
-0.2235865
-0.3088177
0.0149450
0.2255028
0.3135013
0.2164495
-0.1333475
-0.0984660
-0.0618098
-0.0846776
-0.0225758
