0.0056406
0.0363620
-0.0211263
-0.0030768
0.0404701
-0.0167575
-0.0446090
-0.0165637
0.0355756
-0.0434333
0.0228949
-0.0192549
-0.0048808
0.0197163
0.0392880
-0.0253898
-0.0570443
-0.0608608
0.0374275
0.0751912
0.0344299
0.0658951
-0.1019920
-0.2412694
0.0625014
0.0639185
0.0023984
0.0206708
0.0260293
0.0318144
0.0264827
0.0342453
-0.0159724
0.0204323
0.0004507
0.0478708
0.0217325
-0.0008368
0.0141495
-0.0591406
0.0390134
-0.0144894
-0.0426817
0.0283794
0.0033844
0.0582578
0.0035394
0.0163260
0.0308625
0.0497541
