0.2804379
0.1867274
0.1761528
0.0135744
0.0801424
-0.1655650
0.0369725
-0.0981604
-0.0716150
0.1159271
-0.0184424
-0.1286732
0.0299057
-0.0144737
-0.0515052
-0.0835189
0.0907146
0.0653871
0.1292687
-0.0274370
-0.0672488
-0.1396935
-0.4410834
-0.0250581
-0.0401149
0.3816259
0.1680278
-0.0162459
-0.0360266
-0.1394303
0.0447740
-0.2241661
0.1029207
0.0688068
0.1059773
0.1797862
0.1622480
-0.1077217
0.2640614
0.5500369
0.1842106
0.0409243
-0.2073834
-0.1754122
-0.0590150
-0.0905970
-0.0886548
-0.1826881
0.0689974
-0.0846275
