-0.0115449
0.0091710
-0.0126805
-0.0415134
-0.0026159
-0.0338735
-0.0615136
-0.0319640
0.0234381
0.0228840
-0.0289043
0.0208462
-0.0464517
0.0185808
0.0364430
0.0254847
-0.0145485
0.0307418
-0.0222163
0.0102414
0.0129294
-0.0162055
0.0187646
-0.0261762
-0.0667327
-0.0245694
0.0566125
0.0621476
-0.0331439
-0.0886407
-0.0236353
0.1124509
-0.5243061
0.1434463
0.1248661
-0.0696460
-0.0436420
0.0484032
0.0229513
-0.0110464
-0.0417006
-0.0338286
0.0227399
0.0416279
0.0123885
-0.0181105
0.0328102
-0.0476329
0.0023446
-0.0476536
