-0.1096388
-0.1322948
0.0223573
0.1419828
-0.0623358
0.0358246
0.0539367
-0.0729422
-0.1425533
-0.0638522
-0.0704230
-0.1415166
-0.0307834
-0.1741205
-0.2682293
0.1896988
0.3866756
-0.6286467
-0.7757340
-0.4127711
0.2541240
0.2326338
0.2263345
0.1538193
-0.0029440
-0.0938234
-0.0451071
0.0380763
0.0329080
0.0517232
0.1032155
-0.1475576
0.1207141
0.1643624
0.0210045
0.5583626
0.4908790
-0.0058267
0.0563929
0.0485003
-0.1964880
0.0227270
0.1507978
0.0259688
0.0115524
-0.4511418
0.7665625
0.1424671
0.0436771
0.0614022
