-0.0357303
0.0085846
0.0003417
-0.0018887
-0.0083018
-0.0008137
0.0225305
0.0440861
0.0166192
-0.0413895
0.0456861
0.0139136
0.0457566
-0.0429849
-0.0175717
0.0130037
-0.0047169
0.0311901
0.0026583
-0.0257590
-0.0240902
-0.0401779
0.0323960
-0.0366231
-0.0706463
-0.0228141
-0.0475772
-0.0073541
0.0341990
0.0148286
0.0328229
0.0243755
0.0198298
0.0164205
-0.0140617
0.0084482
0.0033140
0.0468680
0.0002133
0.0239121
-0.0365400
0.0084896
0.0261450
0.0115437
-0.0269047
0.0107127
-0.0344035
0.0085450
0.0496407
0.0046274
