0.1622006
0.6365528
0.8210646
-0.0677224
-0.6146655
-0.9483277
-0.4570368
-0.0117010
0.2844083
0.2222725
-0.1255217
0.0395413
-0.1138898
0.0859672
-0.0295002
-0.0376940
-0.2185477
-0.0354015
-0.1031151
-0.0562340
0.0038024
0.0956726
0.1337934
-0.0061644
-0.1874295
0.0244486
0.1536050
0.2226391
0.3536838
0.1586963
0.0394277
0.0566704
-0.1503158
-0.0478947
-0.1829934
0.0721750
0.0615745
-0.3715994
-0.1062357
0.2138040
0.0822197
0.1636950
-0.1051513
-0.1168993
0.0450323
0.0930285
-0.0495262
0.2018687
0.1203587
0.0063540
