-0.3785481
0.2740647
0.0840632
0.2205083
0.2281190
0.3411617
0.3463541
0.3128730
-0.6346745
-1.4730555
0.8052044
1.1153265
1.2443727
0.3935443
0.5589623
0.1953219
-0.2170450
-0.2442672
-0.3146102
-0.0729599
0.2004965
-0.0042861
-0.2232507
0.0041666
0.1244948
0.1129933
0.3454026
0.6062742
0.3841439
0.1937521
-0.2503547
-0.9152969
1.1136327
-1.7336662
-0.0692818
-0.2445842
-0.0817363
-0.0381925
-0.1721474
0.0291481
-0.0643124
0.1637030
0.4588465
0.2365525
-1.2004767
0.2201400
-0.0629494
-0.1327506
-0.2577749
1.0068442
