-0.0872351
-0.3032012
-0.3166777
-0.0863787
0.1011415
0.2580103
0.1295877
0.0161260
-0.0721341
0.1473677
0.0585487
-0.1759311
-0.1874546
0.2170263
-0.0827201
-1.0488607
1.1410940
-0.4066050
-1.5672492
-1.0965416
-0.0336145
0.0366129
0.4016653
-0.0485133
-0.0193323
-0.0022575
-0.0348923
0.0286379
-0.0221076
0.0014675
-0.0328738
-0.1659238
0.1387103
0.3935499
1.1341653
-2.1624997
-1.8825726
0.1265447
-0.1216513
-0.1360672
-0.0521413
0.0869548
-0.0109991
-0.0372198
0.0761505
0.4442661
0.4043419
-0.2687662
0.0463782
-1.5223258
