0.7068488
-0.7822240
-0.3069836
-0.0829766
0.3317449
0.2153950
0.1500961
0.3170074
-0.0038693
0.0111302
-0.0646454
-0.0492799
0.1757767
0.0090221
0.0634366
-0.0652490
-0.0705514
0.1608322
0.0151900
0.0461230
0.0111690
-0.2100766
0.0371081
0.0380895
0.2599594
0.0019662
-0.6633546
-0.0106577
0.3101107
0.3197852
0.2052975
-0.0493917
0.0146917
-0.0454967
0.0137294
0.0460393
-0.1814962
-0.1540751
0.0705227
0.2113357
-1.3311504
1.5358822
-0.3032235
0.1373860
-0.1523397
0.0688223
0.1373815
-0.0931924
-1.1725276
-0.0656473
