0.1077603
0.0217456
0.2606717
0.1716810
0.1535936
-0.1441177
-0.1423114
-0.0431305
-0.2969427
-0.1214158
-0.0027189
0.1895505
-0.1492922
1.8186786
-0.6066006
-0.0352526
-0.0370526
0.1030922
0.0637794
-0.1882064
0.0730945
-0.1566400
-0.0607217
-0.0607223
-0.0171375
-0.1324890
0.1514777
-0.0066558
-0.1190497
0.0526624
-0.1669333
-0.1007524
-0.0360665
-1.4646553
0.1203624
0.0350468
-0.1144661
-0.0096735
-0.0927882
-0.0590297
-0.0778200
0.2504172
-0.1273028
-0.0668111
0.0633361
-0.3100121
0.1030797
-0.0492799
0.0833283
0.2599594
