-0.0210471
0.0027105
-0.0004907
0.0076052
-0.0265588
-0.0295461
-0.0242992
0.0389347
-0.0071105
0.0120038
-0.0064349
-0.0063989
0.0493708
0.3067293
-0.0416968
0.0128474
0.1219935
-0.0300728
0.0161019
-0.0230316
0.0187927
0.0441170
0.0055265
-0.0271642
-0.0184765
-0.0233083
0.0327936
0.0272063
0.0065890
-0.0270940
0.0184160
-0.0053088
-0.0370742
0.0305683
0.0201253
-0.0093733
0.0097965
0.0112140
-0.0116199
0.0114437
-0.0048825
0.0168858
-0.0054436
0.0283404
0.0163243
0.0244461
0.0018838
0.0248319
-0.0120986
-0.0310003
