0.0319841
0.0373205
-0.0564755
0.0327912
0.0617720
-0.0161164
-0.0350381
-0.0185322
-0.0015529
-0.0201757
0.0119719
0.0225370
0.0041288
0.0259748
-0.0589974
0.0180629
0.0055172
-0.0856915
-0.0384662
-0.0334832
-0.0083505
0.0180178
0.0431734
-0.0599843
-0.2390729
-0.1296007
0.6487356
-0.4405951
0.0361132
-0.0134566
-0.0573865
-0.0079086
0.0139268
0.0208894
-0.0548663
0.0130084
-0.0224780
-0.0129558
-0.0421513
-0.0033673
-0.0455293
0.0038982
0.0550174
-0.0224799
-0.0247817
-0.0314911
-0.0051387
-0.0081237
-0.0719132
0.0415511
