-0.1202464
0.0683074
0.0005169
0.0941429
0.1035591
0.0238769
0.1411378
-0.0971962
0.8205447
-0.0119183
0.0129315
0.0304788
-0.0712626
0.0416085
-0.0164934
0.0237499
-0.0687467
0.0184944
-0.0079384
0.0430997
-0.0092666
0.0316286
-0.0249355
0.0390679
-0.0344783
-0.0693567
-0.0332137
-0.0356852
-0.0131845
-0.0298514
-0.0055809
0.0986759
0.0404457
-0.0307507
-0.0130309
-0.0665540
-0.0145568
0.0182353
0.0138090
-0.0105433
0.0938742
0.0423290
0.1475674
0.0332781
-0.0670025
0.7646323
-0.0731929
-0.0375740
-0.0697496
0.0614730
