-0.0880159
0.0781727
0.1093121
-0.0705797
-0.0035480
0.0491023
0.0373001
0.0269994
0.0014483
-0.0376376
-0.1635151
-0.0506308
0.1055750
-0.1189278
-0.1156605
-0.0796846
-0.0496402
0.0054988
0.0656520
0.0091154
0.0172067
-0.0616081
-0.0564544
0.0272386
-0.0585071
0.0237642
0.0564370
0.0507369
0.0085317
-0.0715820
-0.0557173
-0.0701693
-0.0234860
-0.0498901
0.0491985
0.0574660
-0.0915283
0.0223623
0.0650747
-0.0295710
0.0072839
0.0233937
-0.0474627
-0.1075386
0.0086225
0.0257508
0.0146778
-0.1000267
-0.1005750
0.1620157
