-0.0051083
-0.0315042
-0.0426726
0.0345797
0.0380633
0.2171455
0.2373256
0.3376834
0.0741072
-0.4171191
-0.5261757
-0.0176842
0.4868378
0.1542140
0.2893416
0.0992222
-0.0366140
-0.0651550
-0.1100548
0.0668404
0.1103176
-0.0279114
0.0039581
0.0881049
-0.0485939
0.1267663
-0.0944295
0.1110889
0.2566776
0.3132961
0.3718595
0.0600229
0.0934581
-0.8607296
-0.1125633
0.0666628
-0.0847886
-0.0863271
-0.1324494
-0.1162639
0.0339970
-0.0921797
-0.0299131
0.1532444
-0.0862115
0.1948209
-0.1383436
0.1660790
-0.1990264
1.0458576
