-0.2641153
-0.1166233
-0.0003685
0.0811559
0.1369184
0.1002971
0.1116295
0.0307603
-0.0239670
0.0327183
0.0775183
-0.0270818
-0.0438005
0.0344192
0.0524396
0.0097921
-0.0330651
0.0183101
-0.0168470
-0.0089833
0.0210708
0.0226928
0.0234558
0.0059116
0.0444705
0.0196505
-0.0384741
-0.0158446
-0.0220417
-0.0224889
0.0091259
0.0134892
-0.0571519
0.0542490
0.0813906
-0.0712319
0.4915351
-0.3285385
-0.2287710
0.0870542
-0.0781829
-0.0885891
-0.0306107
-0.1134215
-0.0053966
0.0413990
0.0246920
0.0189093
-0.0159712
0.0316983
