-0.3517024
0.0889502
0.1376738
0.0485158
0.1268401
0.0907312
0.0309289
-0.0304481
-0.0821911
-0.0600894
-0.0540764
0.0278487
0.0377175
-0.0050096
-0.0420119
0.0025249
-0.0152586
0.0080046
0.0335984
0.0372878
0.0131233
0.0467930
0.0460058
-0.0395408
-0.1879105
0.0988963
0.0784374
0.0536845
0.1131237
0.0541487
-0.0222983
-0.0326711
-0.0272801
0.0378537
-0.0148718
0.0092392
0.0117085
0.0538847
-0.0418619
-0.1380165
0.1234475
-0.3571323
0.0993818
0.0881030
-0.0491091
-0.0299648
-0.0155628
0.0190235
-0.1235038
-0.0179323
