0.0059678
0.0292791
-0.0336462
-0.0229947
0.0142014
-0.0210638
0.0082653
0.0064337
-0.0221449
-0.0144591
0.0177642
-0.0052388
-0.0245108
-0.0057440
-0.0189158
-0.0317083
-0.0134850
0.0091899
0.0402947
0.0176913
-0.0173483
-0.0345118
0.0324330
0.0101218
-0.0682087
0.0100589
0.0559461
0.1416099
-0.3745067
0.1544367
0.0613703
-0.0577241
-0.0115334
0.0196750
0.0080018
0.0005821
0.0112766
0.0068364
-0.0024266
0.0056017
-0.0129572
-0.0309474
0.0067723
0.0266924
0.0072720
-0.0295194
0.0212799
0.0064476
-0.0128474
0.0125595
