-0.0136990
0.0749793
0.0959264
0.1312743
0.0415414
0.0811780
-0.0435014
-0.1081563
-0.2027239
-0.0730716
0.3552541
0.3489097
0.2164066
0.0856901
0.0181799
0.0102151
-0.0449614
-0.0093920
-0.0318284
0.0537536
0.0057548
0.0556417
0.0415999
-0.0794996
-0.0650447
0.0584413
-0.1498710
0.2358242
0.4191884
0.2308983
-0.0749224
-0.3813339
0.0814231
-0.0822388
0.0563284
-0.0340204
-0.0441876
0.0444963
0.0470926
0.0095556
0.2286463
0.0056764
-0.0710437
0.0878903
0.0342014
-0.0038366
0.0687020
-0.0648359
0.0501001
0.0438786
