0.0034447
0.0151959
-0.0273532
-0.0164208
-0.0264102
-0.0030615
-0.0062844
0.0306071
0.0124805
-0.0185505
0.0221019
0.0330684
-0.0107790
-0.0294535
-0.0123501
-0.0309011
-0.0228728
0.0277571
0.0194160
-0.0141666
-0.0085094
-0.0137871
0.0080115
-0.1257049
0.0081151
0.0310006
-0.0211039
0.0083100
-0.0085168
0.0193232
0.0149602
-0.0062279
-0.0107994
-0.0256440
-0.0147008
0.0323785
0.0208387
-0.0202514
0.0169872
0.0304443
-0.0264023
-0.0016561
-0.0207104
-0.0414278
-0.0021454
-0.0077614
-0.0034318
0.0110022
0.0320604
0.0181974
