-0.0075720
0.0757539
0.0610696
0.0245087
0.0690623
0.0309945
-0.0234136
-0.0235058
-0.0754943
-0.0043564
0.0786751
0.0687286
-0.0261821
0.0557346
0.0497266
0.0231723
0.0161511
0.0645538
-0.0098144
0.0802103
-0.0217579
-0.0041643
-0.0286778
-0.0385837
0.0335787
0.0590992
0.1048915
-0.2628554
-0.1123139
-0.0028806
0.0411648
0.0187542
-0.0806627
0.0458607
0.0328690
0.0289944
0.0190051
-0.0142003
-0.0234461
-0.0233130
-0.0386995
0.0602191
-0.1281360
-0.1316917
0.0087230
0.0309374
0.0462361
0.0377236
-0.1330207
0.0029100
