0.0042732
0.0270042
-0.0000694
-0.0081499
0.0017636
-0.0011929
-0.0053587
-0.0195846
-0.0116335
0.0173312
0.0016820
0.0122923
0.0047340
0.0092471
-0.0113690
0.0054865
0.0186284
-0.0011069
-0.0033145
0.0057825
0.0011257
-0.0031983
-0.0169346
0.0311454
-0.0091020
-0.0284271
-0.0217191
0.0182010
-0.0166850
-0.0052789
0.0050445
0.0020910
0.0076979
0.0094015
-0.0028892
-0.0043715
0.0051112
0.0160725
0.0093704
0.0204144
-0.0003774
0.0068023
0.0125609
0.0111239
0.0089638
0.0004106
-0.0063909
-0.0240175
-0.0297396
0.0431887
