0.0018963
-0.0037177
-0.0049609
0.0005374
-0.0168810
-0.0368317
-0.0085357
0.0296375
0.0003765
-0.1309983
0.0129398
0.0803980
0.1038446
-0.0382801
-0.0251465
0.0137861
0.0284703
0.0420408
-0.0274249
-0.0028559
-0.0155062
-0.0004522
0.0110761
-0.0209326
0.0090095
0.0173059
0.0036238
0.0113253
-0.0124390
-0.0084896
0.0104873
-0.0035239
0.0006897
-0.0189189
-0.0145695
0.0115169
0.0189681
0.0079196
0.0277293
-0.0190873
-0.0148191
-0.0108627
0.0156379
0.0141424
0.0330929
-0.0390746
-0.0384106
-0.1068374
-0.0882599
0.0990943
