-0.0276053
-0.0284362
-0.0210428
-0.0629249
0.0079020
0.0078849
0.0304456
-0.0037529
-0.0214093
0.0316049
0.0133407
-0.0007200
0.0302215
-0.0367863
0.0127356
0.0042546
-0.0230559
0.0176362
0.0319707
0.0191094
-0.0128848
-0.0054165
-0.0099063
0.0330448
-0.0971505
-0.0839151
-0.0337442
0.0801118
-0.0129706
-0.0493325
0.0503138
-0.0066741
-0.0386354
0.0291365
-0.0084938
0.0193345
-0.0182942
-0.0053278
0.0129796
0.0151716
-0.0367373
0.0049180
-0.0370144
0.0178665
-0.0020659
-0.0022942
0.0042568
-0.0028992
0.0359678
-0.0012654
