-0.0333535
0.0363667
-0.0008194
-0.0245548
-0.0421853
-0.0381423
-0.0199868
0.0101125
0.0117535
-0.0570529
0.0809510
0.1874074
0.1673231
0.0812334
0.1314097
0.0691236
-0.0050167
-0.0565418
0.0178983
-0.0194142
0.0537218
0.0320143
-0.0457900
0.0306789
0.0283256
0.0120545
0.0046377
0.0178316
-0.0157234
-0.0100716
-0.0119705
0.0189442
0.0208597
-0.0454588
-0.0201507
0.0048587
0.0395166
-0.0332544
0.0072382
0.0310494
0.0278216
0.0154181
-0.0002816
-0.0014213
-0.0545546
0.0946592
0.1940406
-0.0110713
-0.0199510
-0.0513302
