-0.0122082
0.0026339
0.0034943
-0.0173931
0.0019171
-0.0146859
0.0175414
0.0149395
0.0096962
0.0106252
0.0129387
0.0157115
-0.0006932
0.0166983
-0.0015455
-0.0067241
-0.0105996
-0.0006397
0.0055235
0.0171921
-0.0225699
-0.0218718
-0.0253620
-0.0303489
0.0194352
0.0015337
0.0211728
-0.0045330
-0.0131787
0.0009834
-0.0132714
-0.0022728
-0.0095271
-0.0172094
-0.0057571
0.0081269
0.0039967
-0.0047795
0.0117652
-0.0263926
-0.0099735
-0.0067018
-0.0054563
0.0032600
0.0096792
0.0070313
0.0104908
0.0218148
-0.0047973
-0.0121193
