0.0006642
-0.0889102
0.0391771
0.0848872
-0.0363005
-0.0941271
-0.0981114
0.0103771
0.1041347
0.0493030
-0.0404778
-0.1205804
-0.1342927
0.2064145
-0.0577927
-0.3995002
0.5559473
-0.7548282
-0.8161139
0.0165125
0.1487421
0.0341057
0.1560716
0.0712704
-0.1164969
-0.0765647
0.0441500
-0.0362664
-0.0213918
-0.0697967
0.0034245
0.0063369
-0.1671360
0.1619767
0.9125200
-0.2637651
-0.1630340
0.1160053
-0.0098717
0.0007104
0.0573442
0.1138167
0.0486051
0.0215258
-0.0049494
0.4873851
0.1052381
0.0744895
-0.0994795
0.0270952
