0.0248082
-0.0193970
0.0175644
0.0043750
0.0073417
0.0339745
-0.0241483
-0.1024425
-0.1290190
0.2098832
0.0194821
0.1969076
0.1373037
-1.1249110
-0.3971185
-0.0058233
-0.1397644
-0.2047317
-0.0892413
0.1066629
-0.0090524
0.1312250
0.0498366
-0.0359076
0.0193879
0.1120762
-0.0968482
0.1049115
0.0125736
-0.0751622
-0.1275507
-0.1327323
0.0633526
1.0242595
0.1073375
-0.1297371
-0.0867905
-0.0109314
0.0576560
-0.0142738
-0.0014247
0.0172203
0.0502295
0.0463431
-0.0155733
-0.0735381
-0.0835754
-0.0256130
-0.0017605
0.1230124
