0.4850326
0.3801396
0.2752326
0.2698395
0.0558021
-0.0008657
0.0171294
-0.0603976
-0.1754022
-0.2064006
-0.1508158
-0.0811087
-0.0501414
-0.0342049
0.0964045
0.0745794
0.1215450
0.0968838
0.0261118
-0.0242953
-0.0232625
-0.0537456
-0.0513138
0.0281137
0.0035797
-0.0489476
-0.0756753
0.0103200
0.0646099
0.0124270
-0.0670170
-0.0517366
-0.0562710
0.0171314
-0.0245032
-0.0210811
0.0466660
0.0854728
0.0354649
-0.0281892
-0.0358139
0.0308481
-0.0907029
-0.0607236
-0.0020205
0.0112935
0.0342603
-0.0424920
-0.0321952
0.0205754
0.0233462
0.0369183
-0.0124431
0.0315496
-0.0643424
0.0105722
0.0219646
-0.0411627
-0.0736224
0.0431593
-0.0566645
0.0144727
-0.0788485
0.0094009
0.0601260
0.0341622
0.0285590
0.0823753
0.0138084
0.0392246
0.1085389
0.0656811
0.0117805
-0.0909087
-0.0228749
-0.0659685
-0.0358720
-0.0531492
-0.0630541
0.0608024
-0.0730864
0.0257143
-0.0168795
-0.0630897
0.0342727
-0.0042511
-0.0062515
-0.0527056
0.0340578
-0.0141830
-0.0167087
0.0711588
0.0303263
-0.0204333
0.0147130
0.0340456
-0.0194527
0.0243971
-0.0085309
0.0375604
0.0471237
-0.0171285
0.0314277
0.0563511
0.0139882
-0.0810292
0.0093054
0.0400633
-0.0044745
-0.0760618
-0.0617456
0.0210107
-0.0346084
-0.0374915
0.0206205
0.0048361
-0.0349929
0.0664499
0.0428141
0.0651494
-0.0144025
0.0730630
-0.0754557
-0.0772910
-0.0441130
-0.0463944
0.0619617
0.0483849
0.0068084
0.0643428
-0.0691829
-0.0861730
0.0761501
0.0421331
0.0767691
0.0485164
-0.0492038
-0.0921609
0.0147617
-0.0684236
-0.0198478
-0.0559701
-0.0264549
-0.0511786
0.0347659
0.0515082
-0.0163879
-0.0064789
-0.0095062
-0.0492799
0.0392153
0.0227091
-0.0327362
-0.0578612
-0.0974870
0.0334719
-0.0214524
-0.0521764
0.0309933
0.0347939
-0.0509067
0.0273605
0.0219490
0.0337904
0.1039511
0.0361984
-0.0006403
-0.0046547
0.0839817
-0.0316272
-0.1168157
-0.0635808
-0.0316495
-0.0236343
-0.0329267
-0.0426243
-0.0185668
-0.1481812
-0.0611256
0.1505397
0.4495221
0.6939118
0.5612553
0.1984004
-0.5459989
-0.8877272
-0.8301105
-0.4669202
0.0159256
0.3125309
0.4726686
0.4095188
0.2299023
0.2268247
0.0502329
-0.0159459
-0.0481706
-0.1087368
-0.1841958
-0.1680625
-0.0380159
-0.1341917
-0.0076352
0.0872596
0.0613966
0.0665036
0.0040309
0.0048918
0.1355531
0.0178761
-0.0596152
-0.0137561
-0.0780962
0.0049268
0.0063296
0.0319954
0.0260475
-0.0425894
-0.0214257
-0.0631540
-0.0561060
0.0065426
0.0301201
-0.0315937
-0.0034803
0.1252816
-0.0332756
-0.0073251
0.0527489
-0.0385000
0.0108270
-0.0392458
0.0255228
-0.0398617
-0.0508458
0.1265822
-0.0133816
0.0097127
0.0417518
0.0352788
0.0014613
-0.0879542
-0.0068853
-0.0737211
0.0022462
0.0810163
0.0490814
0.0428963
0.0355849
0.0689897
-0.0360688
-0.0544238
0.0076809
-0.0704139
-0.0340451
0.0681980
-0.0131108
-0.0408319
-0.0245262
-0.0216840
0.0720774
0.0399664
-0.0708300
-0.0496247
-0.0321553
-0.0439748
0.0434958
-0.0479939
0.0171196
-0.0149402
-0.0240449
-0.0606321
0.0721806
-0.0528849
0.0304923
-0.0888206
0.0733178
0.0023512
0.0609780
0.0729951
-0.0428471
0.0427400
0.0993096
-0.0642026
-0.0865565
-0.0857662
-0.0206431
0.0000245
-0.0270223
-0.0957822
-0.0002914
0.0061410
0.0513566
0.0808458
0.0707221
-0.0320014
-0.0659398
0.0625623
0.0601236
0.0750055
0.0423791
-0.0455680
-0.0771513
-0.0016033
0.0405136
0.0292137
-0.0244446
0.0248630
0.0496842
0.0397693
0.0310502
-0.0592302
-0.0102104
0.1006400
0.0062959
-0.0342544
-0.0206093
0.0264037
0.0188603
-0.0537819
0.0063102
-0.0198655
-0.0017833
0.0134957
0.0843908
0.0317821
-0.0176449
-0.0012620
0.0621371
0.0381742
-0.0859995
-0.0639271
-0.0473656
0.0314316
0.0390217
0.0398166
-0.0899610
-0.0067810
0.0717809
0.0093103
0.0511853
0.0356176
0.0265402
-0.0550155
-0.0053767
-0.0483870
0.0495050
-0.0619380
-0.0376215
-0.0787990
-0.0885263
0.0413981
0.0632278
-0.0725094
0.0048415
-0.0064017
-0.0220305
0.1189937
0.1030384
0.0519521
0.0909833
-0.0301056
0.0390373
0.0175034
-0.1379008
-0.1608252
-0.0284187
0.0285441
0.0365898
0.0204276
0.0229031
-0.1459843
-0.0526735
0.0563479
0.2304115
0.5287094
0.6228485
0.4476641
-0.0989456
-0.7091264
-0.8997534
-0.6381647
-0.1462450
0.2871955
0.3881964
0.3624076
0.2718735
0.1930081
0.1641928
0.0497718
-0.0658829
-0.0285326
-0.1245105
-0.2182463
-0.1057172
-0.0412604
-0.0780954
-0.0819124
0.0376446
0.1178879
0.1296394
0.0521275
-0.0066808
0.0408117
0.0507057
-0.0808188
-0.0337038
-0.0955290
-0.0571617
-0.0094227
-0.1033459
-0.0700608
0.0829546
0.0369726
-0.0323094
0.0853513
0.0379419
-0.0707680
-0.0191826
0.0751735
0.0092643
0.0389991
0.0764787
0.0732663
0.0707564
0.0132141
0.0104487
-0.0784551
0.0145517
0.0258057
0.0523807
0.0114488
0.0845687
0.0150000
-0.0176217
0.0069191
0.0599048
-0.0772356
0.0010199
-0.0031028
-0.0580841
-0.0602890
0.0232439
0.0390918
0.0449509
0.0627909
0.0712643
-0.0452124
-0.0139680
-0.0508524
0.0280318
0.0506559
0.0102599
0.0062784
0.0600133
0.0149332
-0.0222624
-0.0238933
0.0150271
-0.0243587
-0.0927950
-0.0288867
-0.0952025
-0.0140867
-0.0508367
-0.0621292
0.0172444
-0.0393087
0.0334058
0.0910208
-0.0126428
-0.0299918
0.0748751
0.0835448
0.0056949
-0.0821167
-0.0417137
0.0230496
-0.0350836
-0.0102640
0.0816908
0.0692694
0.0585254
-0.0967540
-0.0454604
0.0373830
-0.0147679
0.0492709
0.0655926
-0.0366551
0.0942482
0.0796706
0.0313082
0.0188066
-0.0794242
0.0298220
0.0558743
-0.0292719
-0.0901223
-0.0294361
