0.6336244
0.6877906
0.3602547
-0.2915434
-0.7479254
-0.8813078
-0.6523634
-0.0603023
0.2513853
0.3914872
0.4327576
0.3219812
0.2486428
0.2349813
0.1091659
0.0143409
-0.0819498
-0.1153045
-0.1266733
-0.1357400
-0.0406729
-0.0388439
-0.0654271
-0.0865201
0.0440587
0.1022805
0.1288027
0.1031603
0.1086466
0.0443169
-0.0307468
0.0862022
0.0245486
-0.0384104
0.0305954
-0.0713541
-0.0827435
-0.0048139
-0.0936421
-0.1015171
0.0084746
-0.0700111
0.0009825
0.0325147
-0.0050491
0.0443169
0.0293109
0.0611613
-0.0205006
-0.0316349
-0.0253276
-0.0329052
0.0289606
-0.0802663
0.0178010
0.0523742
0.0178219
0.1020038
-0.0253055
-0.0363549
-0.0641092
-0.0358492
0.0601019
-0.0717143
0.0099621
-0.0506867
0.0088439
0.0404962
-0.0395428
-0.0435897
-0.0673927
0.0192008
0.0475017
0.0475158
0.0175636
-0.0982254
-0.0855736
-0.0899514
-0.0849465
-0.0542588
-0.0813729
-0.0141186
-0.0569560
-0.0180967
0.0597536
-0.0543413
-0.0220158
-0.0308304
-0.0226254
0.0591518
-0.0375926
-0.0356126
-0.0664212
-0.0408634
-0.0280022
-0.0438060
-0.0754942
0.0014667
-0.0400204
-0.0361745
0.0527129
-0.1134101
-0.0402519
0.0708158
0.0398304
-0.0236118
0.0274903
0.0084937
-0.0352133
0.0818327
-0.0253825
-0.0315780
0.1014572
-0.0885065
-0.0370085
0.0225491
-0.0847197
0.0709928
-0.0382368
-0.0918571
0.0468068
-0.0497557
0.0144034
0.0866504
0.0437519
0.0597519
0.1031820
0.0102854
-0.0699756
0.0756867
-0.0225499
-0.0197214
0.0869861
-0.0185578
0.0326902
0.0193270
-0.0982746
0.0370734
0.0202818
-0.0167715
0.0200671
-0.0806182
0.0140163
0.0422279
-0.0457186
0.0053481
-0.0290367
-0.0238283
0.0187604
0.0752731
-0.0122561
-0.0440528
0.0305498
0.0568905
0.0252236
-0.0749462
-0.0359704
0.0150979
0.0676942
-0.0227401
-0.0085349
0.0955748
0.0967709
0.0459755
-0.0537112
-0.0574797
-0.0618274
-0.0191638
0.0861448
-0.0575847
-0.0661215
0.0193338
-0.0751720
0.0297945
0.0420666
0.0285976
0.0588297
0.0112304
-0.0479347
0.0233205
0.0895927
0.0059878
0.0419893
0.0864340
0.0965148
0.0707865
0.0062698
-0.0179597
-0.1374852
-0.0555063
-0.0459626
-0.0024250
0.0281776
-0.1176014
-0.1089036
-0.1321434
-0.1676124
-0.0332112
0.3442465
0.6359034
0.7067365
0.4602353
-0.0855788
-0.6763013
-0.8616141
-0.5810274
-0.2046336
0.1864473
0.3866244
0.3433539
0.2777785
0.2095690
0.1856605
0.0835796
0.0057727
-0.1224892
-0.1033038
-0.1164815
-0.1083284
-0.0259686
-0.0918740
-0.0672045
-0.0046789
0.0596078
0.0732781
-0.0156443
0.0445044
0.1138805
0.0134216
-0.0286626
0.0003040
-0.0319154
-0.0809248
-0.0185340
-0.0135530
0.0154606
0.0356758
-0.1104979
-0.0933889
-0.0545410
0.0169266
0.0403315
-0.0171033
-0.0870349
0.0131156
0.1213084
0.0630089
0.0076513
0.0485548
0.0500097
-0.0341752
-0.0366403
-0.0040122
0.0594384
-0.0050468
-0.0726877
0.0353283
0.0848973
0.0947241
0.0180125
-0.0752839
-0.0125607
0.1021143
0.0249731
-0.0527915
0.0949482
0.0044762
-0.0219668
0.0265387
-0.0259792
-0.0794020
-0.0663178
0.0077892
0.0173234
-0.1086052
-0.0516778
0.0559669
0.0312495
0.0263467
-0.0426248
0.0076225
-0.0543917
0.0360061
-0.0140719
-0.1141391
-0.0145427
0.0389119
0.1084024
0.0353933
-0.0602429
-0.0141625
0.0169198
-0.0059116
-0.0817633
0.0165842
0.0775051
-0.0198069
0.0429955
0.0125378
0.0064820
0.1212021
0.0034740
-0.0760967
-0.0265781
0.0145134
0.0326578
0.0103509
0.0143116
-0.0366596
0.0613596
0.0340849
-0.0273941
-0.0691501
-0.0549269
0.0476829
-0.0364754
0.0029068
0.0393531
-0.0317858
-0.0055476
-0.0576948
0.0609544
0.0911217
-0.0537957
-0.0317712
-0.0839614
0.0016033
-0.0263868
-0.0591806
0.0785690
0.0719589
0.0210171
-0.0683563
0.0531934
0.0067413
-0.0003172
-0.0717136
-0.0176234
0.0368083
-0.0539971
0.0044195
0.0292145
0.0319947
-0.0135371
-0.0230731
0.0704887
0.0324792
0.0762322
0.0757611
0.0295285
0.0349602
0.0289723
0.0390023
0.0932486
0.0051333
-0.0688355
-0.0470158
-0.0834954
-0.0659785
0.0102732
0.0507312
0.0420382
0.0973812
-0.0583799
-0.0096631
-0.0145212
0.0151048
-0.0074933
-0.1273185
0.0434414
0.0115061
-0.0695838
0.0596143
0.0673703
-0.0196468
0.0396150
-0.0079550
0.0234975
0.1094098
0.1109187
0.0095377
0.0091447
0.0063814
-0.0506295
-0.0969839
-0.1306255
-0.0207942
-0.0639970
0.0228757
0.0677893
0.0115294
-0.1415488
-0.1633018
-0.0579268
0.1056477
0.4199745
0.7082361
0.7116091
0.3064800
-0.2206241
-0.7206033
-0.9331536
-0.5516442
-0.0402548
0.2234685
0.3739752
0.3249112
0.2520022
0.2147261
0.0248418
-0.0253810
-0.1038644
-0.1755198
-0.1023731
-0.1572315
-0.0824937
-0.1589425
-0.0301042
0.0529642
-0.0113455
0.0940928
0.1241112
0.0330287
0.0095473
0.1170806
0.0514459
-0.0325970
-0.0141249
-0.0745529
0.0417360
-0.0247116
-0.0662679
-0.1095193
-0.0484058
0.0758637
0.0190484
0.0786186
-0.0025552
-0.0391618
0.0918049
0.0010073
-0.0111372
0.0370335
0.0236938
-0.0647068
-0.0028711
0.0746187
-0.0232368
0.0240842
0.0438175
0.0059414
0.0988016
0.0281617
-0.0581722
-0.0085093
-0.0785656
-0.0977470
0.0440256
-0.0385515
-0.0120314
0.0796721
0.0871421
0.0401275
-0.0940204
-0.0177280
0.0705358
-0.0036003
0.0135687
-0.0235341
-0.1064439
0.0363421
-0.0369713
-0.1070419
0.0563717
-0.0292828
0.0127438
0.1027391
0.0350109
-0.0177388
-0.0539756
0.0502569
0.0068591
0.0057418
0.0575383
0.0648388
0.0311085
-0.0022005
-0.0548411
-0.0449384
-0.0675741
-0.0363071
0.0581832
0.0603637
0.0506529
-0.0468858
-0.0522649
-0.0174927
-0.0178169
0.0568617
0.0445602
