0.6348339
0.7132555
0.2466899
-0.3155808
-0.8129820
-0.8056455
-0.5375321
-0.0630806
0.4034020
0.4351888
0.4573033
0.3524839
0.2547798
0.0971374
0.0434176
-0.0420807
-0.1174709
-0.1011105
-0.0425415
-0.1414406
-0.0934692
-0.0036656
-0.0435831
0.0836819
0.0325809
0.0242961
0.1152398
-0.0139464
0.0017802
-0.0034999
0.0212624
0.0731063
-0.0436849
-0.1113202
0.0451128
-0.0525959
-0.1213339
-0.0341488
0.0068310
-0.0176277
-0.0545211
-0.0142781
-0.0272623
-0.0008248
-0.0393936
-0.0267534
0.0876927
0.0369104
0.0723204
0.0359284
-0.0346396
-0.0371836
-0.1092008
-0.0014900
0.0115778
-0.0622192
0.0180241
-0.0241768
-0.0003053
0.0466280
0.0282933
0.0354101
-0.0250896
0.0317433
-0.0644171
-0.1118694
0.0272343
-0.0168968
-0.0759317
0.0352240
0.0767468
0.0280261
-0.0429879
-0.0864697
-0.0005997
0.0154862
-0.0926910
-0.0602126
-0.0220676
-0.0629605
0.0245022
-0.0099270
-0.0706636
-0.0158367
-0.0583231
-0.0640295
-0.0245928
0.0216942
-0.0024000
-0.1174879
-0.0509458
0.0265985
-0.0352744
-0.0030548
0.0518728
-0.0110726
-0.0117364
-0.0486952
-0.0826928
0.0650484
0.0696425
0.0724198
0.0551220
0.0528785
0.0753254
-0.0714702
-0.0644082
-0.0273340
-0.0695832
-0.0476846
-0.0169714
-0.0346120
-0.0553160
-0.0325266
0.0474050
0.0392939
0.0920372
0.0308720
-0.0084821
0.0214270
0.0234209
-0.0159418
-0.0411179
0.0419755
-0.0534584
-0.0211962
0.0047261
-0.0616128
-0.0456585
0.0079850
0.0009822
-0.0909941
-0.0185256
-0.0301195
-0.0654918
0.0429511
0.0745257
-0.0073581
-0.0169004
0.0810525
0.0853708
0.0452050
-0.0780844
-0.0057610
0.0331779
-0.0125075
-0.0406037
-0.0247819
0.0531657
0.0706871
0.0041553
-0.0538228
-0.0008478
-0.0234226
-0.0746682
0.0123438
0.0685713
0.0577524
-0.0105063
0.0307114
-0.0187010
-0.0527881
0.0880723
-0.0082649
-0.0308860
0.0619357
-0.0089090
-0.0095061
0.0318581
-0.0410987
-0.0801128
0.0669702
0.0280877
-0.0368483
0.0873076
-0.0226554
-0.0026741
-0.0173774
0.0840245
0.1346385
-0.0284997
0.0080070
-0.0575138
-0.0378761
0.0424013
-0.0462750
-0.0341065
-0.0926011
-0.1409254
-0.0898122
0.0343875
0.0547747
-0.0633692
-0.0545673
-0.0187476
0.0080183
0.1189757
0.4716793
0.6705782
0.4938512
-0.0900645
-0.7071301
-0.8352875
-0.6466713
-0.1578243
0.2800112
0.4585180
0.3866213
0.2994344
0.1426850
0.1337825
-0.0502689
-0.0908406
-0.1469194
-0.1882043
-0.1739853
-0.1507150
-0.0460545
-0.0529001
-0.0092536
-0.0277631
0.0931406
0.0940679
0.1482923
0.0382208
-0.0462380
0.0389135
0.0591464
-0.0018961
0.0772257
-0.0679222
-0.0430587
0.0212115
-0.0880923
0.0612001
-0.0263637
-0.0552401
0.0422377
0.0501116
-0.0086290
0.0159886
0.0935871
0.0629209
0.0696166
0.0211786
-0.0173856
0.0683382
-0.0287814
0.0171825
-0.0027099
-0.0629474
0.0241822
-0.0260862
0.0797627
-0.0783834
-0.0209649
0.0890624
-0.0528948
-0.0089268
-0.0671231
-0.0268412
0.0827855
-0.0474369
-0.0340812
0.0755593
0.0192408
0.0620808
0.0689652
-0.0356842
0.0616227
0.0420647
0.0384772
-0.0198788
0.0148291
0.0130800
0.0385419
-0.0092328
0.0019539
-0.0001718
0.0386986
0.0692866
-0.0395879
0.0239886
-0.0203103
-0.0855278
-0.0787571
0.0186554
0.0651135
-0.0618063
0.0119307
-0.0479663
-0.0628631
0.0071990
0.0388150
0.0406196
0.0614855
0.0362913
0.0027235
0.0857701
0.0670555
0.0335675
-0.0408548
-0.0032359
0.0624348
0.0901976
0.0125207
-0.0028832
-0.0627756
-0.0692559
-0.0446197
-0.0087122
0.0721354
0.0040269
0.0108868
0.0280297
-0.0152548
0.0125061
0.0403366
0.0604056
-0.0740447
-0.0811526
-0.0005504
0.0476761
0.0506338
-0.0586245
0.0016354
0.0759063
0.0238175
0.0326959
0.0887683
0.0548569
-0.0908919
-0.0552373
0.0060385
-0.0685073
-0.0254184
0.0557513
0.0432084
0.0900459
-0.0312671
0.0093444
0.0294274
-0.0293584
0.0041951
-0.0700275
0.0054252
0.0939149
0.0501750
-0.0683971
-0.0570792
0.0761120
-0.0340781
-0.0213055
0.0360904
0.0094802
-0.0371091
0.0580989
0.0131583
-0.0610886
-0.0515610
0.0759479
0.0558189
-0.0448605
0.0764710
-0.0673368
-0.0523533
-0.0558744
-0.0813653
-0.0675270
-0.0900448
0.0063275
-0.0807498
-0.0468872
0.1095252
-0.0238492
0.0199675
0.0635784
0.0181171
0.0639567
0.0093069
0.0852447
0.0864816
-0.0096760
0.0053836
-0.0347664
-0.0682640
-0.0384042
-0.0223370
-0.0072504
0.0858151
-0.0443430
-0.0534076
-0.0339500
-0.1759471
-0.0645810
0.0064317
0.2817877
0.6197582
0.5707655
0.2674722
-0.3050344
-0.8771677
-0.9154476
-0.6281638
-0.0617380
0.3272009
0.4151419
0.4090718
0.2328431
0.1498461
0.0568688
-0.0543958
-0.1282208
-0.2069101
-0.1451518
-0.1361555
-0.1982213
-0.1643564
-0.0341607
0.0524874
0.0958332
0.0590094
0.1362542
0.1173320
0.0784311
0.1138074
0.0369236
0.0460724
-0.0709272
-0.0545850
0.0484215
-0.0677238
-0.0658809
0.0642621
-0.0712009
-0.0637535
0.0433495
0.0690378
-0.0404533
0.0262205
0.0492294
-0.0336744
0.0537398
-0.0004717
0.0175329
-0.0445459
-0.0855917
-0.0677198
0.0522383
-0.0021942
-0.1029420
-0.0090532
0.0499452
-0.0688422
-0.0016656
0.0368520
-0.0339337
-0.0784890
-0.0594803
0.0817484
0.0228141
0.0031627
0.0747410
0.0892554
-0.0524622
0.0226083
-0.0219961
0.0025702
-0.0207416
-0.1058608
-0.0530807
-0.0432641
0.0059434
-0.0602163
-0.0647111
-0.0106826
-0.0669137
-0.0047176
0.0706409
0.0739049
-0.0170344
0.0289507
0.0042936
0.0305400
0.0064784
-0.0474032
-0.0640155
0.0294873
-0.0441076
-0.0274281
0.0541450
-0.0801969
0.0059719
-0.0805517
0.0788686
0.0424083
-0.0419902
0.0344760
0.0572808
0.0421917
