0.2766985
0.0667309
-0.2267356
-0.2948938
-0.2857501
-0.2041196
-0.1039337
0.0795307
0.0509246
0.0617939
0.2182850
0.2321331
0.1866824
0.0639114
-0.0851754
-0.1010805
-0.0100170
-0.0143450
0.0246736
0.0386670
-0.0076979
-0.0926818
-0.0284527
0.0228423
0.0781456
-0.0488166
-0.0259956
0.0827621
0.0614150
0.0796727
-0.0392490
-0.0618018
-0.0778363
-0.0268535
-0.0706743
-0.0570792
-0.1071039
0.0349763
-0.0474496
-0.0122361
0.0769987
0.0320866
-0.0271350
-0.0140798
0.0614515
-0.0055986
0.0539873
-0.0181561
0.0084544
-0.0268597
-0.0336717
0.0781299
0.0379946
0.0322962
-0.0593831
-0.0373431
0.0248238
0.0008895
-0.0035763
0.0812297
-0.0195355
0.0282789
-0.0590736
-0.0518554
-0.0364866
0.0195616
-0.0427149
0.0603474
-0.0252102
-0.0853244
-0.0289184
0.0405584
0.0265740
0.0444894
-0.0051280
0.0559627
0.0280037
-0.0414689
-0.0674818
-0.0063283
-0.0163622
-0.0900491
0.0552509
0.0330168
-0.0177612
0.0321154
-0.0271286
-0.1018705
-0.0273782
-0.0026891
-0.0191829
-0.0308103
-0.0855019
-0.0849206
-0.0309639
0.0738233
-0.0275750
0.0446182
0.0293442
-0.0012437
0.0148462
-0.0631801
0.0344122
-0.0525021
0.0508743
-0.0472500
-0.0267491
-0.0538245
-0.1116378
-0.0758517
-0.0870884
-0.0557897
0.0865123
0.0079183
0.0991678
-0.0042087
-0.0793741
0.0254430
0.0860858
-0.0256325
-0.0604508
-0.0390631
0.0062703
0.0589659
-0.0796899
-0.0210653
0.0763492
-0.0590756
0.0230724
0.0771327
0.0688176
0.1223470
0.0608349
0.0857323
0.0284464
0.0411648
-0.0043145
0.0342947
-0.0049663
-0.1058311
-0.0401575
-0.0422680
-0.0360670
0.0149724
-0.0734776
-0.0853452
0.0302836
0.1244691
0.1256310
0.1900070
0.2508744
0.0955908
-0.0466881
-0.1370301
-0.2474066
-0.3571580
-0.1700190
0.0386137
0.1468996
0.1850576
0.2678450
0.2133113
0.0867046
0.0417457
0.0513034
-0.0814823
-0.1582471
-0.0405699
-0.0619877
0.0160239
-0.0199984
-0.0774016
-0.0257552
-0.0432280
0.0074552
0.1078643
0.0056656
0.0581472
0.0863227
0.0816577
0.0350688
-0.0078270
0.0259356
-0.0762401
-0.0208505
0.0473848
-0.0280991
-0.0457670
-0.0272115
-0.0731032
-0.0867218
-0.0283339
-0.0793073
-0.0054392
-0.0257937
-0.0579515
-0.0589001
-0.0180896
0.0414961
-0.0095452
0.0327053
-0.0311462
-0.0666581
-0.0526772
-0.0518612
-0.0175793
-0.0661281
0.0430986
0.0829248
0.0615606
0.0415601
-0.1006019
-0.0472483
-0.0081235
-0.0441254
-0.0453287
-0.0274009
0.0248684
-0.0325384
-0.0552312
0.0535549
0.0463765
0.0386178
0.0259757
0.0426999
0.0407216
0.0031611
0.0146427
-0.0283607
-0.0581857
0.0060722
-0.0560323
-0.0028285
0.0894453
-0.0125874
-0.0569189
0.0365954
-0.0162645
0.0272259
-0.0476092
-0.0391565
0.0106014
-0.1125308
-0.0235702
-0.0324165
-0.0147658
0.0263977
-0.0330049
-0.0588789
-0.0189787
-0.0201336
0.0294938
0.0652539
-0.0455179
-0.0246533
0.0324717
0.0322031
-0.0185616
-0.0023604
0.0619146
0.0927687
0.0744774
0.0002019
0.0005855
0.0382527
-0.0607887
-0.0142539
0.0807172
-0.0886629
-0.0008939
-0.0000538
0.0374856
0.0008505
-0.0329629
0.0267728
-0.0716649
0.0316537
0.0445431
-0.0864626
0.0338847
0.0549440
-0.0133325
0.1232086
-0.0163476
-0.0242005
0.0024782
-0.0828523
0.0375162
-0.0238231
0.0506635
0.0323498
0.0725166
-0.0534320
-0.1126535
0.0262543
-0.0524265
-0.0122899
0.1825164
0.2268048
0.1924660
0.0648475
-0.1019996
-0.2220076
-0.1893235
-0.1536861
-0.0522644
0.0468371
-0.0350175
0.0993929
0.2004503
0.2221326
0.1138166
0.0314663
-0.0721089
-0.1211758
-0.0338468
-0.0630381
-0.1540944
-0.0343498
-0.0094526
-0.0068590
0.0502963
-0.0417997
-0.0005912
0.0664526
0.0792085
0.0731138
0.0824820
0.0207556
0.0495732
-0.0993301
-0.0104316
0.0538779
-0.0357957
-0.0930289
0.0649850
0.0745784
-0.0418853
0.0444586
-0.0120612
0.0244076
0.0495714
0.0482623
0.0179829
-0.0143864
0.0224435
-0.0150289
0.0260251
0.0927909
-0.0088063
-0.0772877
-0.0625678
-0.0956487
0.0066444
0.0446992
-0.0569140
0.0243338
0.0377430
0.0599462
0.0072397
-0.0352818
0.0570518
-0.0183720
0.0367786
0.0437988
0.0193155
-0.0182955
-0.0828200
-0.0857699
-0.0564190
0.0817418
0.0291634
0.0569778
-0.0152159
0.0676867
0.0833327
0.0273395
-0.0747628
0.0766590
-0.0149566
0.0393483
0.0860728
0.0261034
-0.0910084
-0.0215689
-0.0546943
-0.0524830
-0.0101513
-0.0141320
-0.0159041
0.0241270
-0.0208365
-0.0980627
0.0449824
0.0734016
0.0725910
0.0027787
0.0460775
0.0403555
-0.0580020
0.1078540
0.0246767
-0.0371071
-0.0333160
-0.0146609
0.0570105
-0.0746505
-0.0475491
0.0230170
0.0372198
0.0926293
-0.0145541
0.0162004
-0.0013769
0.0638256
-0.0713946
-0.0655714
0.0313065
0.0415857
0.0159088
-0.0950819
0.0587951
-0.0736676
0.0390458
-0.0096751
-0.0016588
-0.0148184
0.0630217
0.0518301
-0.0491556
0.0206109
0.0497066
0.0570858
0.0217536
-0.0184738
-0.0711450
-0.0511781
-0.0927920
-0.0215899
0.0651816
0.0963042
0.0021734
-0.0621191
-0.0635670
-0.1169438
-0.0071409
0.0756230
0.2384442
0.1679041
0.0892436
-0.0252367
-0.2264348
-0.2615737
-0.1779426
-0.0552853
-0.0831746
-0.0168285
0.0332015
0.0660578
0.1458624
0.1182131
0.1213884
0.0346735
-0.0313567
-0.0427693
-0.0886472
-0.0929433
-0.1401330
-0.0309322
-0.0169226
0.0154265
0.0635185
0.1060016
0.0199529
0.0086360
0.0559761
0.0235143
0.0614357
0.0157799
0.0201727
-0.1130050
0.0591999
-0.0124783
-0.0490877
0.0811617
0.0465289
0.0488091
0.0002645
-0.0388560
-0.0708500
0.0229049
-0.0131321
-0.0052018
-0.0475569
-0.0282837
0.0069588
0.0572425
-0.0589111
-0.0337053
-0.0322504
