0.1227024
0.0727881
0.0039047
-0.0353934
-0.0291567
-0.0412071
-0.0323773
-0.0102809
-0.0006966
0.0189669
0.0143998
0.0185941
0.0064965
0.0184360
-0.0018699
-0.0095031
-0.0061159
0.0066528
-0.0023246
0.0083347
-0.0081326
-0.0057277
-0.0155237
-0.0015408
-0.0007742
0.0051593
0.0034376
0.0000320
0.0057188
0.0067185
-0.0105215
-0.0005710
0.0069732
-0.0029983
-0.0121194
0.0033077
-0.0022023
0.0035934
-0.0075033
0.0017700
0.0164410
-0.0063820
-0.0115058
-0.0071996
-0.0022533
-0.0059393
0.0049572
0.0034701
0.0135247
0.0044520
-0.0081235
-0.0059118
0.0007533
-0.0024038
-0.0062694
-0.0220119
-0.0074550
0.0024421
0.0050898
0.0004896
0.0151513
0.0011481
0.0000091
0.0039296
-0.0253890
-0.0071000
0.0219437
0.0528743
0.0377652
-0.0500794
-0.1095685
-0.1042111
0.0005972
0.1035056
0.1055754
0.0449016
0.0000683
-0.0262524
-0.0378437
-0.0345175
-0.0252582
-0.0107812
-0.0081286
0.0054429
0.0157862
0.0158394
0.0120571
0.0021621
0.0073484
0.0039750
-0.0106938
-0.0020197
-0.0203024
-0.0097740
0.0067625
-0.0015396
-0.0036493
0.0062485
0.0164990
0.0130324
0.0009271
0.0002126
0.0007740
0.0094744
0.0052154
-0.0021417
-0.0051174
-0.0052108
-0.0079808
0.0139424
-0.0059839
0.0076480
0.0033099
0.0027253
-0.0051092
-0.0050841
-0.0086626
-0.0012678
0.0000638
0.0139404
0.0040544
-0.0085239
-0.0002204
0.0100829
-0.0012288
0.0095592
0.0074742
-0.0023611
-0.0015232
0.0017688
-0.0167306
0.0104703
0.0039686
0.0046242
0.0066576
0.0071185
0.0048985
-0.0024931
-0.0109939
-0.0002570
0.0304795
0.0526602
0.0332791
-0.0495231
-0.1187248
-0.0826917
0.0259567
0.1048394
0.1031142
0.0446131
-0.0105832
-0.0302172
-0.0445319
-0.0456429
-0.0209547
-0.0080747
0.0019577
0.0031280
0.0023591
0.0119450
0.0242266
0.0065246
0.0056032
0.0058471
-0.0152541
-0.0160959
-0.0096251
-0.0109899
-0.0073777
-0.0088351
0.0033295
0.0110379
0.0111214
-0.0046221
-0.0010038
-0.0111307
0.0043542
-0.0044615
0.0040891
0.0066677
-0.0018943
0.0068392
0.0100712
0.0069828
-0.0092406
0.0063144
0.0009121
0.0044744
0.0167217
-0.0052078
-0.0152362
-0.0069493
0.0027414
0.0058813
0.0141696
-0.0033861
0.0033835
0.0037718
-0.0057069
0.0103290
-0.0028575
-0.0060589
-0.0073988
-0.0136362
-0.0072349
0.0075028
0.0122443
0.0108272
0.0069134
0.0033820
-0.0082566
-0.0107946
-0.0049621
0.0015636
0.0364915
0.0524600
0.0261265
-0.0354014
-0.1065030
-0.0953148
0.0189052
0.0984304
0.0962126
0.0493923
-0.0037196
-0.0171421
-0.0252119
-0.0374470
-0.0346446
-0.0168500
-0.0029569
-0.0033190
0.0159940
0.0213317
0.0206469
0.0072666
-0.0022725
0.0053817
0.0067436
-0.0040255
-0.0019018
-0.0126656
-0.0218364
0.0011600
0.0064390
-0.0055419
0.0068435
0.0110407
0.0098970
0.0021918
0.0055315
-0.0043885
-0.0149856
0.0011566
-0.0125798
-0.0085917
0.0096785
-0.0061978
-0.0033866
0.0046050
-0.0077822
-0.0001146
-0.0063580
-0.0042666
0.0001852
-0.0060215
-0.0088582
-0.0019254
0.0005819
0.0024463
0.0130313
0.0095371
0.0048434
-0.0068889
-0.0020985
-0.0126273
-0.0111198
-0.0072101
0.0029923
0.0148406
0.0066286
0.0137316
0.0039315
-0.0009907
0.0142549
-0.0040961
-0.0179706
-0.0045833
0.0054320
0.0340332
0.0384593
0.0021358
-0.0778066
-0.0856810
-0.0203691
0.0619283
0.0875436
0.0552015
0.0108748
-0.0103097
-0.0305451
-0.0452507
-0.0374958
-0.0092631
0.0146564
0.0164628
0.0073769
0.0253240
0.0093960
0.0117847
0.0041698
-0.0096195
0.0054968
-0.0055524
-0.0109533
-0.0057222
-0.0188855
-0.0081543
0.0100583
0.0053939
0.0094823
-0.0043058
-0.0124977
-0.0028009
-0.0002264
-0.0068051
0.0019383
-0.0057897
-0.0007745
-0.0036914
-0.0040241
-0.0061791
0.0024128
0.0045057
-0.0022734
-0.0135391
-0.0076040
0.0093495
-0.0064818
-0.0067936
-0.0114928
0.0011212
0.0141283
-0.0026182
-0.0121259
-0.0017919
0.0200875
0.0024520
-0.0091933
-0.0079251
-0.0065609
-0.0102336
-0.0033037
-0.0086268
0.0194496
0.0120365
0.0108398
0.0020329
-0.0124694
-0.0046877
-0.0181339
-0.0150702
0.0011478
0.0256098
0.0526696
0.0146260
-0.0661063
-0.0998906
-0.0588159
0.0385547
0.1091606
0.0800866
0.0160926
-0.0214991
-0.0367410
-0.0419235
-0.0246114
-0.0176185
-0.0089775
-0.0017377
0.0014087
0.0087216
0.0002137
0.0022415
-0.0009743
0.0068845
0.0000961
-0.0028700
-0.0130562
0.0000020
-0.0030447
-0.0084871
0.0010153
0.0052396
0.0102357
0.0104896
-0.0042291
0.0053295
0.0155367
0.0068788
0.0037946
-0.0113728
-0.0006826
-0.0111646
-0.0071860
0.0121154
0.0172852
-0.0042704
0.0033239
-0.0056477
0.0052266
-0.0046328
-0.0089380
-0.0002430
0.0077995
0.0041606
-0.0017688
0.0071918
0.0032220
0.0078271
0.0009938
0.0056538
-0.0022379
-0.0062073
0.0006252
0.0016144
-0.0033323
-0.0115900
-0.0080165
-0.0061395
0.0032495
0.0173226
-0.0005966
0.0034645
0.0001850
-0.0087316
0.0020953
0.0092503
0.0284888
0.0372037
-0.0166663
-0.0857678
-0.0887413
-0.0001639
0.0877410
0.1193568
0.0604775
-0.0086620
-0.0302694
-0.0380493
-0.0228613
-0.0407471
-0.0081259
-0.0044312
0.0140274
0.0157769
0.0082229
0.0244121
0.0148969
0.0009436
-0.0121833
-0.0090766
-0.0074308
-0.0001753
-0.0071881
-0.0122935
-0.0093756
-0.0045664
0.0009928
0.0017422
-0.0067298
-0.0017527
0.0066487
0.0163500
0.0088896
0.0012329
-0.0026828
0.0098264
-0.0100309
-0.0032081
0.0039246
-0.0093584
-0.0054251
0.0075920
0.0103440
-0.0030451
0.0042186
-0.0003051
0.0003160
-0.0004764
-0.0025823
0.0045923
0.0014868
0.0167688
-0.0037427
-0.0023694
0.0093706
0.0012465
-0.0113576
-0.0180882
