0.0969569
0.0736099
0.0359617
-0.0045245
-0.0271204
-0.0328693
-0.0336653
-0.0111940
-0.0059086
-0.0070590
-0.0062125
0.0131265
0.0246498
0.0238192
0.0092746
-0.0032630
-0.0114217
-0.0068589
-0.0158561
0.0004669
-0.0131846
0.0024622
0.0076962
0.0078511
0.0061090
-0.0044742
-0.0120955
-0.0023709
0.0082674
0.0084522
-0.0054738
0.0002718
-0.0134048
-0.0001034
-0.0022274
-0.0041504
-0.0042445
0.0044942
0.0104358
-0.0026351
0.0107588
-0.0083867
-0.0110730
-0.0024451
-0.0103757
-0.0079587
0.0056377
0.0013653
0.0001259
0.0101482
0.0031000
0.0073577
0.0007059
0.0031815
0.0003858
0.0017536
-0.0115511
-0.0084986
0.0097075
0.0011734
-0.0079129
-0.0021941
0.0026460
0.0018793
-0.0058754
-0.0159946
-0.0050391
-0.0142752
0.0188530
0.0486532
0.0433544
-0.0330172
-0.0906757
-0.0543167
0.0251809
0.0830902
0.0646083
0.0207082
0.0003531
-0.0104686
-0.0377969
-0.0285127
-0.0247006
0.0042017
0.0086942
0.0019891
0.0230752
0.0146135
0.0060662
-0.0031248
-0.0122613
-0.0011849
-0.0109171
-0.0064737
0.0040959
-0.0076833
0.0030082
-0.0002506
-0.0058029
0.0023419
0.0098818
0.0028458
-0.0160465
0.0018885
0.0133295
0.0074877
-0.0088157
-0.0126977
0.0004684
0.0082711
0.0003845
-0.0020870
-0.0066561
0.0016025
-0.0010818
0.0028736
-0.0086020
0.0092093
-0.0093132
0.0064957
0.0024910
-0.0068736
-0.0177781
-0.0044416
0.0023285
-0.0064528
0.0021428
-0.0059277
0.0047105
-0.0038790
-0.0188971
-0.0120461
-0.0117190
-0.0030007
0.0100238
0.0214363
0.0006776
-0.0114776
0.0039181
0.0032280
0.0136071
-0.0007065
0.0102894
0.0138897
0.0283402
0.0004274
-0.0581215
-0.0819610
-0.0308795
0.0634479
0.1039455
0.0417312
-0.0201022
-0.0343475
-0.0218438
-0.0187299
-0.0226508
-0.0206849
0.0027313
0.0108304
0.0172287
0.0065109
0.0092505
0.0139178
-0.0067750
0.0042042
0.0100222
-0.0062424
-0.0060046
-0.0011241
-0.0115646
-0.0128132
0.0099889
0.0035104
0.0024858
0.0104552
0.0124356
-0.0041548
-0.0130637
-0.0001804
0.0051291
0.0049610
-0.0036561
-0.0000882
-0.0033835
-0.0012065
-0.0031559
-0.0040457
0.0031442
0.0041499
-0.0142365
-0.0149697
0.0021103
0.0067333
-0.0018128
-0.0044407
0.0112350
-0.0053854
0.0028589
0.0028987
-0.0052630
-0.0002457
-0.0030886
-0.0155015
-0.0031570
-0.0097972
0.0052101
-0.0101652
-0.0079254
-0.0022016
0.0150489
0.0150528
0.0058579
0.0157873
-0.0066081
0.0003545
-0.0024678
0.0043052
0.0196061
0.0091263
-0.0371349
-0.0785397
-0.0497419
0.0266486
0.0909629
0.0810454
0.0283545
-0.0259928
-0.0471601
-0.0400072
-0.0325314
-0.0227851
0.0075206
0.0134387
0.0069029
0.0098069
0.0145010
0.0175888
0.0023961
-0.0178354
-0.0172684
-0.0049552
-0.0059876
-0.0017540
-0.0094421
-0.0042291
-0.0059053
0.0137319
0.0029560
0.0073183
-0.0003449
-0.0054564
-0.0019271
0.0035370
0.0011570
-0.0027250
0.0009968
0.0094827
-0.0049842
-0.0125621
0.0025317
0.0121347
0.0075743
0.0119808
-0.0034612
-0.0113708
-0.0107192
-0.0069326
0.0049710
-0.0124090
0.0090610
-0.0046928
0.0076858
0.0092758
-0.0019943
-0.0069796
-0.0043878
-0.0091045
-0.0008947
-0.0001717
-0.0123000
-0.0198726
0.0007532
0.0097397
0.0005303
-0.0037716
0.0050888
-0.0036440
0.0016418
-0.0001406
-0.0051974
0.0088355
0.0169699
0.0313915
-0.0109394
-0.0684031
-0.0792015
0.0009256
0.0794824
0.0988999
0.0400109
-0.0005077
-0.0075830
-0.0375203
-0.0495681
-0.0332818
-0.0031945
0.0143167
0.0279831
0.0266662
0.0045679
0.0041766
-0.0039888
-0.0073241
0.0042080
-0.0068526
-0.0032684
-0.0111384
-0.0213284
-0.0078213
0.0035683
0.0077492
0.0041200
-0.0086909
-0.0043279
0.0053212
-0.0035753
-0.0002146
0.0039278
-0.0040947
-0.0056574
-0.0005581
0.0016603
-0.0020930
-0.0019379
-0.0011973
0.0079404
0.0174467
0.0116256
0.0081252
0.0018196
-0.0083473
-0.0049911
-0.0072570
-0.0034785
0.0023317
0.0112863
0.0080532
0.0047217
-0.0004677
-0.0009183
0.0036904
0.0002580
-0.0014815
0.0110648
-0.0065021
-0.0019226
-0.0084018
0.0076473
-0.0000675
0.0023199
0.0143964
-0.0023064
0.0027905
0.0032161
-0.0145882
-0.0002878
0.0182991
0.0026734
-0.0467078
-0.0855210
-0.0542867
0.0468540
0.1112448
0.0772427
0.0121687
-0.0310654
-0.0323727
-0.0225898
-0.0276784
-0.0000768
-0.0031493
0.0107342
0.0159256
0.0180903
0.0093913
-0.0034762
0.0009923
-0.0073268
-0.0010295
-0.0082015
-0.0163573
-0.0064478
-0.0050715
0.0168470
0.0038073
0.0089945
0.0035238
-0.0100140
-0.0003455
0.0062563
0.0051407
0.0153815
0.0016056
-0.0013350
-0.0066359
0.0061353
-0.0163880
-0.0142375
0.0046794
0.0067048
0.0271515
-0.0010971
-0.0085000
-0.0105144
-0.0043719
0.0035979
-0.0023573
-0.0064824
0.0214592
0.0101256
-0.0074616
-0.0128022
-0.0020081
0.0207726
0.0095926
-0.0083966
-0.0024739
-0.0086060
-0.0081757
-0.0079215
-0.0093706
-0.0007095
0.0028501
0.0127984
0.0092296
0.0126109
0.0004077
0.0039786
-0.0077067
0.0023089
0.0256103
0.0421026
0.0171240
-0.0509323
-0.0944116
-0.0386491
0.0505473
0.0779079
0.0616813
0.0099675
-0.0178301
-0.0269715
-0.0370408
-0.0342439
-0.0201019
-0.0052748
-0.0030271
0.0025240
0.0166862
0.0147605
-0.0028850
-0.0017394
0.0059235
-0.0016098
-0.0108462
-0.0230659
-0.0164340
-0.0039823
-0.0037292
0.0001545
-0.0026007
0.0022674
0.0058355
-0.0081798
0.0047707
0.0055957
0.0071522
0.0108422
-0.0039825
0.0129797
-0.0031765
-0.0103702
-0.0070501
0.0157111
0.0119184
0.0088222
0.0012351
0.0031736
0.0060246
0.0142071
-0.0002922
-0.0082818
-0.0051821
-0.0141134
0.0054345
-0.0057763
0.0014779
0.0027211
0.0073944
