0.1044413
0.0908403
0.0705938
0.0389951
0.0229586
0.0231665
0.0133074
-0.0015198
-0.0111174
-0.0357311
-0.0239996
-0.0128737
-0.0328013
-0.0265339
-0.0296146
-0.0060204
0.0097562
-0.0051422
0.0197996
0.0227320
0.0181683
0.0287243
0.0175008
0.0118735
0.0137168
0.0047794
-0.0024777
-0.0075747
-0.0078196
-0.0056541
-0.0175309
-0.0235252
-0.0116783
0.0123153
0.0076323
-0.0169105
-0.0019717
0.0034552
-0.0135817
-0.0007325
0.0035132
-0.0046535
0.0105982
-0.0004308
-0.0200162
-0.0113167
0.0045757
0.0143038
0.0041696
0.0086926
0.0026042
-0.0198653
0.0013354
0.0128694
-0.0048945
0.0066799
0.0083548
0.0021726
0.0157288
0.0005580
0.0000508
0.0188876
0.0108757
-0.0043299
-0.0193870
-0.0056845
0.0225435
0.0013222
-0.0098676
0.0137073
-0.0039855
-0.0141967
0.0032702
-0.0045201
-0.0106607
-0.0025704
0.0021242
0.0126344
0.0191720
0.0102860
0.0004032
-0.0098144
-0.0126288
0.0034629
0.0225453
0.0203448
0.0125745
0.0140224
0.0113304
0.0143856
0.0061369
-0.0054164
0.0062865
0.0013734
-0.0109121
0.0030624
0.0109520
0.0174679
0.0208594
-0.0006740
-0.0011998
-0.0094321
-0.0181964
0.0038126
-0.0084005
-0.0156961
0.0016718
0.0063086
-0.0080064
-0.0102222
0.0079077
-0.0090236
-0.0050820
0.0114807
-0.0078589
0.0035668
0.0151150
-0.0057369
-0.0058088
0.0107510
0.0033034
-0.0180710
-0.0147338
0.0071305
0.0027111
-0.0049975
-0.0012408
-0.0169622
-0.0126787
0.0000837
-0.0049607
-0.0093439
-0.0094364
-0.0013883
-0.0115773
-0.0234228
-0.0118530
0.0006179
0.0158833
0.0211392
-0.0021042
-0.0126589
-0.0075095
-0.0040304
0.0056156
0.0004918
0.0050470
0.0082129
-0.0121833
-0.0095780
-0.0066818
-0.0229316
-0.0139831
0.0047974
0.0080943
0.0043957
-0.0044440
0.0076628
0.0141210
-0.0073081
0.0019028
0.0245599
0.0092482
-0.0048651
0.0027212
-0.0115483
-0.0234146
0.0027397
0.0133862
-0.0039358
-0.0054829
0.0032991
-0.0018671
-0.0095377
0.0014378
0.0153369
0.0175692
0.0089019
-0.0006466
0.0160867
0.0371788
0.0347896
0.0230569
0.0197276
0.0089800
-0.0249463
-0.0301373
-0.0253614
-0.0442133
-0.0445495
-0.0346607
-0.0207348
-0.0051968
0.0285965
0.0643277
0.0667909
0.0900863
0.1046655
0.0896059
0.0811039
0.0357701
-0.0740732
-0.1855053
-0.2030336
-0.1558879
-0.0859248
0.0238778
0.0956448
0.0940359
0.0820972
0.0705426
0.0513598
0.0399799
0.0306474
0.0178113
-0.0044141
-0.0370447
-0.0466807
-0.0373340
-0.0326110
-0.0094329
-0.0066195
-0.0242839
-0.0149735
-0.0108956
0.0016618
0.0063455
0.0084903
0.0257744
0.0217206
0.0299264
0.0250388
0.0037769
0.0064021
0.0020359
-0.0094974
-0.0102703
-0.0060826
-0.0094463
-0.0240857
-0.0199492
-0.0023948
-0.0088177
-0.0005926
0.0110510
-0.0071541
0.0026511
0.0175472
-0.0038523
-0.0059055
0.0110019
-0.0037094
-0.0134370
0.0095230
0.0103985
-0.0177726
-0.0118564
0.0154183
0.0162125
0.0127453
-0.0000516
-0.0152100
-0.0137464
-0.0222321
-0.0197679
-0.0003573
0.0012145
-0.0074103
0.0073560
0.0162463
-0.0074727
0.0025962
0.0154004
0.0046764
0.0074518
-0.0061273
-0.0113179
-0.0165737
-0.0049337
0.0084042
-0.0055695
0.0138574
-0.0059985
-0.0111372
0.0148824
-0.0105023
-0.0082380
-0.0055455
-0.0033661
0.0149731
0.0210235
0.0119734
-0.0135275
0.0002904
0.0047619
-0.0054352
-0.0007816
-0.0103174
0.0044954
0.0011025
-0.0217814
-0.0113268
0.0042949
0.0067223
-0.0073162
-0.0109581
-0.0022325
-0.0002430
0.0006446
0.0008596
0.0054937
0.0104887
0.0197209
0.0214415
0.0028822
-0.0093696
-0.0102605
-0.0047064
-0.0015384
-0.0119475
0.0016450
0.0254376
0.0013565
-0.0036581
0.0173562
-0.0002685
0.0006916
0.0181040
0.0081176
0.0005944
0.0071114
-0.0027706
-0.0203928
-0.0096996
-0.0043113
-0.0027227
0.0091103
0.0087009
0.0122363
0.0014469
-0.0108135
0.0037077
0.0055283
-0.0057244
-0.0077925
-0.0092707
-0.0064773
-0.0101898
-0.0137082
-0.0032801
-0.0074617
0.0055932
0.0062032
-0.0174061
0.0051134
0.0063526
-0.0183917
0.0046937
0.0087025
-0.0084236
0.0063443
-0.0007010
-0.0001812
0.0185478
0.0063055
0.0089446
0.0169781
-0.0032352
-0.0115931
-0.0081834
-0.0165342
-0.0076203
0.0146743
0.0127731
-0.0038955
-0.0020193
-0.0010884
-0.0171420
-0.0165505
-0.0092445
-0.0011689
0.0077377
0.0085594
0.0208453
0.0249435
0.0113959
0.0137279
0.0146774
0.0151677
0.0295186
0.0068684
-0.0157558
-0.0114854
-0.0162367
-0.0228314
-0.0477060
-0.0649271
-0.0666794
-0.0610961
-0.0268305
-0.0005759
0.0187223
0.0580656
0.0917019
0.0874697
0.0960353
0.1215897
0.0686067
-0.0058591
-0.0842488
-0.1792827
-0.1820563
-0.1294403
-0.0713263
0.0053046
0.0595292
0.0797584
0.0773711
0.0560709
0.0388591
0.0314237
0.0197721
-0.0053410
-0.0324137
-0.0288017
-0.0282798
-0.0269076
-0.0128255
-0.0222768
-0.0300915
-0.0335893
-0.0170226
0.0110187
0.0070063
0.0146427
0.0278179
0.0062889
0.0103888
0.0307835
0.0185983
0.0118005
0.0042244
0.0059941
0.0069851
-0.0067355
-0.0013173
-0.0083684
-0.0115234
0.0075073
0.0008572
-0.0062094
-0.0035778
-0.0178477
0.0014307
0.0087869
0.0034636
0.0271741
0.0046635
-0.0067807
0.0025370
-0.0119113
-0.0038942
-0.0015863
-0.0118029
0.0029261
0.0044194
-0.0194674
-0.0148503
0.0115374
0.0128486
-0.0080705
0.0012202
0.0203813
0.0099495
0.0048390
0.0022941
0.0025541
0.0155531
0.0107043
-0.0100580
-0.0140868
0.0048671
0.0190889
0.0096615
-0.0001608
0.0035463
-0.0047776
-0.0158809
-0.0052918
0.0005132
-0.0218049
-0.0295514
-0.0000877
0.0054375
-0.0071168
0.0050717
0.0082847
-0.0108878
-0.0205174
-0.0010661
