0.1007105
0.0990355
0.0801200
0.0445415
0.0370072
0.0324765
0.0147435
0.0022395
-0.0301916
-0.0425629
-0.0373158
-0.0378141
-0.0098308
-0.0009277
-0.0265704
-0.0076520
0.0098745
-0.0116356
-0.0088411
0.0145566
0.0287029
0.0169827
0.0039614
0.0106276
0.0091646
0.0010702
0.0064984
0.0150693
-0.0013647
-0.0157942
-0.0175601
-0.0248873
-0.0040061
0.0122768
-0.0061522
-0.0072347
-0.0023031
-0.0129856
-0.0129804
-0.0166919
-0.0025371
0.0192573
0.0059227
0.0073642
0.0002854
-0.0020981
0.0128640
-0.0028590
-0.0071714
-0.0062430
-0.0034978
-0.0140928
-0.0213110
0.0031817
-0.0063759
-0.0074924
0.0087308
-0.0110465
-0.0120945
0.0058790
0.0024028
0.0130934
0.0190155
0.0025893
-0.0033462
0.0002597
0.0147968
0.0074294
0.0082401
0.0130982
-0.0153451
0.0010937
0.0190065
-0.0045734
0.0024292
0.0121498
-0.0073451
-0.0023605
0.0164295
0.0087245
0.0046706
0.0165555
0.0103034
-0.0140482
-0.0199550
-0.0051391
-0.0002155
0.0035068
0.0120839
0.0027283
0.0014731
0.0015307
-0.0130399
0.0036603
0.0150654
-0.0134746
-0.0049071
0.0016092
-0.0168421
0.0067093
0.0057829
0.0002243
0.0181372
0.0145822
0.0069554
-0.0041018
0.0029893
0.0025481
-0.0125647
-0.0074685
-0.0027678
0.0019522
0.0039385
0.0015408
-0.0115099
-0.0106436
0.0098923
-0.0048306
-0.0021183
0.0046775
-0.0179185
-0.0114168
0.0093491
0.0227525
-0.0044850
-0.0162977
0.0036429
-0.0125033
-0.0064490
0.0074654
0.0075445
0.0112306
-0.0091669
-0.0121536
0.0090468
-0.0019537
-0.0156251
-0.0190457
-0.0183026
0.0047206
0.0058306
0.0149469
0.0244435
0.0062772
0.0100803
0.0078832
0.0058580
0.0117680
-0.0032890
-0.0135583
-0.0177812
-0.0234653
-0.0084001
-0.0010071
0.0081563
0.0206538
0.0023204
0.0105430
0.0129445
-0.0120978
-0.0136975
-0.0079679
0.0081005
0.0097469
-0.0134454
-0.0064445
0.0018526
-0.0214325
-0.0237358
-0.0142305
0.0022879
-0.0000847
-0.0194647
-0.0054673
-0.0076887
0.0174309
0.0351532
0.0211360
0.0326575
0.0069998
0.0016396
-0.0022974
-0.0082362
0.0084360
-0.0252524
-0.0376349
-0.0424472
-0.0497497
-0.0418908
-0.0502612
-0.0327554
-0.0157233
0.0015253
0.0395671
0.0797804
0.1055919
0.0993981
0.0943552
0.0763943
0.0222764
-0.0439097
-0.1176786
-0.1692604
-0.1659559
-0.1168124
-0.0334947
0.0514043
0.0865203
0.0823285
0.0783508
0.0737276
0.0468221
0.0152172
-0.0009925
-0.0179544
-0.0197313
-0.0206341
-0.0384382
-0.0297946
-0.0130254
-0.0238933
-0.0295954
-0.0262235
-0.0158163
0.0066927
0.0030059
-0.0062047
-0.0003183
-0.0026763
-0.0017107
0.0117549
0.0235734
0.0057916
-0.0132015
-0.0052106
0.0063555
-0.0004076
-0.0263443
-0.0074303
0.0059145
-0.0215360
-0.0153310
-0.0168112
-0.0084201
0.0109391
0.0053777
0.0040985
-0.0033530
0.0017110
0.0073495
0.0050547
0.0065622
-0.0020015
0.0052573
0.0226146
0.0244199
0.0108917
-0.0076245
-0.0125860
-0.0067147
-0.0008058
0.0070476
0.0229936
0.0279996
0.0133901
0.0004931
-0.0159528
-0.0105757
0.0096792
0.0067544
0.0047270
-0.0013708
0.0025528
0.0065205
-0.0044080
-0.0029664
-0.0069173
0.0053421
0.0187726
0.0089841
0.0075258
-0.0040239
-0.0215692
-0.0158546
0.0040782
-0.0004502
-0.0123069
-0.0010187
-0.0026541
0.0085950
0.0159061
0.0017627
0.0038547
-0.0124328
-0.0104187
0.0081776
-0.0091985
-0.0192690
-0.0140495
-0.0133079
-0.0007955
0.0236150
0.0194227
-0.0043162
-0.0077943
-0.0111948
-0.0164785
-0.0097934
-0.0113985
-0.0153807
-0.0070706
0.0002390
0.0071876
0.0160094
0.0105543
-0.0025066
-0.0027670
0.0017258
0.0013924
-0.0118220
-0.0065398
0.0125144
-0.0080726
0.0031468
0.0145660
-0.0144739
0.0007743
0.0126523
0.0131456
0.0227896
0.0068152
-0.0083884
-0.0135814
-0.0180259
-0.0079624
-0.0036334
-0.0037968
0.0095542
0.0031396
-0.0110917
-0.0038844
0.0107273
0.0036581
-0.0087881
0.0079575
0.0185174
0.0131558
-0.0016928
-0.0074311
0.0107718
0.0010636
-0.0112849
0.0053182
0.0068894
0.0045594
0.0087778
-0.0108247
-0.0248894
-0.0132663
-0.0102582
-0.0109007
0.0018027
0.0090498
-0.0037923
0.0033093
0.0057911
-0.0141905
-0.0009863
-0.0046465
-0.0063714
0.0218199
0.0103713
0.0039414
0.0213145
0.0093634
-0.0063517
-0.0010361
-0.0081875
-0.0170627
-0.0074101
-0.0131443
-0.0239201
-0.0079316
0.0023509
0.0032460
0.0223357
0.0191754
0.0164977
0.0416968
0.0404716
0.0277908
0.0092192
-0.0177555
-0.0281779
-0.0343562
-0.0296887
-0.0197976
-0.0335614
-0.0580770
-0.0633108
-0.0598732
-0.0429487
0.0111399
0.0547724
0.0802806
0.1013141
0.0993104
0.1055808
0.0945175
0.0405424
-0.0333275
-0.1270866
-0.1837018
-0.1618835
-0.1097425
-0.0341193
0.0484781
0.0783768
0.0778098
0.0694971
0.0520240
0.0427144
0.0407127
0.0301150
0.0101020
-0.0048457
-0.0317496
-0.0470850
-0.0340483
-0.0345407
-0.0344363
-0.0263818
-0.0167556
0.0027788
0.0095727
0.0182259
0.0363315
0.0123376
-0.0007111
0.0114750
-0.0037365
0.0058467
0.0070374
0.0068961
0.0156388
-0.0075304
-0.0170534
-0.0314378
-0.0201686
0.0086434
0.0095451
0.0084875
-0.0026173
0.0010950
-0.0048433
-0.0036048
0.0165720
-0.0011395
-0.0026179
0.0070311
-0.0012635
0.0006389
-0.0063107
-0.0122500
0.0001586
-0.0005224
-0.0017616
-0.0056087
-0.0151513
0.0040849
0.0111642
0.0097405
0.0093459
-0.0015462
0.0149032
0.0197103
-0.0037601
0.0001893
0.0066758
-0.0041123
0.0026312
0.0087800
0.0080546
-0.0008690
-0.0058903
0.0057265
-0.0055684
-0.0221447
-0.0236303
-0.0090449
0.0046300
0.0051397
0.0189056
0.0117095
-0.0040335
-0.0051989
-0.0031427
-0.0016625
-0.0210328
-0.0108266
