0.1577070
0.1640281
0.0831625
-0.1216203
-0.2151336
-0.1731904
-0.0321344
0.0275238
0.0740460
0.0847053
0.0603245
0.0568947
0.0143665
-0.0398714
-0.0331035
-0.0304751
-0.0358948
-0.0122692
-0.0189885
0.0165129
-0.0059861
0.0185128
0.0319366
0.0410607
0.0288342
-0.0070796
-0.0018678
0.0089049
-0.0102381
-0.0046096
-0.0144681
-0.0056056
-0.0204458
-0.0130632
-0.0080209
0.0261340
0.0073195
-0.0090696
0.0203096
0.0289230
-0.0079650
-0.0218549
-0.0019418
0.0080871
0.0064629
-0.0112020
-0.0039714
0.0099232
-0.0145639
0.0074035
0.0054757
-0.0008778
-0.0251185
-0.0131095
-0.0042305
0.0138958
0.0096099
0.0013330
0.0173876
-0.0027205
0.0121623
0.0121018
0.0102237
0.0045450
-0.0148473
-0.0069894
-0.0047060
-0.0006842
-0.0140492
-0.0079997
0.0299492
0.0044122
0.0039623
0.0085044
-0.0002798
-0.0151624
-0.0109387
-0.0138317
0.0052381
0.0206891
0.0332715
0.0006969
0.0128978
0.0237875
0.0147560
0.0107245
0.0163796
-0.0027990
-0.0262144
-0.0050285
-0.0227863
-0.0333739
-0.0004920
0.0174695
0.0514341
0.0509414
0.0437516
-0.0057624
-0.0102480
-0.0265589
-0.0693012
-0.0308699
-0.0321246
-0.0153128
0.0122738
0.0424120
0.0368631
0.0384396
0.0248953
-0.0048157
0.0091670
-0.0382347
-0.0067332
-0.0068550
-0.0068595
-0.0179106
-0.0240680
0.0204123
0.0057015
0.0009371
0.0091730
0.0019290
0.0211354
-0.0152156
0.0117793
-0.0137461
0.0056708
0.0223216
0.0069784
-0.0121391
-0.0174500
0.0159197
-0.0102657
0.0000922
-0.0182015
-0.0001064
0.0092527
0.0004639
-0.0111328
-0.0026119
0.0026215
-0.0066956
-0.0126688
0.0202296
-0.0199111
-0.0198974
0.0226942
-0.0082411
-0.0145015
-0.0119644
0.0277105
0.0067910
-0.0048293
-0.0065382
0.0123703
0.0132652
-0.0043980
-0.0285925
-0.0199637
0.0054456
-0.0139037
0.0142907
-0.0016812
0.0068890
0.0135551
0.0266253
0.0125869
0.0003302
-0.0025821
0.0038382
-0.0354554
-0.0182095
-0.0142195
-0.0082967
-0.0254687
0.0018609
0.0328253
0.0532609
0.0434642
0.0211464
0.0083802
-0.0599161
-0.0328940
-0.0274508
-0.0046452
0.0060898
-0.0231766
-0.0199244
-0.0109598
-0.0095533
-0.0399379
-0.0436975
0.0116003
0.1393878
0.1738754
0.0761144
-0.1143995
-0.2146406
-0.1552718
-0.0406364
0.0476050
0.0649377
0.0967245
0.0714440
0.0578164
0.0062464
-0.0196049
-0.0342215
-0.0403056
-0.0141418
-0.0069324
-0.0137282
-0.0306412
-0.0029713
0.0154742
0.0194887
0.0053931
0.0223768
0.0305615
-0.0033797
-0.0313295
-0.0162392
0.0028598
-0.0050043
-0.0160026
-0.0283480
-0.0020650
0.0269441
-0.0061359
0.0120862
-0.0081454
0.0046087
0.0013656
0.0021901
0.0126457
0.0176265
-0.0018071
-0.0062441
0.0014715
-0.0114473
-0.0134657
-0.0175143
0.0171317
-0.0010550
0.0143138
0.0058884
-0.0275889
0.0006131
0.0169947
0.0080811
0.0018863
0.0108019
0.0054790
-0.0210873
-0.0007640
-0.0084504
-0.0148756
-0.0027610
0.0330951
0.0083144
-0.0081613
-0.0155876
-0.0188417
0.0230679
-0.0070236
0.0121152
-0.0097641
-0.0167066
0.0191597
-0.0171611
0.0045528
-0.0050562
-0.0004209
0.0122243
0.0195738
-0.0050677
0.0112154
0.0073629
-0.0259197
-0.0070569
-0.0080973
-0.0150701
0.0207700
0.0101324
0.0140128
0.0032911
0.0060102
-0.0047366
0.0000565
0.0140322
-0.0160407
0.0025456
-0.0089967
-0.0181628
-0.0031747
-0.0029524
-0.0083358
-0.0056008
-0.0274638
-0.0032609
0.0070232
0.0028548
-0.0166167
-0.0085742
0.0191500
0.0102623
-0.0181224
-0.0238720
-0.0073278
-0.0009150
0.0277357
-0.0031821
-0.0098615
-0.0211573
0.0045064
-0.0149056
-0.0051966
-0.0093395
-0.0091682
-0.0098178
-0.0160172
0.0065418
0.0121865
0.0193541
0.0005467
-0.0154184
-0.0057620
0.0117147
0.0294297
0.0129568
-0.0153021
-0.0017800
0.0218794
0.0119358
-0.0072202
0.0130931
-0.0127047
-0.0108822
0.0089650
0.0040000
0.0172230
0.0165031
-0.0180539
-0.0127177
0.0208970
0.0019163
0.0237891
-0.0111388
-0.0069407
-0.0314153
0.0016063
-0.0116690
-0.0223686
-0.0138983
-0.0203958
0.0154097
-0.0145141
0.0124118
0.0287744
0.0263593
0.0180047
-0.0117152
0.0277803
-0.0127951
-0.0159257
-0.0329228
-0.0299963
-0.0020844
-0.0016543
-0.0198341
0.0077022
0.0494227
0.0355625
0.0281088
-0.0023915
-0.0361961
-0.0591557
-0.0204662
0.0040996
-0.0100395
0.0073557
-0.0103664
0.0121544
-0.0035165
-0.0174491
-0.0526239
-0.0091620
0.1386237
0.1986586
0.0992215
-0.0780099
-0.2193360
-0.1790297
-0.0647877
0.0298241
0.0743322
0.0731188
0.0787070
0.0312091
0.0254527
-0.0206169
-0.0436809
-0.0188511
-0.0161834
-0.0207271
-0.0116775
0.0081671
0.0096981
0.0039354
0.0215325
0.0021481
-0.0030119
-0.0045813
0.0148117
0.0069997
0.0119123
-0.0054383
-0.0013338
-0.0008996
0.0025492
0.0109899
0.0136149
-0.0051792
0.0274555
0.0131299
-0.0157694
0.0237944
0.0168991
-0.0168379
-0.0227557
0.0106310
0.0086749
-0.0077192
0.0043455
0.0117186
0.0214744
0.0037648
0.0226311
-0.0058851
-0.0052376
-0.0110686
0.0015517
0.0130530
-0.0073093
0.0006488
-0.0122072
0.0170323
-0.0036793
-0.0136194
0.0255275
0.0090227
-0.0189288
0.0079656
0.0124405
0.0186611
-0.0037103
-0.0034577
-0.0023977
-0.0073392
0.0076501
0.0131203
0.0049859
-0.0135984
-0.0108293
-0.0040268
0.0045025
0.0185350
-0.0111155
0.0042485
0.0087611
-0.0114975
0.0036719
-0.0039271
-0.0155764
-0.0188154
-0.0131420
0.0007978
0.0166592
-0.0211197
-0.0197306
0.0114421
0.0140912
-0.0057526
-0.0074275
0.0104881
-0.0128205
-0.0007882
-0.0027262
-0.0197878
0.0226984
0.0040237
0.0068991
0.0150779
-0.0063235
-0.0119339
-0.0084211
0.0120413
0.0095595
-0.0128776
-0.0059872
