0.2105695
0.2040052
0.0902543
-0.0771435
-0.1914895
-0.2047143
-0.1200882
-0.0053326
0.0567156
0.0741992
0.0552392
0.0633324
0.0700162
0.0186660
0.0124965
-0.0202061
-0.0399618
-0.0573073
-0.0499395
-0.0220904
-0.0309759
-0.0290607
0.0004146
0.0166071
0.0077991
0.0324492
0.0157031
-0.0076280
0.0051040
0.0001422
0.0129334
0.0075080
-0.0076355
0.0038891
-0.0228956
-0.0264877
-0.0283463
0.0007822
-0.0117219
0.0121097
0.0163204
-0.0109334
-0.0033507
0.0293906
-0.0081830
-0.0077581
-0.0232396
0.0051787
0.0057778
-0.0124630
0.0070197
0.0134957
-0.0062484
0.0011624
0.0166916
-0.0145236
-0.0069991
0.0054656
-0.0123124
-0.0151645
0.0158724
0.0084227
0.0113334
0.0198125
0.0036451
-0.0074651
0.0079535
0.0169055
0.0089245
-0.0216742
0.0218766
0.0242102
0.0232973
-0.0062887
-0.0048402
-0.0241919
0.0109206
-0.0033277
-0.0111924
-0.0059742
-0.0108617
-0.0185127
0.0159263
0.0245155
0.0150967
0.0016596
0.0142469
-0.0161624
0.0216766
0.0041367
0.0080556
-0.0055874
-0.0022315
0.0245344
0.0117749
-0.0138478
0.0024124
0.0070209
0.0190842
0.0042271
0.0065088
0.0034531
-0.0195901
-0.0167999
0.0215176
0.0033655
0.0059621
-0.0164584
0.0013868
-0.0078045
-0.0158505
0.0199380
0.0043765
-0.0099779
0.0152972
-0.0091894
-0.0083593
-0.0065798
-0.0117695
0.0073491
-0.0053063
-0.0177110
-0.0288935
-0.0183376
-0.0021014
-0.0182968
0.0196726
-0.0003548
-0.0009839
-0.0091925
-0.0021131
0.0144086
-0.0020488
0.0079304
-0.0145576
0.0223994
-0.0064046
-0.0227926
0.0022433
-0.0144117
0.0169172
0.0155404
0.0118057
0.0000119
0.0084060
-0.0100997
0.0029786
0.0100837
-0.0049130
-0.0193881
0.0244176
0.0028634
0.0096148
-0.0115927
-0.0171686
-0.0244889
0.0069984
-0.0256366
-0.0188447
-0.0396783
-0.0105261
0.0228902
0.0390418
0.0078156
-0.0059995
-0.0027299
0.0184625
-0.0073149
0.0153855
-0.0070549
-0.0006159
-0.0289666
-0.0311228
-0.0055415
0.0047654
-0.0347828
-0.0224344
-0.0048107
0.0130544
0.0381635
0.0502866
0.0242237
0.0185053
-0.0189170
-0.0229833
-0.0255820
-0.0284078
0.0039232
0.0017021
0.0030190
-0.0148681
-0.0247632
0.0171045
-0.0173592
-0.0582572
-0.0942066
-0.0580000
0.0403574
0.1635172
0.2260104
0.1473380
-0.0086752
-0.1518693
-0.2037172
-0.1677304
-0.0818609
0.0178512
0.0593113
0.0663159
0.1010457
0.0753719
0.0633745
0.0274215
-0.0235069
-0.0230991
-0.0321723
-0.0213020
-0.0033149
-0.0283864
-0.0181999
-0.0324596
-0.0248966
0.0191539
0.0169118
0.0234927
0.0360134
0.0233193
-0.0147770
0.0125153
0.0178600
-0.0224002
-0.0025152
0.0148295
0.0061597
0.0101144
-0.0041364
-0.0277508
-0.0226388
0.0212238
0.0166547
0.0117431
0.0196958
-0.0111084
0.0072076
-0.0000484
0.0223145
0.0091030
-0.0295552
-0.0083734
0.0112334
-0.0012793
-0.0096066
0.0040841
-0.0068169
-0.0226258
0.0177124
-0.0126491
-0.0130229
-0.0153306
-0.0028321
0.0178773
-0.0162431
-0.0198980
0.0195043
0.0122024
-0.0044039
-0.0010422
-0.0185760
-0.0163849
0.0267509
-0.0166458
0.0125560
-0.0214758
-0.0198517
0.0178445
-0.0125827
0.0049375
0.0099676
0.0130889
-0.0033500
-0.0051043
0.0053929
-0.0301107
-0.0338912
-0.0205941
-0.0126604
-0.0112318
0.0192233
0.0112255
0.0196139
0.0130797
0.0010552
0.0020201
0.0037463
0.0070258
0.0089298
-0.0227078
-0.0085812
0.0181147
-0.0054492
0.0063756
0.0098257
0.0123261
-0.0280993
0.0032693
0.0177844
0.0085031
-0.0109440
-0.0226881
-0.0110489
-0.0101962
0.0089612
0.0219239
-0.0138977
-0.0079734
-0.0168218
-0.0151188
-0.0136015
0.0055885
0.0117354
0.0208016
0.0219026
0.0097942
-0.0121157
-0.0165845
0.0042040
-0.0025534
-0.0060129
0.0003471
-0.0002008
0.0162298
0.0205700
0.0284348
-0.0121149
0.0076950
-0.0167039
-0.0275268
-0.0276805
0.0195742
-0.0182265
0.0175856
0.0041192
0.0288411
0.0219355
0.0266227
0.0100658
-0.0275827
-0.0060184
0.0084632
0.0278690
0.0310313
-0.0067825
0.0066364
-0.0205931
-0.0263756
-0.0267438
-0.0322194
-0.0042012
0.0060194
-0.0037286
-0.0125247
0.0036882
-0.0089621
0.0102542
-0.0116255
-0.0150894
-0.0144472
-0.0123989
-0.0218995
0.0031563
-0.0383733
-0.0331753
-0.0399573
0.0041734
-0.0192567
-0.0087253
0.0161350
0.0453841
0.0570675
0.0353752
-0.0105987
-0.0115722
-0.0179264
-0.0232308
0.0073273
0.0034010
0.0296897
0.0119244
0.0139906
-0.0162182
-0.0278140
-0.0213820
-0.0473422
-0.0867966
-0.0285489
0.0730359
0.2003225
0.2218759
0.0790655
-0.0699776
-0.2158883
-0.2348532
-0.1539447
-0.0239370
0.0547203
0.0840991
0.0759018
0.0644053
0.0415352
0.0595367
0.0124314
0.0017027
-0.0084029
-0.0253581
-0.0594856
-0.0393262
-0.0108120
-0.0329220
-0.0267016
0.0153245
0.0161455
0.0004209
0.0029323
0.0226531
0.0112321
0.0079136
-0.0026041
0.0086867
-0.0130697
-0.0102859
-0.0141723
-0.0249383
0.0165104
-0.0024137
-0.0126295
0.0068925
0.0195574
0.0154867
0.0276570
0.0216048
-0.0218101
-0.0028675
0.0019849
-0.0010303
0.0172265
-0.0180573
-0.0251414
0.0068773
-0.0060082
0.0173988
-0.0208945
0.0062850
0.0187599
0.0002732
-0.0005376
0.0000183
-0.0220876
0.0055255
0.0078721
-0.0073721
0.0305809
-0.0179388
-0.0088766
-0.0082448
0.0133203
-0.0018691
-0.0054124
0.0076993
0.0124068
-0.0144502
-0.0136805
0.0059790
-0.0072188
0.0130374
-0.0009868
0.0073100
-0.0067268
-0.0156966
0.0134260
0.0071132
0.0044243
-0.0112355
0.0154782
-0.0042280
-0.0023110
-0.0175938
-0.0017410
-0.0128667
0.0100861
0.0209450
0.0016414
-0.0090616
0.0220156
0.0186113
-0.0067840
-0.0235328
-0.0080189
0.0081385
0.0045560
0.0130002
