0.1863478
0.1338281
0.0893329
0.0708073
0.0464604
0.0320989
-0.0758799
-0.0692355
-0.0904002
-0.0673705
-0.0554447
-0.0209783
-0.0080235
-0.0204638
0.0437838
0.0079904
-0.0169393
0.0368658
0.0374341
0.0209594
0.0576336
-0.0174436
-0.0112064
0.0144150
-0.0576699
-0.0184675
0.0119883
-0.0174468
0.0296530
0.0109760
0.0089493
-0.0095628
0.0128996
0.0087608
0.0073823
-0.0087907
-0.0217581
0.0256590
0.0035186
-0.0124997
-0.0184225
0.0150038
-0.0037706
0.0179230
-0.0300144
0.0002280
-0.0095699
0.0065785
-0.0256390
0.0002745
0.0337685
-0.0086327
-0.0029936
0.0097637
-0.0316519
0.0000515
0.0172693
-0.0069354
0.0119311
-0.0215383
-0.0046026
-0.0062956
0.0170724
-0.0263171
0.0231273
0.0043951
0.0272110
0.0114171
0.0207321
0.0012320
-0.0136014
-0.0167582
0.0052303
-0.0247412
-0.0009766
0.0165158
-0.0096277
0.0021882
-0.0023848
0.0328933
-0.0077215
0.0202523
0.0188289
-0.0239744
0.0108544
-0.0070717
0.0190777
-0.0168330
-0.0091823
0.0149097
-0.0120595
-0.0289943
-0.0050273
0.0134449
0.0007163
-0.0223461
-0.0158875
0.0557646
-0.0145433
0.0095211
-0.0051149
0.0043631
-0.0079821
-0.0295144
-0.0032583
-0.0169302
0.0162342
0.0352760
-0.0264853
0.0179282
-0.0009857
-0.0163215
-0.0169920
-0.0299535
-0.0008886
0.0248806
-0.0073859
0.0194186
-0.0044583
-0.0035565
0.0118353
0.0246578
-0.0250520
-0.0119388
-0.0040907
0.0287951
0.0267147
0.0171793
-0.0322527
-0.0090080
-0.0173779
0.0281705
-0.0163765
0.0171360
-0.0223141
-0.0178596
0.0296452
-0.0314482
0.0311600
-0.0102237
-0.0245224
0.0027868
-0.0088974
0.0015792
-0.0009736
-0.0034935
0.0367178
0.0136221
-0.0138214
-0.0342457
-0.0227984
-0.0195517
-0.0312653
0.0175247
0.0129317
-0.0212085
-0.0253114
-0.0168911
0.0073692
0.0051135
-0.0051149
-0.0192733
-0.0051682
-0.0071989
-0.0229103
-0.0010012
0.0072302
0.0194997
0.0155345
0.0122140
-0.0274322
-0.0112496
0.0228617
0.0442573
0.0129355
-0.0315622
-0.0061474
-0.0558964
-0.0713675
-0.0713426
-0.0631788
-0.0038710
-0.0021061
-0.0011875
0.0467360
0.0532343
0.0296094
0.0483200
0.0270777
-0.0189108
0.0170910
-0.0132705
-0.0241805
-0.0591519
-0.0848692
-0.0585523
-0.0752178
-0.0495947
-0.0075479
0.0214191
0.0267544
0.1053921
0.1542207
0.2339259
0.1246454
-0.0967699
-0.3157055
-0.3875582
-0.2472853
-0.0214634
0.1058610
0.1633942
0.1858151
0.1029213
0.0561238
0.0333111
-0.0149175
-0.0501962
-0.0675176
-0.0446037
-0.0676400
-0.0473946
-0.0576567
0.0104648
0.0209429
-0.0005562
0.0060669
0.0321203
0.0423466
0.0571868
0.0359830
0.0300430
0.0093026
-0.0172335
-0.0113930
0.0090044
-0.0260762
-0.0098661
0.0000452
-0.0224959
-0.0135491
0.0171551
0.0094153
-0.0075272
0.0003929
0.0162776
0.0284293
-0.0016224
0.0117194
0.0106126
-0.0072511
0.0174003
-0.0007682
0.0281184
0.0292816
-0.0002272
0.0043776
0.0050510
-0.0034606
-0.0210900
0.0178890
0.0134153
-0.0016840
-0.0072498
0.0276463
-0.0112851
-0.0253484
-0.0175066
-0.0227053
-0.0059484
0.0177948
0.0016395
0.0103899
0.0219077
0.0243676
0.0234562
-0.0241482
-0.0122669
-0.0145471
0.0332322
0.0293958
-0.0151589
0.0000472
-0.0072779
-0.0029467
0.0240198
-0.0060986
0.0244341
-0.0343761
-0.0328822
-0.0418908
-0.0091702
0.0173829
-0.0116288
0.0272857
0.0282159
0.0200750
0.0023996
-0.0000720
-0.0175630
-0.0099763
-0.0281228
0.0243482
-0.0142023
0.0304918
-0.0050049
-0.0085600
-0.0009800
0.0011527
-0.0253679
-0.0126005
-0.0090575
-0.0111467
0.0462180
0.0012434
0.0043822
0.0128672
0.0160005
0.0084665
-0.0032610
0.0300465
-0.0015797
-0.0398667
0.0156252
-0.0201482
-0.0278517
0.0101377
0.0277802
-0.0020465
0.0103800
0.0145808
-0.0268380
-0.0299818
0.0069195
-0.0196624
-0.0093532
-0.0103094
0.0216455
0.0172121
-0.0195438
-0.0198547
-0.0332119
-0.0014047
0.0096812
-0.0044695
-0.0233232
0.0046149
-0.0117851
-0.0370715
0.0264547
-0.0108390
0.0372374
-0.0197360
-0.0080384
0.0228993
-0.0338268
-0.0142426
0.0305739
-0.0149980
0.0259894
-0.0332810
0.0302233
0.0013684
0.0064697
0.0054467
0.0180398
0.0176192
-0.0079561
0.0112924
0.0289721
0.0200670
0.0361054
-0.0211221
-0.0173884
-0.0216136
0.0079925
-0.0217518
0.0119905
-0.0291955
-0.0161585
-0.0041955
0.0150703
-0.0074144
-0.0114335
0.0048688
0.0246859
0.0138257
0.0093750
0.0286545
-0.0187414
0.0269385
0.0183479
0.0256134
0.0162284
-0.0052686
-0.0627450
-0.0574352
-0.0749955
-0.0739191
-0.0338523
0.0065448
0.0850431
0.0621478
0.1562312
0.1761956
0.2209715
0.0936872
-0.1401641
-0.3270466
-0.3898718
-0.1967282
0.0432170
0.2301195
0.2112237
0.1613657
0.0740347
0.0217766
-0.0103116
-0.0068079
-0.0334071
-0.0751268
-0.0747043
-0.0820766
-0.0542415
-0.0180399
-0.0082792
0.0379081
-0.0193260
0.0319628
0.0198190
0.0650807
0.0307337
0.0116627
-0.0166560
-0.0166334
0.0129338
-0.0314195
-0.0087797
-0.0386655
0.0032624
0.0214587
0.0169052
-0.0105706
0.0078464
0.0157160
0.0016743
-0.0061239
0.0078311
0.0401283
-0.0158279
-0.0109784
0.0100806
-0.0419150
-0.0119479
0.0076742
-0.0239145
0.0264877
0.0165913
-0.0326694
0.0001389
0.0276637
0.0258751
0.0143363
-0.0088996
-0.0151542
-0.0108741
0.0277039
0.0180088
0.0107135
-0.0353784
-0.0164885
-0.0119031
0.0317730
0.0006916
-0.0013630
-0.0214012
-0.0102380
0.0311511
0.0212312
0.0082861
0.0049882
0.0395256
-0.0129238
-0.0370523
0.0057666
0.0068306
-0.0389541
0.0167188
-0.0013262
-0.0017179
-0.0174084
0.0187013
-0.0185882
0.0048597
0.0046207
0.0014014
-0.0170873
-0.0283430
0.0279595
-0.0040269
