0.0839071
0.0575683
0.0390263
0.0379326
0.0281313
-0.0004620
-0.0228327
-0.0325323
-0.0220167
-0.0335917
-0.0156589
0.0131514
0.0167520
0.0230581
0.0004532
-0.0042779
0.0124537
0.0160942
0.0030215
0.0038325
0.0096007
0.0010622
-0.0031441
-0.0108919
-0.0020506
-0.0147544
-0.0029767
0.0177623
0.0158087
0.0064548
0.0073183
-0.0032192
-0.0056109
-0.0060093
-0.0136614
-0.0017679
-0.0110503
-0.0044891
-0.0051103
0.0000923
0.0143881
0.0034784
0.0023988
0.0066442
-0.0050220
-0.0014365
0.0020714
-0.0199741
-0.0011551
0.0088153
0.0044110
0.0073061
0.0100570
0.0090443
0.0084453
0.0039573
-0.0043053
0.0108181
0.0054206
0.0132342
-0.0027276
0.0004497
-0.0162854
0.0075383
0.0014559
-0.0003973
0.0220376
0.0045134
-0.0101587
0.0002868
0.0006404
-0.0109460
0.0150347
0.0063437
0.0038845
-0.0017514
-0.0020556
0.0010942
0.0122662
-0.0079943
-0.0155718
-0.0048506
-0.0042336
-0.0117995
0.0046279
0.0164722
-0.0012418
-0.0107430
-0.0088158
-0.0001686
0.0033652
0.0081927
-0.0132212
-0.0147657
-0.0119262
-0.0028937
0.0084266
0.0002188
0.0168689
0.0098003
0.0064987
-0.0032215
0.0044086
0.0050882
0.0127024
-0.0008797
-0.0064465
0.0059692
-0.0049594
-0.0169993
0.0103568
0.0151380
0.0004419
-0.0099368
-0.0148076
0.0023252
0.0059935
-0.0020961
-0.0000016
-0.0054441
-0.0051288
0.0097009
0.0195135
0.0018140
-0.0057202
-0.0080685
-0.0194735
-0.0149749
0.0064295
0.0122165
0.0075348
-0.0001670
-0.0049216
0.0015694
-0.0158384
-0.0044320
-0.0078496
0.0069828
0.0075296
-0.0105154
-0.0118535
0.0030331
0.0182041
0.0012457
0.0039999
0.0127229
0.0086547
-0.0067820
-0.0035912
0.0013742
-0.0004619
0.0166324
0.0049637
0.0050417
0.0052336
0.0004875
0.0036719
0.0107891
0.0018647
0.0030626
-0.0185579
-0.0085026
0.0133872
0.0203804
-0.0031567
-0.0101127
-0.0123128
-0.0072804
-0.0033338
-0.0005224
-0.0026429
0.0054401
0.0029669
-0.0028642
-0.0039191
0.0027428
0.0029512
0.0191505
0.0139643
0.0237591
0.0078784
-0.0080628
-0.0020278
-0.0171749
-0.0332638
-0.0109905
-0.0045123
-0.0061019
0.0323294
0.0385342
0.0680390
0.0589304
0.0385602
-0.0154171
-0.0980628
-0.1199147
-0.0810336
0.0174493
0.0712577
0.0516636
0.0514212
0.0341260
0.0342415
0.0013143
-0.0330030
-0.0433714
-0.0175965
-0.0331207
-0.0171582
-0.0006841
0.0061721
0.0109420
0.0207566
0.0049001
0.0040440
0.0176975
-0.0039853
-0.0104561
-0.0023669
-0.0122581
-0.0186339
-0.0017155
0.0003814
-0.0061772
0.0038443
0.0085908
0.0234357
0.0050032
0.0002669
0.0069265
0.0021621
0.0049084
-0.0033260
0.0018725
0.0085216
0.0092143
0.0073177
-0.0119358
0.0020298
0.0076354
-0.0074113
-0.0019051
-0.0077540
0.0061985
-0.0099457
0.0058493
-0.0048394
-0.0102682
0.0081772
0.0147821
0.0141488
-0.0011686
0.0009604
0.0000024
-0.0006025
-0.0112338
-0.0034729
-0.0031837
-0.0044160
-0.0105289
-0.0018175
-0.0069769
0.0043959
0.0085980
-0.0022305
-0.0030336
0.0038098
-0.0018175
-0.0108102
0.0001227
0.0075070
0.0082333
0.0048265
0.0073730
0.0086472
-0.0063690
-0.0132729
-0.0029572
-0.0107534
-0.0061051
0.0055364
-0.0028239
0.0016741
-0.0099827
0.0031587
-0.0047784
-0.0074400
-0.0033258
0.0193479
0.0014125
-0.0096491
0.0042811
0.0022217
0.0008175
0.0050802
0.0126514
0.0004499
-0.0077625
0.0016579
0.0007168
0.0058703
-0.0061712
-0.0007383
0.0111314
0.0053519
-0.0156089
-0.0062065
0.0020860
-0.0024299
0.0015347
-0.0022631
-0.0077290
-0.0082106
-0.0079205
0.0041701
-0.0076491
0.0077825
0.0059715
0.0023859
0.0116586
-0.0039394
0.0022342
-0.0067913
-0.0161595
-0.0076359
0.0086277
-0.0022894
-0.0116170
-0.0062606
-0.0056997
0.0149149
0.0026835
-0.0144006
0.0092683
0.0072431
-0.0026085
-0.0130012
-0.0060200
-0.0113145
-0.0081851
-0.0024571
-0.0052462
-0.0069629
0.0064275
-0.0150284
0.0037120
0.0153245
0.0149092
0.0112461
0.0025057
0.0037144
-0.0060498
-0.0009144
-0.0123684
0.0134636
-0.0140123
-0.0037141
-0.0067474
-0.0017933
-0.0073853
0.0056018
0.0111679
0.0185341
0.0198265
0.0145756
-0.0087470
-0.0004235
0.0018449
-0.0075894
-0.0135276
-0.0160540
-0.0063720
0.0076848
0.0161254
-0.0081359
0.0205130
0.0038336
0.0141538
0.0049295
-0.0031402
-0.0150625
-0.0281576
-0.0043854
-0.0187462
-0.0241659
-0.0001163
0.0054506
0.0356143
0.0587222
0.0588316
0.0725679
0.0192550
-0.0668966
-0.1270713
-0.1269320
-0.0483650
0.0497101
0.0749715
0.0723891
0.0389060
0.0360809
0.0169894
-0.0223662
-0.0486032
-0.0325229
-0.0409178
-0.0103105
-0.0059411
0.0190691
0.0147643
0.0071389
0.0035499
-0.0033354
0.0177386
0.0114953
0.0032029
-0.0069440
-0.0212467
0.0075759
0.0005049
0.0053181
-0.0044550
-0.0051708
0.0091089
0.0108697
0.0194221
0.0145607
0.0110821
-0.0022173
-0.0159543
0.0066788
0.0179917
-0.0148734
-0.0064731
-0.0079514
-0.0106738
0.0086523
-0.0112609
0.0139142
-0.0002904
0.0105825
-0.0049063
0.0056391
0.0017716
0.0020409
-0.0010515
-0.0117055
-0.0164593
0.0081437
0.0053937
0.0134871
-0.0024301
0.0024786
-0.0122742
0.0009527
-0.0010934
-0.0062066
-0.0004718
-0.0000644
-0.0033196
-0.0031891
0.0106602
0.0036339
-0.0035669
-0.0120669
0.0020188
-0.0001531
0.0032219
-0.0043395
0.0029942
-0.0086392
0.0052778
0.0135971
0.0098105
-0.0118358
-0.0101686
0.0112818
0.0097322
0.0015113
0.0065218
-0.0023111
0.0019817
-0.0156116
-0.0114218
-0.0126296
-0.0050221
0.0013736
0.0111777
0.0004617
-0.0106740
-0.0112371
0.0070651
0.0075754
0.0038050
-0.0055167
-0.0117653
0.0019080
0.0086650
-0.0041372
-0.0035541
