0.1856503
0.2573500
0.1631560
0.0599901
0.0177489
-0.0128888
-0.0749058
-0.0427849
-0.0280749
-0.0251445
-0.0409335
-0.0176219
-0.0083428
0.0369631
0.0440847
0.0148440
0.0064943
0.0199077
0.0126352
0.0135916
0.0035301
-0.0012586
0.0075699
0.0099858
-0.0046374
-0.0091999
-0.0195834
0.0170662
0.0077275
0.0264949
0.0378672
0.0000008
0.0267103
-0.0143531
0.0198501
0.0025121
-0.0278426
0.0009109
-0.0181388
0.0035711
0.0198081
0.0100332
0.0266819
-0.0104856
0.0261580
0.0091376
0.0126639
0.0025014
0.0026140
0.0082288
-0.0255536
0.0046140
0.0117770
-0.0129066
-0.0156019
-0.0109077
-0.0043654
-0.0025100
-0.0069896
-0.0082917
0.0030111
0.0084517
-0.0191021
-0.0135115
0.0026817
0.0121606
0.0064144
0.0093531
-0.0187623
0.0060962
0.0022590
-0.0203510
0.0050927
-0.0095773
-0.0183910
-0.0106254
-0.0244751
-0.0154625
0.0219384
-0.0069046
-0.0093346
-0.0182770
-0.0279369
0.0166540
-0.0091233
0.0088808
0.0028620
-0.0050632
-0.0287174
0.0255445
-0.0111701
0.0101848
0.0103768
-0.0053399
0.0143435
0.0125811
-0.0064970
-0.0150876
-0.0029427
0.0027161
-0.0081443
0.0069300
-0.0111779
0.0120990
0.0185481
-0.0102145
0.0158321
0.0029241
-0.0056269
0.0172998
0.0207331
-0.0147702
-0.0245633
-0.0014201
-0.0075256
0.0247475
0.0414884
-0.0118981
-0.0170896
-0.0264512
0.0106375
-0.0130174
0.0217950
-0.0309769
-0.0021640
0.0280404
-0.0318009
0.0028256
-0.0251780
-0.0284057
0.0131516
0.0084090
0.0124731
-0.0290162
-0.0212213
0.0082242
-0.0148598
0.0205035
0.0264493
0.0105487
-0.0122326
0.0176526
0.0289150
0.0105151
0.0054080
-0.0116984
0.0249565
0.0267428
-0.0040482
-0.0342368
-0.0163161
-0.0062544
-0.0152227
-0.0402359
-0.0065871
0.0294032
0.0282163
0.0009695
0.0057165
0.0367445
0.0129773
-0.0091096
-0.0275909
-0.0039853
-0.0081655
-0.0239521
-0.0122889
-0.0255235
-0.0109161
-0.0117617
-0.0233630
-0.0114901
-0.0226592
0.0500476
0.0223586
-0.0014530
0.0150627
-0.0214957
-0.0237867
-0.0373268
-0.0331250
-0.0665807
-0.0320549
-0.0210340
0.0074882
0.0347228
0.0685851
0.0353374
0.0842643
0.1510180
0.1372578
-0.0081570
-0.2424224
-0.3555002
-0.2159483
0.0555277
0.2036709
0.2404249
0.1140716
0.0557598
0.0016365
-0.0541932
-0.0781728
-0.0648305
-0.0463941
-0.0269543
-0.0010446
0.0033563
0.0140216
0.0148258
0.0146878
0.0482139
-0.0027122
-0.0030499
-0.0108071
-0.0291326
-0.0332783
-0.0377622
-0.0301872
-0.0143882
-0.0008961
-0.0053487
-0.0197117
0.0194050
-0.0189206
-0.0088209
0.0080569
-0.0023784
0.0147790
-0.0302507
-0.0176725
-0.0338922
-0.0240027
0.0086875
0.0064904
-0.0107851
-0.0047425
0.0290743
0.0064237
0.0082993
0.0229161
-0.0456224
-0.0053190
0.0284493
0.0280265
0.0065514
-0.0055829
0.0244148
-0.0275811
-0.0077296
-0.0037568
-0.0209769
-0.0078512
0.0146387
-0.0136564
-0.0290973
-0.0164628
0.0022157
0.0109729
-0.0014093
-0.0298574
0.0179797
0.0135868
-0.0066313
-0.0089936
0.0402654
-0.0027494
0.0188914
-0.0141541
-0.0068415
0.0365637
0.0015736
0.0144495
-0.0134684
-0.0142091
-0.0158318
0.0069344
0.0239498
-0.0018102
0.0034606
0.0081974
0.0030877
-0.0109741
-0.0185062
0.0339619
0.0189021
-0.0053315
-0.0105508
0.0022644
-0.0179254
-0.0293585
0.0136317
0.0173220
-0.0261616
0.0041297
0.0152506
0.0082131
0.0008758
-0.0240882
0.0283303
0.0273638
0.0410634
-0.0087350
-0.0207026
-0.0222664
0.0098223
-0.0014286
-0.0100139
0.0171687
0.0015687
-0.0258441
-0.0076032
-0.0080847
-0.0217904
-0.0090699
-0.0027624
-0.0128799
-0.0373273
0.0050503
0.0075446
0.0145146
0.0233435
0.0231716
0.0212560
-0.0043790
-0.0247638
-0.0014456
-0.0298381
-0.0011167
0.0144272
0.0107204
0.0082614
0.0174998
-0.0197395
-0.0182671
-0.0134071
0.0138050
0.0178765
-0.0009271
-0.0314536
0.0065309
0.0008460
0.0035208
-0.0217850
-0.0011480
0.0167309
-0.0223125
-0.0139414
-0.0263450
-0.0094966
-0.0033118
-0.0143547
0.0081397
-0.0070117
0.0320341
0.0202221
0.0013703
0.0216055
0.0057050
0.0298871
-0.0232345
-0.0219371
0.0036170
0.0029197
-0.0091278
-0.0015623
-0.0163907
0.0008362
0.0202885
0.0391045
-0.0065889
0.0294391
-0.0216077
0.0001189
0.0039207
-0.0339409
-0.0512471
-0.0296385
-0.0459225
-0.0475654
-0.0295444
0.0047806
0.0320905
0.0321887
0.0719287
0.0692506
0.1626405
0.1568539
0.0127196
-0.2485734
-0.3806022
-0.2450361
0.0343375
0.2432969
0.2375170
0.1159211
0.0405437
-0.0090854
-0.0064929
-0.0582095
-0.0809346
-0.0535604
-0.0341092
-0.0114349
-0.0108275
-0.0215403
0.0072736
0.0259156
0.0390221
0.0223126
-0.0198475
0.0169274
-0.0096282
-0.0226443
-0.0093034
-0.0128443
-0.0105091
0.0286160
-0.0094848
-0.0153256
-0.0108211
0.0017756
0.0236712
-0.0065854
0.0374047
0.0144592
0.0041440
-0.0242591
-0.0045950
0.0010033
-0.0375392
-0.0018303
-0.0123671
-0.0113500
0.0464510
-0.0133327
-0.0005023
0.0206960
0.0161973
-0.0038450
-0.0142070
0.0201643
0.0185819
-0.0206044
-0.0043536
-0.0118262
0.0257805
0.0307790
0.0025084
0.0001812
0.0077002
0.0278211
0.0001896
-0.0157364
-0.0012189
0.0011893
0.0097242
-0.0098622
-0.0010120
0.0069649
-0.0056879
-0.0145243
0.0029461
-0.0018440
-0.0167849
0.0085066
-0.0056063
0.0335387
0.0144641
0.0041078
-0.0238270
0.0164262
-0.0114451
-0.0139661
0.0018768
0.0228971
0.0142095
-0.0287782
0.0112609
0.0088412
-0.0237205
-0.0097937
0.0115164
0.0275038
0.0171006
-0.0077413
0.0123187
-0.0240514
0.0062206
0.0114480
-0.0386076
-0.0294087
-0.0067091
0.0055535
-0.0145439
0.0320043
0.0239280
-0.0100495
0.0295436
-0.0028377
