0.4294842
0.3941120
0.1860759
-0.1369231
-0.2501584
-0.2983502
-0.1886497
-0.0713334
-0.0577453
0.0088418
0.0720815
0.0785207
0.0484748
0.1011642
0.0027312
0.0364914
0.0572314
-0.0070871
-0.0108789
-0.0053950
-0.0430178
-0.0174678
-0.0158029
-0.0755335
-0.0462354
-0.0231214
-0.0344756
0.0018034
0.0153465
0.0058886
0.0524650
-0.0057376
0.0262501
0.0263804
0.0023717
-0.0234235
-0.0113661
0.0083764
0.0156848
0.0160684
0.0144834
0.0350179
-0.0417412
0.0155140
0.0131937
0.0479354
0.0083312
-0.0267867
0.0473201
0.0342590
0.0389602
-0.0381659
-0.0475346
-0.0340835
-0.0202579
-0.0233268
-0.0180861
-0.0394861
-0.0567878
0.0534400
0.0110133
0.0817231
0.0378035
0.0687069
0.0483907
0.0264935
-0.0105743
-0.0221508
-0.1064264
-0.1444373
-0.2237786
-0.1942857
-0.1818466
0.0281673
0.2125614
0.4001286
0.4087521
0.1356121
-0.0738461
-0.2437901
-0.2872831
-0.1588731
-0.1290700
-0.0108781
0.0241623
0.0739338
0.0514485
0.0714984
0.0767926
0.0704376
0.0734661
-0.0184039
0.0159608
-0.0643103
-0.0155530
-0.0099661
-0.0648692
0.0066697
-0.0236392
0.0185427
0.0295653
0.0454094
0.0316000
0.0385487
0.0448774
-0.0105048
-0.0216279
-0.0221475
-0.0007518
-0.0260408
-0.0405688
0.0109892
0.0042542
-0.0288189
0.0222767
-0.0201916
-0.0395399
-0.0074428
-0.0153125
0.0018111
-0.0018836
0.0310057
-0.0026479
0.0242566
0.0123060
-0.0110007
-0.0055009
-0.0721594
-0.0064049
-0.0236037
-0.0592411
-0.0263015
0.0004918
-0.0219493
0.0121638
0.0397012
0.0247927
0.1065402
0.0839592
0.0585232
0.0375226
0.0227450
0.0115764
-0.0382566
-0.1470581
-0.2130549
-0.2466600
-0.1435743
0.0104138
0.2646162
0.3493943
0.3546805
0.1613870
-0.0782362
-0.2543357
-0.2580996
-0.2047803
-0.1053719
-0.0495992
0.0382688
0.0914036
0.1073015
0.0615156
0.0683587
0.0696254
0.0011101
0.0584086
0.0198316
-0.0169505
-0.0161126
-0.0027877
0.0046544
-0.0626218
-0.0414290
0.0258622
-0.0010190
-0.0217540
-0.0018931
0.0076166
-0.0090448
-0.0091457
0.0567255
-0.0150213
0.0180983
-0.0297364
0.0311191
-0.0200854
-0.0093574
-0.0310375
0.0037057
-0.0278598
0.0133636
-0.0159782
0.0519845
-0.0375987
0.0180703
0.0280838
0.0437943
0.0245189
0.0019565
0.0353148
-0.0431902
0.0262512
-0.0292359
-0.0310257
-0.0226620
-0.0212034
0.0100047
0.0216184
-0.0002683
0.0255271
0.0682137
0.0574232
0.0148662
0.0556657
0.0395288
0.0593863
-0.0020611
-0.0939279
-0.1428769
-0.1722928
-0.1842062
-0.2031896
-0.0502940
0.1815337
0.3016331
0.3329721
0.2677886
0.0337640
-0.1573411
-0.1899940
-0.1931419
-0.0917329
-0.0418353
-0.0049194
0.0629592
0.0349012
0.0307498
0.0852575
0.0604512
0.0478112
0.0528162
0.0241158
-0.0329213
-0.0178414
-0.0272614
-0.0428872
0.0059116
-0.0505258
0.0224391
-0.0293111
-0.0040889
0.0079504
0.0326084
0.0824421
0.0110805
0.0415010
0.0343836
0.0209371
-0.0127849
0.0207137
0.0294546
-0.0308411
-0.0311899
-0.0191436
-0.0539082
-0.0377253
-0.0387565
0.0493526
0.0219492
-0.0291361
0.0205792
0.0355608
0.0617520
-0.0154955
0.0369952
-0.0242374
-0.0154920
-0.0686198
-0.0188474
-0.0439269
0.0052049
0.0028731
-0.0255413
0.0198068
0.0646602
0.0792715
0.0210812
0.0748434
0.0585456
0.0152540
-0.0427934
-0.0958337
-0.0669935
-0.1650161
-0.2300031
-0.1689445
-0.0900604
0.1073957
0.3591856
0.3590800
0.3089438
-0.0024745
-0.2149042
-0.2665397
-0.2010603
-0.1029073
-0.0721479
0.0112862
0.0716703
0.0866272
0.0649029
0.0557664
0.0730634
0.0611605
0.0440666
0.0159465
-0.0272494
-0.0357932
-0.0467578
-0.0112806
-0.0078454
-0.0211536
-0.0409451
-0.0110492
0.0117533
-0.0257375
0.0452728
0.0286337
0.0322637
0.0191823
0.0589008
0.0113198
-0.0086869
0.0298512
0.0085433
0.0193942
-0.0293614
-0.0028030
-0.0230670
-0.0287794
0.0197271
0.0123222
0.0051185
0.0127231
-0.0244100
0.0541140
0.0033118
0.0341085
0.0456320
0.0269644
0.0081174
-0.0338974
0.0035995
-0.0508356
-0.0139847
0.0170001
-0.0541484
-0.0429356
0.0334393
0.0204707
0.0611338
0.0246602
0.0614104
0.0900105
0.0615401
0.0489640
-0.0102207
-0.0537732
-0.1406646
-0.2025603
-0.1981061
-0.1182816
0.0853207
0.3254262
0.3888477
0.3928539
0.1712206
-0.0828929
-0.2831624
-0.2439682
-0.1233472
-0.1238474
-0.0465073
0.0443327
0.0471956
0.1037719
0.0358561
0.0264382
0.0549291
0.0126959
0.0378021
0.0247434
-0.0012416
-0.0557469
-0.0413795
-0.0780247
-0.0293823
-0.0100176
-0.0516219
-0.0098905
0.0341429
0.0083116
0.0094505
0.0700082
0.0662057
0.0425506
-0.0105204
0.0069003
-0.0404996
-0.0410213
-0.0271637
-0.0437255
-0.0083280
-0.0295653
-0.0299220
0.0130158
-0.0250564
-0.0081585
0.0470926
0.0437790
0.0338007
0.0331718
-0.0280578
0.0118323
-0.0384693
-0.0265846
-0.0003255
-0.0902367
-0.0414817
0.0009979
-0.0156945
0.0038668
0.0101429
-0.0003168
0.0705571
0.1151504
0.0656343
0.0238601
0.0489538
-0.0027938
0.0112427
-0.0659135
-0.1167189
-0.1570493
-0.1782691
-0.2007012
-0.0420646
0.1313912
0.3749884
0.3685118
0.2373860
0.0375687
-0.1519273
-0.2762929
-0.2105477
-0.1516761
-0.0330842
-0.0344569
0.0660390
0.0697056
0.0287966
0.0863755
0.0965767
0.0731632
0.0460339
-0.0430998
-0.0097229
-0.0350593
-0.0480922
-0.0001790
-0.0031807
0.0120353
-0.0478797
-0.0148023
0.0146046
-0.0099992
0.0254736
0.0278445
0.0000159
0.0660269
0.0303423
0.0435498
-0.0222711
0.0328212
0.0079088
-0.0218676
-0.0095362
-0.0157177
-0.0533355
-0.0185280
-0.0160950
-0.0013869
0.0166796
-0.0019896
0.0036974
0.0753408
0.0296634
-0.0241670
0.0376873
