0.2316541
0.1505285
0.0469522
-0.0198972
-0.0370836
-0.0096585
-0.0205036
-0.0394576
-0.0482959
-0.0245018
0.0026615
0.0027301
0.0036714
0.0274812
0.0307434
0.0254359
0.0446769
0.0149703
-0.0213937
0.0081360
-0.0131669
-0.0336954
-0.0213226
-0.0228137
-0.0021187
0.0055446
-0.0019020
0.0129076
0.0029440
-0.0120170
0.0121577
0.0150423
-0.0166931
0.0086260
-0.0109723
-0.0100263
-0.0015712
0.0132473
-0.0004395
0.0041844
-0.0214645
0.0029650
0.0154002
0.0102599
0.0048664
-0.0011600
0.0036982
0.0000644
-0.0185492
-0.0151344
-0.0120983
0.0107950
0.0030860
-0.0186030
0.0124848
-0.0000802
-0.0085735
0.0122437
-0.0112643
-0.0110028
0.0164627
-0.0133592
-0.0262386
-0.0122380
0.0024899
-0.0025504
0.0116491
-0.0089152
-0.0001433
0.0052924
0.0196244
-0.0154039
-0.0135728
-0.0017546
0.0167133
0.0050412
0.0299193
0.0006207
0.0045037
-0.0198772
-0.0257337
-0.0003423
0.0200804
0.0054351
-0.0001591
0.0114165
-0.0117966
-0.0074938
-0.0114129
0.0226078
-0.0058974
0.0122247
0.0194797
-0.0178591
-0.0202962
-0.0150171
0.0020281
0.0063132
-0.0162501
-0.0105136
0.0111004
-0.0235448
-0.0046756
-0.0024341
-0.0175596
-0.0035333
0.0033870
0.0139734
0.0002451
0.0141910
0.0078992
0.0057243
0.0001532
0.0093651
-0.0011064
-0.0079277
-0.0146078
0.0158666
-0.0030843
-0.0213318
-0.0049629
-0.0145248
-0.0190289
0.0072104
-0.0071739
-0.0124339
-0.0187036
-0.0110675
0.0102835
0.0257098
-0.0108209
-0.0133434
0.0067284
-0.0052783
-0.0048456
-0.0049447
-0.0110511
-0.0156012
-0.0013177
-0.0220114
-0.0066995
-0.0147520
0.0147092
0.0066460
0.0265350
-0.0033697
-0.0049469
0.0040260
-0.0034385
-0.0150727
0.0004578
-0.0152516
-0.0091762
-0.0116148
-0.0003720
0.0165371
-0.0165415
-0.0014262
-0.0136778
0.0011377
0.0100506
-0.0079209
0.0012476
0.0107526
0.0229241
-0.0272819
-0.0205640
-0.0282518
-0.0298349
0.0075054
-0.0020026
-0.0118923
0.0314840
0.0136114
-0.0048107
0.0189869
0.0036915
0.0105070
0.0038693
-0.0195945
-0.0031721
-0.0199046
0.0080370
-0.0368528
0.0011002
-0.0047183
0.0063400
0.0147565
0.0069204
0.0690910
0.0727320
0.1053068
0.0999783
-0.0835616
-0.2131920
-0.2654463
-0.1044601
0.1129122
0.1987972
0.1511827
0.0701263
-0.0051829
-0.0290953
-0.0268062
-0.0558398
-0.0356979
-0.0146502
-0.0210526
0.0014758
-0.0077238
0.0157021
0.0190186
0.0348324
0.0137799
0.0121373
0.0016889
-0.0008277
0.0116479
-0.0259507
-0.0113127
0.0103646
0.0006286
-0.0038372
-0.0242423
-0.0196653
0.0068921
0.0184095
-0.0001810
0.0191232
0.0017742
0.0016665
0.0190932
0.0184187
-0.0037242
-0.0144828
-0.0015461
-0.0183190
-0.0252388
-0.0084116
-0.0142107
0.0113848
0.0046468
0.0083182
0.0044978
-0.0134244
0.0016043
-0.0196930
0.0269632
-0.0027683
-0.0216781
-0.0220625
-0.0040387
0.0021333
-0.0111012
-0.0163834
0.0063848
0.0173558
0.0055967
-0.0136187
-0.0214092
0.0122559
0.0037083
-0.0235586
-0.0014598
0.0013852
0.0156979
0.0156302
-0.0038718
0.0151793
0.0068286
-0.0191371
-0.0052830
-0.0159691
0.0020969
-0.0030988
0.0052994
-0.0182024
0.0199562
0.0019990
-0.0016740
0.0059960
-0.0110485
0.0097139
0.0127296
-0.0152222
0.0005000
-0.0070750
0.0183418
0.0156787
-0.0081354
0.0074302
0.0091600
0.0076492
-0.0026648
-0.0077780
-0.0106360
0.0154951
0.0068520
-0.0117763
0.0044123
0.0012864
-0.0250242
0.0181292
-0.0232478
-0.0221673
0.0255356
-0.0151999
0.0042434
0.0002190
0.0030769
0.0273534
-0.0028834
0.0079250
0.0202130
0.0082705
0.0220831
0.0027368
-0.0164251
0.0099744
0.0171268
-0.0014834
0.0181917
0.0071239
-0.0182497
0.0233085
0.0087416
0.0247282
0.0124797
0.0273696
-0.0079210
0.0149221
0.0332834
0.0102418
0.0055196
-0.0269660
-0.0103908
0.0131103
0.0237962
-0.0161552
-0.0147259
-0.0070185
-0.0194940
0.0121209
0.0245987
0.0081804
-0.0126417
-0.0069145
0.0271740
-0.0073202
0.0123622
0.0018925
0.0064560
0.0180452
0.0068385
-0.0003644
-0.0253362
-0.0035678
0.0087593
0.0092354
0.0273847
0.0235027
0.0137223
-0.0051270
-0.0211505
-0.0089200
-0.0293178
0.0104342
0.0132380
-0.0005248
0.0267734
-0.0018213
0.0231821
0.0067736
-0.0064413
0.0034330
0.0127896
-0.0070397
-0.0200671
-0.0338618
-0.0128315
-0.0085580
-0.0012334
0.0020015
0.0153862
0.0067882
0.0302210
0.0330107
0.0970498
0.1189594
0.0171129
-0.1090277
-0.2661038
-0.2112784
0.0029133
0.1592409
0.2037552
0.1265394
0.0130096
0.0093953
0.0016583
-0.0492827
-0.0352235
-0.0224843
-0.0277773
-0.0284750
0.0114254
0.0135397
0.0316700
0.0247201
0.0285242
0.0281847
-0.0133416
-0.0124038
0.0175706
0.0013563
-0.0002639
-0.0094957
-0.0280898
0.0032373
0.0115717
-0.0249464
-0.0133612
-0.0159945
0.0000963
-0.0059702
-0.0072513
-0.0090738
0.0076630
0.0035869
0.0129338
-0.0233918
-0.0064777
0.0146337
-0.0031918
-0.0157361
-0.0307337
-0.0302190
-0.0053280
0.0206937
0.0263090
-0.0068510
-0.0050657
0.0067170
0.0140541
-0.0013962
-0.0350873
-0.0037473
0.0170834
0.0223440
0.0033730
0.0174276
-0.0055566
0.0008451
-0.0106367
-0.0126817
-0.0054805
0.0024961
0.0206431
0.0121831
0.0116070
0.0276295
0.0228848
0.0307382
0.0059476
-0.0272977
-0.0187257
-0.0075292
-0.0113440
0.0169187
-0.0021944
-0.0047692
0.0172514
0.0068429
0.0365755
-0.0017281
-0.0061066
-0.0032171
-0.0098554
-0.0069924
-0.0100941
0.0118094
-0.0011096
-0.0111746
0.0102272
0.0056863
-0.0021803
0.0205768
0.0248122
0.0169716
-0.0063134
0.0239875
-0.0228294
-0.0090447
0.0066867
-0.0016954
0.0129457
0.0236075
0.0005984
0.0208864
0.0073721
