0.4404481
0.3964956
0.1255906
-0.1018028
-0.2536588
-0.2570957
-0.1723040
-0.0688491
-0.0294103
0.0257180
0.0346058
0.0947532
0.1127887
0.0980277
0.0667991
-0.0021008
0.0193381
0.0294031
-0.0484784
-0.0492034
-0.0374557
-0.0235789
0.0031551
-0.0436367
0.0147537
-0.0054814
0.0001805
0.0184770
0.0196644
0.0429875
0.0135760
0.0109746
-0.0243732
0.0198695
0.0005583
0.0186678
-0.0002985
-0.0576384
-0.0245603
-0.0013455
-0.0346158
0.0196026
0.0079466
0.0340550
-0.0118933
0.0044524
0.0468913
0.0369386
0.0157689
-0.0142570
-0.0002583
-0.0383800
-0.0160017
-0.0781866
-0.0181638
-0.0237962
0.0127144
-0.0483664
-0.0192050
0.0264953
0.0031304
0.0485273
0.0380598
0.0468727
0.0310341
0.0530807
0.0257836
-0.0096588
-0.0475808
-0.1611878
-0.2137908
-0.2697904
-0.1684304
0.1117838
0.3154795
0.4712532
0.3471166
0.0728979
-0.1623372
-0.3135174
-0.2686929
-0.1861168
-0.0717689
-0.0509499
0.0274502
0.0513374
0.1209975
0.0470769
0.0581334
0.0573085
0.0354085
-0.0300183
0.0037137
-0.0240099
-0.0754494
-0.0424999
-0.0137861
0.0013206
-0.0203204
-0.0420843
-0.0346586
0.0094235
0.0258203
0.0222900
0.0030278
0.0308119
0.0014449
0.0354880
0.0077958
0.0137805
-0.0002266
-0.0555756
0.0124863
-0.0258319
-0.0667113
-0.0171069
0.0543250
-0.0164222
-0.0261483
0.0462924
0.0764620
-0.0154272
0.0245288
0.0196859
-0.0140259
0.0267558
-0.0284390
-0.0619283
-0.0232570
-0.0479027
0.0121215
0.0161416
0.0162480
-0.0222290
0.0858195
0.0714811
0.1134530
0.0964127
0.0464439
0.0647787
0.0295405
0.0100072
-0.0930433
-0.1711770
-0.2152397
-0.2268497
-0.1584407
-0.0034602
0.3143930
0.4716893
0.4001556
0.1518678
-0.0950905
-0.3121022
-0.2941613
-0.1800949
-0.1250261
-0.0230112
0.0201513
0.0843438
0.0845439
0.1123991
0.0758953
0.0456128
0.0446056
0.0194957
0.0309484
-0.0460986
-0.0679669
-0.0580331
-0.0025673
-0.0076147
-0.0226853
-0.0550971
0.0077691
0.0479643
0.0278106
0.0541673
0.0417622
0.0474258
0.0267789
-0.0181491
-0.0261264
0.0260826
-0.0482111
-0.0037819
-0.0571624
-0.0001538
-0.0001688
-0.0100491
-0.0211514
0.0166675
0.0307916
0.0201404
0.0360871
0.0350693
0.0308647
0.0321000
-0.0168045
0.0391146
0.0258198
-0.0285778
-0.0635992
-0.0230270
-0.0141804
-0.0190658
0.0099584
-0.0009553
-0.0315056
0.0544043
0.0646648
0.0255230
0.0455772
0.0667970
0.0448787
0.0580332
0.0164337
-0.1025140
-0.1543115
-0.2300938
-0.2246193
-0.1840147
-0.0906100
0.1982997
0.3615780
0.3671567
0.2462094
0.0129185
-0.2247791
-0.2874418
-0.2081547
-0.1249734
-0.0541357
0.0121486
0.0649164
0.0818144
0.0606668
0.0375311
0.0816192
0.0275028
0.0057703
0.0339868
-0.0387666
-0.0401049
-0.0783794
-0.0243147
-0.0357711
-0.0486693
-0.0371114
-0.0067741
0.0003200
-0.0023733
-0.0150994
0.0363741
0.0530519
0.0199907
-0.0039706
0.0339385
-0.0179603
0.0024068
0.0056553
-0.0107054
-0.0331022
0.0295331
-0.0352855
0.0091714
0.0414730
0.0268558
0.0168651
0.0534333
0.0022486
0.0066999
-0.0113019
-0.0376071
-0.0160083
0.0239664
-0.0101508
-0.0088884
-0.0351002
-0.0157407
-0.0758333
-0.0327019
0.0391981
0.0089928
-0.0080246
0.0754843
0.0971359
0.0637429
0.0917573
0.0254543
0.0144600
-0.0439584
-0.1132059
-0.1279825
-0.2056898
-0.3113300
-0.1882975
0.0386222
0.3366882
0.4514840
0.3845201
0.1364308
-0.1202598
-0.2336188
-0.2817499
-0.1506439
-0.1402248
-0.0186051
0.0241866
0.0597080
0.0949809
0.1008614
0.0329983
0.0530586
0.0306258
0.0148234
0.0290988
0.0122863
-0.0390351
-0.0814203
-0.0548063
-0.0325061
-0.0307889
0.0231935
0.0249781
-0.0192579
0.0513618
0.0110764
0.0383503
-0.0009014
0.0475002
0.0097078
-0.0047840
-0.0445800
-0.0414020
-0.0562498
-0.0631960
-0.0089747
0.0027949
0.0113883
-0.0465144
0.0129007
0.0332456
0.0123680
0.0502228
-0.0032398
0.0542833
0.0352354
-0.0383790
0.0032907
-0.0330391
-0.0426867
-0.0081463
-0.0164008
-0.0416064
-0.0644251
-0.0243469
0.0286912
0.0443132
0.0082976
0.0776510
0.0984403
0.0720761
0.0168031
0.0321552
0.0273630
-0.0796049
-0.0942317
-0.1949721
-0.2197564
-0.2172798
-0.0910481
0.1198454
0.3930934
0.5041683
0.3540447
0.0587002
-0.2515072
-0.2783238
-0.2288250
-0.1765896
-0.0869935
-0.0436516
0.0263111
0.0909930
0.0894358
0.0993714
0.0281813
0.0919101
-0.0048639
-0.0421990
0.0171964
-0.0169413
-0.0138570
-0.0504533
-0.0006047
-0.0621917
-0.0700228
0.0113011
-0.0186314
-0.0088777
0.0228304
0.0654882
-0.0207809
0.0468720
0.0520843
0.0282614
0.0224350
-0.0186299
-0.0116184
-0.0164621
-0.0179126
-0.0469548
0.0098423
-0.0561774
-0.0105488
-0.0291569
0.0240612
0.0218999
-0.0129229
-0.0160833
0.0056856
0.0235982
-0.0080637
-0.0113734
-0.0281643
-0.0370646
-0.0379875
-0.0185327
-0.0412278
-0.0563438
-0.0374994
-0.0291225
0.0622109
0.0566378
0.0648588
0.0529925
0.0425803
0.0495859
-0.0260037
-0.0279648
-0.1020337
-0.1292976
-0.2207245
-0.2445862
-0.1863001
-0.0538933
0.2645939
0.4010088
0.4084547
0.1943384
-0.0781337
-0.2491560
-0.3320099
-0.2407955
-0.0776131
-0.0683620
0.0497587
0.0605224
0.1059703
0.1015323
0.0647122
0.0826511
0.0082727
0.0167426
0.0219397
-0.0438634
-0.0315380
-0.0543223
0.0020641
0.0161790
-0.0106288
-0.0518274
0.0128082
-0.0178544
0.0600065
-0.0321630
0.0266200
0.0249347
-0.0061677
-0.0182412
-0.0338305
-0.0284907
-0.0699928
-0.0364994
-0.0638606
-0.0054091
-0.0086686
-0.0484040
0.0315749
0.0313439
0.0243755
0.0354174
0.0642059
-0.0152437
0.0435293
0.0322013
0.0159842
0.0723395
-0.0182578
