0.4491230
0.3773640
0.1250034
-0.1157099
-0.2476916
-0.2251873
-0.1941633
-0.0643115
0.0203540
0.0309241
0.0874134
0.0611597
0.0856462
0.0815910
0.0169907
-0.0139511
-0.0198219
-0.0158467
-0.0424196
-0.0141954
-0.0162510
-0.0416159
-0.0413831
-0.0156374
0.0049303
0.0260132
0.0463062
0.0518436
0.0503994
0.0638909
0.0349805
0.0586853
0.0452392
0.0344300
0.0143481
-0.0308978
-0.0053891
-0.0195367
-0.0152006
-0.0156346
-0.0108166
0.0574060
0.0315073
0.0269910
-0.0067765
0.0288641
0.0094138
0.0399142
0.0524264
0.0453121
0.0020119
0.0007244
-0.0153355
-0.0803097
-0.0302626
0.0020324
-0.0517170
-0.0100406
0.0295380
0.0059330
0.0748527
0.0286209
0.0698878
0.1132197
0.0530459
0.0332312
-0.0591025
-0.0767234
-0.0973253
-0.1831518
-0.1968552
-0.1906963
-0.0997593
0.1706156
0.3482163
0.4592711
0.2943698
0.0149840
-0.2118751
-0.2728831
-0.2210846
-0.1192162
-0.0431413
0.0065333
0.0280053
0.1341242
0.0823955
0.0179120
0.0594020
0.0613731
-0.0093593
-0.0072676
-0.0082959
-0.0010048
-0.0226869
-0.0615834
-0.0344298
-0.0305964
-0.0551484
0.0177747
0.0056277
-0.0394985
0.0445786
-0.0116605
0.0553372
0.0696025
0.0527697
-0.0150101
-0.0198264
-0.0037684
-0.0446908
-0.0590987
-0.0491182
-0.0367126
-0.0223736
-0.0263442
0.0376117
0.0295261
-0.0232771
0.0172913
-0.0119301
0.0028340
0.0279052
0.0524216
0.0110781
-0.0225441
-0.0401982
-0.0570343
-0.0115560
-0.0323978
-0.0154731
-0.0277974
0.0066006
0.0323929
0.0513457
0.0617678
0.0824141
0.0591324
0.0189988
0.0358268
-0.0022500
-0.1168403
-0.1070505
-0.2002229
-0.2237563
-0.1849675
-0.0495019
0.2097219
0.4006459
0.4428578
0.1932929
-0.0178075
-0.2622837
-0.2759131
-0.2250346
-0.1885995
-0.0142537
-0.0199438
0.0911199
0.0953914
0.0958507
0.1248003
0.0709046
0.0608280
0.0364436
0.0029137
-0.0502810
0.0061989
-0.0073846
-0.0290231
-0.0254723
-0.0138536
-0.0268971
0.0082087
0.0292092
-0.0113786
0.0553440
0.0489582
0.0268881
0.0080700
0.0614185
0.0135794
-0.0389618
-0.0337608
0.0211583
-0.0326215
-0.0130746
0.0368406
-0.0269225
-0.0439089
0.0267812
0.0218936
0.0176296
0.0174636
0.0051581
0.0228527
0.0279364
0.0388411
0.0025191
-0.0579355
-0.0343384
-0.0109883
-0.0618803
-0.0622882
0.0039305
-0.0685920
-0.0109465
-0.0096554
0.0129680
0.0212665
0.0208598
0.0928326
0.1134417
0.0686099
0.0217155
-0.0381015
-0.0431053
-0.1584712
-0.1867851
-0.2228046
-0.2042154
-0.0786458
0.1922127
0.3867362
0.4057539
0.2149291
-0.0986447
-0.2154586
-0.2771175
-0.2418511
-0.0899929
-0.0626687
-0.0247702
0.0157586
0.0672673
0.0824121
0.0447684
0.0427361
0.0514776
-0.0148123
0.0169651
-0.0213111
-0.0435987
-0.0151750
-0.0093011
-0.0252756
-0.0053230
-0.0362137
0.0096663
0.0333645
0.0607135
0.0127249
0.0558039
0.0489188
0.0361017
0.0542365
0.0467211
0.0083620
0.0217392
-0.0222503
-0.0086193
-0.0271854
-0.0573186
-0.0339338
0.0198206
-0.0203204
0.0081698
0.0002123
0.0068646
0.0178030
-0.0045839
0.0481211
0.0423344
-0.0537474
-0.0196367
-0.0194132
-0.0481492
0.0036756
-0.0193667
0.0003997
-0.0402786
0.0249619
0.0061793
0.0487098
0.0734382
0.0786780
0.0774735
0.0550941
0.0232316
-0.0085398
0.0009412
-0.1155264
-0.1716407
-0.2390943
-0.2577596
-0.1383393
0.0589082
0.3656067
0.4731213
0.3924853
0.1473345
-0.2016136
-0.3056022
-0.3014433
-0.1693388
-0.0781787
-0.0267255
0.0193498
0.0547565
0.1173667
0.0667335
0.0754499
0.0073723
0.0280217
0.0571018
0.0343529
-0.0773589
-0.0625782
-0.0381041
-0.0696203
0.0029677
-0.0811734
0.0145060
0.0308992
0.0351581
0.0564139
0.0568970
0.0516571
0.0412753
0.0480599
0.0382029
0.0161301
0.0015673
0.0302258
-0.0328615
-0.0636606
-0.0420582
0.0266991
-0.0332616
-0.0409781
-0.0429946
0.0341222
0.0443587
0.0601739
0.0389412
0.0199233
-0.0085933
-0.0035779
0.0271594
0.0288594
-0.0054521
-0.0695070
-0.0162671
-0.0265933
-0.0059377
0.0018922
-0.0492724
0.0516734
0.0067899
0.0229604
0.0926279
0.0702525
0.0727513
0.0528681
0.0097168
-0.0394309
-0.0627043
-0.1503707
-0.1975377
-0.2477453
-0.1686984
-0.0054405
0.2445352
0.4250854
0.3686736
0.1229424
-0.0768059
-0.2155474
-0.2440671
-0.1797196
-0.0900412
0.0039499
0.0441486
0.0492200
0.0815656
0.0979143
0.0403751
0.0109011
0.0371397
0.0073596
-0.0426810
-0.0119608
-0.0362597
-0.0390246
-0.0186555
0.0051790
-0.0442546
0.0267785
-0.0303729
0.0229575
0.0290860
0.0490858
0.0688568
-0.0038786
-0.0214693
0.0108736
-0.0377103
-0.0535621
-0.0459755
0.0238536
-0.0279040
-0.0607020
-0.0399865
-0.0169371
-0.0225535
0.0219248
-0.0455125
-0.0162247
0.0068202
-0.0119344
0.0298573
0.0542305
0.0166589
-0.0510885
-0.0286082
-0.0269507
-0.1104022
-0.0368138
0.0002350
-0.0107846
-0.0213869
0.0333834
0.0759855
0.0492447
0.0505315
0.0319791
0.0617984
0.0060000
-0.0334204
-0.0170219
-0.0586843
-0.1615473
-0.2014658
-0.2324714
-0.1295143
0.0342788
0.2645826
0.4275171
0.3322661
0.1432493
-0.0902270
-0.2569527
-0.2445934
-0.1749062
-0.1391386
0.0174021
0.0135992
0.0728694
0.0943412
0.0598071
0.1216687
0.0776131
-0.0069967
0.0247234
-0.0328322
-0.0091297
-0.0126708
-0.0003852
-0.0495852
-0.0661306
-0.0264095
-0.0110422
0.0541110
0.0304627
0.0066684
0.0476686
0.0366556
-0.0027530
0.0010897
0.0075698
0.0459384
-0.0012533
-0.0266104
-0.0546788
-0.0340326
0.0152034
-0.0049172
-0.0160462
0.0313120
0.0258498
0.0337735
0.0606109
0.0531261
0.0419815
-0.0175280
0.0348036
0.0048249
0.0404166
-0.0383782
0.0066728
