0.4018749
0.4160151
0.2299105
-0.0272323
-0.2004561
-0.2906298
-0.2750981
-0.1545491
-0.0934834
-0.0400841
0.0904481
0.0778616
0.0317695
0.0915921
0.0965324
0.0642220
0.0158746
-0.0347878
0.0088474
-0.0612585
-0.0847660
-0.0145665
-0.0774147
-0.0008826
-0.0102040
-0.0086229
0.0277941
-0.0158377
0.0545538
0.0168114
0.0083017
-0.0157091
0.0543268
-0.0211741
-0.0356786
0.0196242
-0.0059069
-0.0133825
-0.0745205
-0.0127995
0.0104802
-0.0303304
-0.0206378
0.0219277
0.0617237
0.0150966
0.0020785
0.0205963
0.0114110
0.0336873
0.0084800
-0.0426385
-0.0546420
-0.0340025
-0.0608185
-0.0442410
-0.0430143
-0.0032227
-0.0116973
-0.0301905
0.0520205
0.0202547
0.0393598
0.0396173
0.0698194
0.0901977
-0.0065180
-0.0131581
-0.0345261
-0.1193647
-0.1928961
-0.2460878
-0.2293833
-0.0159321
0.1866582
0.3957794
0.4436474
0.1924827
-0.0488712
-0.2297626
-0.2661653
-0.2007550
-0.0868676
-0.0405874
0.0159045
0.0306744
0.0774731
0.1156396
0.1004866
0.0803995
0.0115660
0.0046851
0.0404973
-0.0329726
-0.0545677
-0.0383944
-0.0303751
0.0020721
-0.0324496
-0.0091555
0.0168345
-0.0210831
0.0325693
0.0008211
0.0564293
0.0056884
0.0276173
-0.0327456
0.0195551
-0.0004691
0.0176115
0.0072753
-0.0432776
-0.0455117
0.0086514
-0.0382820
0.0106179
0.0104382
0.0287268
0.0043423
-0.0123713
0.0455601
0.0375281
0.0271104
-0.0152265
0.0032985
-0.0351296
-0.0154159
-0.0669523
-0.0377891
-0.0170836
0.0015800
-0.0241983
-0.0458061
0.0324718
-0.0012854
0.0417589
0.0409710
0.0453351
0.0344500
0.0458066
0.0404239
-0.0070978
-0.0279038
-0.1353198
-0.2039786
-0.2581637
-0.2208786
0.0440059
0.2702027
0.4450461
0.4118116
0.1315720
-0.0976993
-0.3041579
-0.2785480
-0.2219330
-0.0819393
-0.0683443
0.0202275
0.0327130
0.1210178
0.0609871
0.0537629
0.0564117
0.0498887
-0.0223193
-0.0064299
-0.0076386
-0.0702218
-0.0548121
-0.0176860
-0.0016344
-0.0104713
-0.0409240
-0.0384431
-0.0038298
0.0271447
0.0232703
0.0065095
0.0230943
0.0120664
0.0202033
0.0262117
-0.0015878
0.0215444
-0.0593947
0.0007209
-0.0087759
-0.0633262
-0.0391581
0.0485964
0.0062899
-0.0366712
0.0266209
0.0831094
0.0044277
0.0038140
0.0358192
-0.0176262
0.0209577
-0.0058081
-0.0686286
-0.0236456
-0.0494165
-0.0006672
0.0152555
0.0243914
-0.0258581
0.0606169
0.0823784
0.0945451
0.1162631
0.0471693
0.0650602
0.0384417
0.0176862
-0.0598239
-0.1624845
-0.1993661
-0.2376063
-0.1741548
-0.0660690
0.2411370
0.4518754
0.4431351
0.2150083
-0.0300824
-0.2755330
-0.3180493
-0.2046233
-0.1376469
-0.0522968
0.0184103
0.0613023
0.0980949
0.0923964
0.1064044
0.0305785
0.0645382
0.0060110
0.0477252
-0.0375632
-0.0579065
-0.0738505
-0.0068823
-0.0084193
-0.0123889
-0.0551103
-0.0127266
0.0473299
0.0299831
0.0473285
0.0476149
0.0437480
0.0368780
-0.0064753
-0.0357590
0.0247462
-0.0336968
-0.0164297
-0.0399347
-0.0256235
0.0134345
-0.0147524
-0.0158533
0.0005634
0.0359162
0.0186503
0.0320004
0.0390131
0.0267616
0.0407519
-0.0128927
0.0237252
0.0381452
-0.0149369
-0.0618702
-0.0349977
-0.0114185
-0.0206750
0.0010428
0.0111402
-0.0356127
0.0314568
0.0737859
0.0306504
0.0362492
0.0669006
0.0496763
0.0527131
0.0398604
-0.0769957
-0.1436136
-0.2103461
-0.2388952
-0.1877626
-0.1371306
0.1253981
0.3405578
0.3759990
0.2897592
0.0771728
-0.1749889
-0.2926325
-0.2305194
-0.1452462
-0.0701169
-0.0053211
0.0559268
0.0797194
0.0711797
0.0350153
0.0737388
0.0499322
-0.0036388
0.0392257
-0.0239857
-0.0404001
-0.0708622
-0.0433034
-0.0217106
-0.0539204
-0.0378407
-0.0171560
0.0030237
-0.0017929
-0.0146594
0.0200300
0.0561506
0.0313559
-0.0072736
0.0312704
-0.0056664
-0.0070365
0.0074178
-0.0013530
-0.0396089
0.0232641
-0.0195321
-0.0111258
0.0405579
0.0339110
0.0107018
0.0524654
0.0138828
0.0034044
-0.0040621
-0.0316683
-0.0306234
0.0246590
-0.0052572
-0.0059164
-0.0330331
-0.0165859
-0.0591037
-0.0595069
0.0345663
0.0179214
-0.0092700
0.0462486
0.1108675
0.0576242
0.0967397
0.0384685
0.0178690
-0.0245372
-0.0998460
-0.1269003
-0.1722814
-0.3028496
-0.2353478
-0.0257141
0.2660748
0.4484333
0.4120509
0.2169883
-0.0768210
-0.2047693
-0.2919704
-0.1788394
-0.1409644
-0.0581547
0.0288181
0.0408245
0.0937900
0.1019724
0.0523243
0.0383088
0.0483176
0.0073355
0.0319560
0.0162933
-0.0209554
-0.0791944
-0.0634339
-0.0355162
-0.0324180
0.0041330
0.0411840
-0.0251683
0.0431016
0.0184024
0.0344161
0.0057777
0.0348373
0.0257952
-0.0052080
-0.0316170
-0.0486727
-0.0448435
-0.0723559
-0.0183382
-0.0007914
0.0158050
-0.0349526
-0.0130402
0.0449155
0.0038126
0.0524791
0.0038812
0.0358793
0.0546992
-0.0296007
-0.0104419
-0.0121080
-0.0563575
-0.0057330
-0.0199750
-0.0251436
-0.0722744
-0.0294519
0.0073872
0.0578347
0.0021858
0.0638090
0.0951057
0.0869658
0.0240714
0.0246135
0.0398279
-0.0549273
-0.0939442
-0.1613754
-0.2286366
-0.2148807
-0.1437897
0.0692437
0.3186261
0.5127539
0.4005972
0.1504280
-0.1985920
-0.2900502
-0.2381845
-0.1949138
-0.1074124
-0.0512649
0.0016464
0.0859399
0.0849060
0.1079451
0.0369613
0.0763699
0.0360563
-0.0581198
0.0161471
-0.0128082
-0.0099851
-0.0470098
-0.0131228
-0.0344216
-0.0903068
0.0044462
-0.0128782
-0.0116994
0.0071235
0.0694622
-0.0041853
0.0191054
0.0677086
0.0223056
0.0357052
-0.0187211
-0.0067802
-0.0238997
-0.0044215
-0.0563310
0.0093488
-0.0454425
-0.0237407
-0.0213560
0.0024128
0.0376553
-0.0143108
-0.0101284
-0.0099677
0.0324826
-0.0084566
-0.0040106
