0.2371405
0.1771344
0.0721073
0.0126458
-0.0292622
-0.0391363
-0.0409355
-0.0624677
-0.0333263
-0.0159850
0.0031954
-0.0001527
0.0236347
0.0634023
-0.0005803
0.0253771
0.0396339
0.0300068
-0.0070119
-0.0043872
0.0020257
-0.0251203
-0.0004982
-0.0307137
0.0008215
0.0028813
0.0049595
0.0300054
0.0149496
0.0164752
-0.0115977
0.0200517
-0.0258659
0.0211951
0.0019108
-0.0051133
0.0014932
-0.0003520
0.0217580
0.0176580
-0.0087208
-0.0200514
0.0206713
0.0389881
0.0026017
-0.0106293
0.0001166
-0.0290331
-0.0027218
0.0015813
-0.0138385
0.0023988
0.0160377
0.0095438
0.0238385
0.0065701
-0.0308660
-0.0107138
0.0190026
0.0114784
0.0082080
0.0174911
-0.0036263
-0.0099891
0.0016451
0.0263650
-0.0090544
0.0005535
0.0443661
-0.0194266
-0.0119956
-0.0239835
0.0180950
0.0278941
0.0102214
0.0065661
0.0169687
0.0098929
0.0307906
0.0127400
-0.0179947
-0.0091355
0.0182219
0.0071940
-0.0180917
-0.0160877
-0.0160328
0.0129781
-0.0204288
0.0011533
-0.0124134
-0.0144540
-0.0059546
0.0132214
-0.0194818
0.0182874
-0.0224667
-0.0234429
0.0118813
-0.0206370
0.0112372
0.0151918
0.0120263
0.0191009
0.0153468
0.0068996
0.0198131
-0.0081704
-0.0125036
0.0032606
0.0305921
0.0160858
0.0058760
0.0136479
0.0216094
0.0245365
0.0099439
-0.0125286
0.0020837
-0.0026644
0.0390121
0.0143697
-0.0181291
-0.0305388
-0.0113008
0.0084072
0.0049137
0.0409204
-0.0134239
-0.0145141
0.0108105
0.0285104
0.0017181
-0.0008468
-0.0038591
0.0248382
-0.0069080
-0.0215398
0.0188238
0.0243818
-0.0077531
-0.0229167
-0.0114714
0.0007505
-0.0197915
0.0201299
0.0036048
0.0260453
-0.0125644
0.0106645
-0.0201673
-0.0145861
0.0084536
0.0162588
-0.0161768
-0.0236982
0.0011906
-0.0072016
0.0216370
0.0010926
-0.0017961
0.0235768
0.0386950
0.0215272
0.0359921
0.0040129
0.0331229
0.0052208
-0.0089142
-0.0009491
-0.0223015
0.0065904
-0.0091740
-0.0241681
-0.0378532
0.0055540
0.0479375
0.0346247
0.0452182
-0.0046473
0.0152346
-0.0155098
0.0230553
0.0037596
-0.0451895
-0.0163600
-0.0484537
-0.0282421
0.0162151
0.0252861
0.0520752
0.0432896
0.0234681
0.0558724
0.1000103
0.1206867
-0.0356325
-0.2556906
-0.3125194
-0.2334012
0.0368162
0.1733400
0.2180232
0.1294718
0.0438305
-0.0105171
-0.0414016
-0.0793175
-0.0863231
-0.0288710
-0.0404107
-0.0397071
-0.0021738
-0.0105103
0.0316993
0.0341506
0.0389702
0.0404705
0.0122878
0.0050115
-0.0104001
-0.0005157
0.0264084
0.0071056
-0.0275983
0.0042423
-0.0467595
0.0008981
0.0240941
0.0017974
0.0030892
-0.0096128
0.0408438
0.0012847
0.0041804
-0.0165996
0.0030501
0.0062628
-0.0117263
-0.0010477
0.0029225
0.0044239
-0.0042609
-0.0027960
0.0200712
0.0040092
0.0110620
0.0325394
0.0056313
0.0109739
-0.0157704
-0.0206808
-0.0129399
0.0152390
0.0200111
-0.0206443
0.0022170
-0.0011442
0.0113102
-0.0039120
0.0027807
-0.0254235
0.0019668
-0.0093339
0.0084687
0.0256400
-0.0358519
0.0125709
-0.0022786
-0.0116062
0.0411342
-0.0095298
-0.0115529
-0.0233741
-0.0042635
0.0311929
0.0001106
0.0273888
0.0063804
0.0037537
0.0172044
0.0338786
0.0138674
0.0040273
-0.0034183
-0.0045480
0.0029318
0.0121402
0.0399972
-0.0289073
0.0224572
0.0196479
0.0023876
0.0281217
0.0098580
0.0026873
-0.0165662
0.0043934
0.0018931
0.0393739
0.0176980
-0.0270744
-0.0030473
0.0162574
0.0330597
0.0085159
-0.0263430
-0.0279632
-0.0193563
0.0126791
-0.0078957
-0.0060803
-0.0219052
0.0020009
-0.0071953
-0.0156972
-0.0072335
0.0339516
0.0106756
0.0051452
0.0203537
-0.0130116
0.0020863
-0.0099932
-0.0080733
-0.0079935
0.0068654
0.0148083
0.0122542
0.0053882
-0.0404875
-0.0259872
0.0028414
-0.0153144
0.0022434
-0.0055499
-0.0092142
-0.0194517
-0.0320277
-0.0098332
0.0025782
0.0031007
-0.0131610
-0.0132792
0.0099952
0.0007299
-0.0320917
0.0150777
-0.0258038
0.0123867
-0.0017535
-0.0016382
0.0299161
-0.0102969
0.0040214
0.0076952
-0.0143583
-0.0132214
-0.0012494
-0.0000060
0.0047968
0.0203247
-0.0264413
0.0234204
0.0064845
-0.0099746
-0.0190289
0.0104106
0.0148542
-0.0114111
-0.0442569
-0.0059220
-0.0068354
-0.0356389
0.0182830
0.0022133
0.0057474
0.0192459
-0.0194397
0.0072653
0.0202356
0.0008782
-0.0089807
-0.0185919
-0.0372703
-0.0290129
-0.0627159
-0.0565514
-0.0149597
0.0404126
0.0698034
0.0324797
0.0726445
0.1237722
0.1261536
0.0866216
-0.1610679
-0.3252906
-0.2649445
-0.0339106
0.1730147
0.2226859
0.1491140
0.0219058
-0.0110254
-0.0307264
-0.0149203
-0.0322989
-0.0646705
-0.0503601
-0.0020494
-0.0429959
-0.0004408
0.0382821
0.0421491
0.0108543
0.0264574
0.0025718
0.0352123
0.0197506
0.0021928
-0.0005399
-0.0008799
0.0033201
0.0116524
-0.0032196
0.0163088
0.0212235
0.0090885
-0.0015056
-0.0202947
0.0262011
0.0156308
-0.0033154
-0.0187462
0.0262991
0.0003885
-0.0016661
-0.0291838
-0.0402132
0.0236883
0.0049758
0.0376074
0.0123578
0.0138885
-0.0147895
-0.0208599
0.0269247
-0.0071520
-0.0027438
-0.0284427
0.0084021
-0.0142555
0.0022105
0.0301973
-0.0200207
0.0123078
0.0241901
0.0260727
0.0032976
-0.0224419
-0.0213413
-0.0028337
0.0156076
-0.0020361
-0.0119730
-0.0068444
0.0002309
0.0117752
0.0050286
0.0241781
-0.0252460
-0.0122581
-0.0055451
0.0268743
-0.0196733
0.0096394
0.0148088
-0.0169795
0.0016040
-0.0262741
-0.0054439
0.0160305
-0.0091628
-0.0186617
-0.0198972
-0.0103647
0.0186239
0.0299971
-0.0030738
0.0098603
-0.0149546
0.0084200
-0.0175344
-0.0278542
-0.0092537
0.0343704
-0.0189121
0.0162385
0.0344289
