0.4250854
0.3686736
0.1229424
-0.0768059
-0.2155474
-0.2440671
-0.1797196
-0.0900412
0.0039499
0.0441486
0.0492200
0.0815656
0.0979143
0.0403751
0.0109011
0.0371397
0.0073596
-0.0426810
-0.0119608
-0.0362597
-0.0390246
-0.0186555
0.0051790
-0.0442546
0.0267785
-0.0303729
0.0229575
0.0290860
0.0490858
0.0688568
-0.0038786
-0.0214693
0.0108736
-0.0377103
-0.0535621
-0.0459755
0.0238536
-0.0279040
-0.0607020
-0.0399865
-0.0169371
-0.0225535
0.0219248
-0.0455125
-0.0162247
0.0068202
-0.0119344
0.0298573
0.0542305
0.0166589
-0.0510885
-0.0286082
-0.0269507
-0.1104022
-0.0368138
0.0002350
-0.0107846
-0.0213869
0.0333834
0.0759855
0.0492447
0.0505315
0.0319791
0.0617984
0.0060000
-0.0334204
-0.0170219
-0.0586843
-0.1615473
-0.2014658
-0.2324714
-0.1295143
0.0342788
0.2645826
0.4275171
0.3322661
0.1432493
-0.0902270
-0.2569527
-0.2445934
-0.1749062
-0.1391386
0.0174021
0.0135992
0.0728694
0.0943412
0.0598071
0.1216687
0.0776131
-0.0069967
0.0247234
-0.0328322
-0.0091297
-0.0126708
-0.0003852
-0.0495852
-0.0661306
-0.0264095
-0.0110422
0.0541110
0.0304627
0.0066684
0.0476686
0.0366556
-0.0027530
0.0010897
0.0075698
0.0459384
-0.0012533
-0.0266104
-0.0546788
-0.0340326
0.0152034
-0.0049172
-0.0160462
0.0313120
0.0258498
0.0337735
0.0606109
0.0531261
0.0419815
-0.0175280
0.0348036
0.0048249
0.0404166
-0.0383782
0.0066728
-0.0517937
-0.0376753
-0.0446676
-0.0687161
-0.0540646
0.0103555
0.0204436
0.0412617
0.0244925
0.0794343
0.1038637
0.0243028
0.0339347
-0.0320089
-0.0777562
-0.0933275
-0.1707319
-0.2266486
-0.2090774
-0.1221340
0.0651309
0.3384338
0.4952006
0.4217153
0.1198205
-0.1715049
-0.2802103
-0.2733260
-0.1768040
-0.1538575
-0.0367253
0.0030724
0.0612838
0.1139361
0.1225105
0.0835705
0.0650247
0.0845225
0.0532572
0.0157376
0.0024626
0.0029758
-0.0447493
-0.0285136
-0.0054610
-0.0388610
-0.0504921
-0.0032406
0.0191218
-0.0011092
0.0178528
0.0291219
0.0019171
0.0119396
0.0514206
-0.0120271
-0.0005813
-0.0242719
-0.0127026
-0.0119538
-0.0097076
0.0105898
-0.0165387
0.0183342
-0.0271468
0.0525293
0.0173256
0.0441976
0.0403044
-0.0103628
0.0293647
0.0135399
0.0337791
-0.0067708
-0.0485704
-0.0439104
-0.0448353
-0.0392688
-0.0858213
0.0093953
-0.0096874
0.0242936
0.0337239
0.0678622
0.1154078
0.1078618
0.1160145
0.0463384
-0.0460585
-0.0486881
-0.1225470
-0.1668135
-0.2053852
-0.1794554
-0.0405556
0.1901143
0.4097376
0.3983352
0.2885852
-0.0234060
-0.2513629
-0.3170528
-0.2091869
-0.1518043
-0.0185589
-0.0074780
0.0876377
0.0577239
0.0687541
0.0536034
0.1060902
0.0173779
-0.0027769
0.0381994
-0.0012971
-0.0822526
-0.0472694
-0.0497214
-0.0467017
-0.0653109
-0.0380061
-0.0224842
-0.0419881
0.0035141
0.0047311
0.0270305
0.0017512
-0.0027965
-0.0116697
0.0145317
0.0038744
-0.0240867
-0.0218441
-0.0040413
-0.0549281
-0.0367419
-0.0471207
0.0093884
0.0211469
0.0116087
0.0431993
0.0414862
0.0250432
0.0595079
0.0601285
0.0011718
-0.0208037
0.0061269
-0.0287820
-0.0735892
-0.0349085
-0.0289475
-0.0044713
-0.0488101
-0.0066579
0.0236144
0.0672875
0.0741276
0.1096422
0.1108922
0.1008663
0.0267980
0.0163669
0.0068024
-0.0543266
-0.1228141
-0.1395409
-0.2195389
-0.2849099
-0.1371389
0.1323517
0.3992363
0.4884238
0.3635751
0.0643205
-0.2124618
-0.3333855
-0.2521104
-0.1472624
-0.1264120
-0.0421912
0.0521940
0.0986317
0.1220418
0.0916481
0.0568304
0.0069737
0.0402447
0.0022218
-0.0020522
-0.0524733
-0.0983067
-0.0268631
-0.0040107
-0.0458086
-0.0207196
-0.0331050
0.0412419
0.0016370
-0.0228215
-0.0059023
0.0015504
0.0496087
0.0452562
-0.0033118
0.0191448
-0.0134798
-0.0431697
0.0108074
0.0095323
-0.0407137
0.0179385
-0.0115812
0.0024397
-0.0291603
0.0163456
-0.0014978
0.0045548
-0.0299528
0.0200078
0.0214579
-0.0144190
0.0676559
-0.0225468
-0.0248875
-0.0311983
-0.0446793
-0.0155632
-0.0419530
-0.0570014
-0.0096080
-0.0067657
-0.0038904
0.0529308
0.1102359
0.0951091
0.0663901
0.0808089
-0.0064829
-0.0411423
-0.0392416
-0.1150112
-0.1998061
-0.2395356
-0.1785650
-0.0244763
0.2359005
0.4065914
0.4472982
0.2706191
-0.0012917
-0.2833806
-0.2811893
-0.2035520
-0.1842446
-0.1008090
-0.0409307
0.0481568
0.1254356
0.0903759
0.0698291
0.0408114
0.0771864
0.0564647
0.0187319
0.0002448
-0.0316541
-0.0349435
-0.0325125
0.0043828
-0.0250038
-0.0079603
0.0038576
-0.0373433
0.0108997
-0.0058568
0.0095756
0.0409849
0.0667414
0.0503988
0.0390662
-0.0275294
0.0238716
-0.0356041
-0.0525378
-0.0129471
-0.0092036
-0.0487724
-0.0104078
0.0033156
0.0037166
-0.0095147
0.0411821
-0.0149698
0.0143514
-0.0124482
-0.0072651
0.0211775
-0.0451468
-0.0202438
-0.0176916
-0.0561534
0.0065027
-0.0021641
-0.0578066
-0.0033203
-0.0315974
0.0604620
0.0448806
0.0510805
0.0897622
0.0436649
0.0288534
0.0538036
0.0143432
-0.0784429
-0.0659936
-0.1831555
-0.1974382
-0.2287240
-0.1170071
0.0795742
0.3547806
0.4621578
0.3411849
0.0664161
-0.1710673
-0.2984647
-0.2475685
-0.1628319
-0.1168654
-0.0080717
0.0000741
0.0637455
0.1221378
0.0808656
0.0498881
0.0710893
0.0312334
-0.0109198
-0.0420322
0.0034943
-0.0661665
-0.0731935
-0.0205178
-0.0548076
-0.0066665
-0.0323620
0.0182394
0.0040109
0.0463946
0.0581498
0.0275881
0.0418832
-0.0197761
0.0017117
-0.0143820
0.0198295
-0.0057636
-0.0391007
-0.0398643
-0.0354448
-0.0174508
-0.0609976
-0.0193018
0.0307980
0.0070375
-0.0157720
0.0397744
0.0043781
0.0012513
-0.0100874
0.0337015
