0.2869986
0.3463154
0.2227136
0.0310515
-0.1173384
-0.1908965
-0.1574015
-0.1371614
-0.0454325
0.0191520
0.0081933
0.0289613
0.0242136
0.0300499
0.0411765
0.0077961
-0.0222541
-0.0302575
0.0141495
0.0246065
0.0268518
0.0222120
-0.0204149
-0.0203935
-0.0364840
-0.0309869
0.0059965
0.0071970
-0.0401308
-0.0142640
-0.0185125
-0.0081491
0.0379307
0.0052383
0.0416106
0.0111141
-0.0010256
0.0023515
0.0058446
-0.0082423
-0.0103236
0.0125463
-0.0174370
0.0091712
-0.0060832
0.0095304
0.0245251
0.0076366
0.0407362
0.0103954
-0.0258649
0.0148235
0.0120868
0.0007592
0.0015376
-0.0204435
0.0420106
0.0056743
-0.0226685
0.0102559
-0.0189295
0.0210895
0.0084435
0.0160503
-0.0039530
-0.0298929
-0.0049574
0.0079864
-0.0069608
-0.0398085
-0.0271233
-0.0307562
-0.0281683
0.0317110
-0.0036202
-0.0012963
0.0494432
0.0208473
0.0136953
0.0249091
0.0130517
-0.0281868
-0.0244204
0.0161432
0.0175880
0.0260289
0.0251304
-0.0153292
-0.0114191
0.0342713
0.0132583
-0.0268348
0.0322128
-0.0125422
-0.0049083
0.0365179
-0.0152068
-0.0180346
-0.0174403
0.0068925
0.0104420
0.0295209
0.0006826
0.0015976
0.0145359
-0.0236559
0.0063618
0.0355767
0.0019869
-0.0215033
0.0044744
0.0034110
-0.0023840
0.0119298
0.0085730
0.0241892
0.0072730
-0.0351587
0.0090436
0.0457769
0.0204094
-0.0165515
0.0026228
0.0113992
-0.0425969
-0.0244542
0.0239199
-0.0031166
-0.0154420
0.0084657
-0.0053472
-0.0300633
-0.0118414
0.0050620
-0.0004165
-0.0298275
-0.0222068
0.0287750
-0.0110018
0.0104533
0.0319806
-0.0018289
-0.0032023
0.0223154
0.0005506
-0.0325245
0.0317201
-0.0146317
-0.0398761
0.0316821
0.0392595
0.0457777
-0.0060780
-0.0270502
0.0228472
0.0026654
0.0273928
-0.0163271
-0.0182064
-0.0114675
0.0034528
0.0240748
-0.0086822
0.0416338
0.0205286
-0.0022365
0.0436099
0.0232804
0.0211970
0.0385977
0.0131688
-0.0283320
-0.0160512
0.0215038
-0.0369287
-0.0477557
-0.0495802
-0.0577482
-0.0136996
0.0013054
-0.0123185
-0.0121423
-0.0070338
0.0395479
0.0888450
0.0401088
0.0309859
0.0390348
0.0184491
0.0139088
-0.0244914
-0.0595643
-0.1025757
-0.1856794
-0.2443693
-0.2176917
-0.1022281
0.0802238
0.2523548
0.3778058
0.3879811
0.1940725
-0.0411597
-0.1847350
-0.2842175
-0.2476900
-0.1338745
-0.0640531
-0.0271334
0.0240592
0.0798406
0.0563270
0.0694421
0.1020570
0.0373146
0.0195405
0.0363572
0.0034204
0.0258521
0.0060280
-0.0559097
-0.0155686
-0.0104456
-0.0297042
0.0140419
0.0338051
0.0382347
0.0112833
0.0028205
0.0410449
0.0143523
0.0101487
0.0297842
0.0436614
0.0215198
0.0179739
0.0198041
0.0011190
0.0082029
-0.0047428
0.0193200
-0.0036699
-0.0130130
0.0169733
0.0344127
0.0239797
-0.0045321
-0.0007817
-0.0210006
-0.0357664
-0.0062713
0.0139271
-0.0292145
0.0068109
0.0389197
-0.0137836
-0.0063158
-0.0168575
-0.0411419
-0.0395763
-0.0468349
0.0048799
-0.0120749
0.0064033
0.0302204
-0.0191017
0.0151909
0.0070382
0.0332214
0.0282412
-0.0129361
-0.0151202
0.0228918
0.0129288
-0.0302122
-0.0075088
0.0151649
0.0206322
-0.0332896
-0.0442395
-0.0193035
-0.0364614
-0.0217903
-0.0002626
-0.0292808
-0.0223179
0.0273896
0.0349878
0.0368814
-0.0063090
-0.0124737
0.0129779
0.0316558
0.0254012
-0.0216290
0.0019644
-0.0257044
-0.0276135
0.0486473
-0.0120478
0.0025790
0.0161401
-0.0298837
0.0123064
0.0036788
0.0375971
-0.0200959
-0.0094224
0.0298792
0.0054673
0.0035815
-0.0258184
0.0017982
0.0173711
0.0001912
0.0146723
-0.0245263
-0.0304385
-0.0139493
-0.0017367
0.0218957
0.0021567
-0.0079630
0.0035113
0.0140131
-0.0153661
0.0183355
-0.0007676
0.0045140
0.0287395
-0.0447615
-0.0189302
0.0097107
-0.0085208
0.0213728
0.0408151
0.0329241
0.0186361
-0.0025742
-0.0203164
-0.0391552
-0.0134159
0.0411512
0.0314147
-0.0104181
0.0104658
0.0076059
-0.0189069
0.0162501
-0.0033689
-0.0273111
0.0278150
0.0237465
0.0188167
0.0032308
-0.0150739
-0.0333694
-0.0055089
-0.0036279
-0.0426075
0.0191561
0.0175255
0.0314809
0.0321549
0.0225727
0.0417119
0.0498731
0.0192982
-0.0196664
-0.0013618
-0.0037554
0.0147695
0.0081090
-0.0206445
-0.0247662
-0.0305070
-0.0104489
0.0004864
-0.0309058
-0.0353873
-0.0086771
-0.0202719
-0.0411578
0.0373240
0.0556618
0.0276324
0.0567369
0.0677881
0.0747521
0.0301394
-0.0190114
-0.0824750
-0.0809919
-0.1152892
-0.2010141
-0.1779291
-0.1419532
-0.0070446
0.2031517
0.3062940
0.3887504
0.2809933
0.0575843
-0.1055874
-0.2478003
-0.2696521
-0.1901269
-0.0702345
0.0091040
0.0189324
0.0120352
0.0739968
0.0881087
0.0761730
0.0713954
0.0243268
0.0132749
-0.0234570
-0.0090248
0.0256456
-0.0069993
-0.0436203
-0.0355038
-0.0397667
-0.0406958
0.0093231
0.0105269
-0.0064438
0.0113796
0.0205288
0.0252991
0.0000850
-0.0208499
-0.0108527
0.0010088
0.0114736
-0.0053294
0.0045375
-0.0134186
0.0195451
0.0131285
-0.0255872
-0.0098776
-0.0163746
0.0038588
-0.0280224
-0.0038090
0.0437694
0.0070922
-0.0213573
0.0005795
0.0204556
0.0126823
-0.0040548
-0.0263483
-0.0341063
-0.0207435
-0.0171753
-0.0080593
0.0342636
0.0176196
-0.0298866
-0.0031103
-0.0102949
-0.0394276
-0.0119195
-0.0231840
-0.0078757
0.0142354
-0.0120815
0.0170684
0.0034153
-0.0213701
0.0345215
-0.0025449
-0.0457922
-0.0100809
0.0250441
-0.0121464
-0.0162747
0.0163903
-0.0242760
-0.0331093
-0.0418870
0.0074028
-0.0021232
0.0168598
0.0181955
-0.0244130
0.0381360
0.0115133
-0.0289551
0.0083221
0.0317389
-0.0140659
-0.0206244
-0.0039539
0.0233400
0.0084168
-0.0273912
