0.3091611
0.4036476
0.2635512
0.0615877
-0.1378377
-0.2835948
-0.2258476
-0.1554501
-0.1028321
-0.0045446
-0.0079534
0.0318991
0.0786746
0.0487389
0.0605400
0.0371347
0.0413180
0.0509955
0.0369290
-0.0184700
-0.0324002
-0.0556863
-0.0825145
-0.0251563
-0.0068817
-0.0613748
-0.0023919
0.0134077
-0.0117470
0.0361558
0.0353535
0.0129923
-0.0103785
0.0397413
0.0148353
0.0094599
0.0365926
-0.0004586
0.0010579
-0.0211599
-0.0227698
0.0114566
-0.0016075
0.0219602
0.0090411
-0.0315098
-0.0171796
-0.0105763
-0.0224597
-0.0299770
0.0041462
-0.0074813
-0.0363397
-0.0229116
0.0199798
0.0020057
0.0075007
0.0388193
0.0081522
-0.0068189
0.0376088
0.0141249
-0.0274780
0.0291671
0.0146582
-0.0150584
-0.0076143
0.0220211
0.0299925
0.0183135
-0.0093613
-0.0004693
-0.0068379
-0.0399013
-0.0200638
0.0113952
0.0068432
0.0009713
0.0090064
0.0091956
0.0005416
-0.0102463
0.0044698
-0.0240313
-0.0163094
0.0150768
-0.0088272
-0.0287794
0.0230434
0.0135646
-0.0101849
0.0286000
-0.0079106
-0.0148368
0.0420202
0.0153474
-0.0326283
-0.0267380
-0.0169760
0.0082012
0.0108004
-0.0285808
-0.0103511
-0.0164243
-0.0168198
0.0031078
-0.0012125
-0.0241733
-0.0305304
0.0015236
-0.0170329
-0.0223056
0.0051430
0.0128607
0.0118511
0.0181756
-0.0234135
-0.0425745
0.0017160
0.0146138
-0.0060332
0.0116045
0.0257112
-0.0148772
-0.0063002
-0.0152137
-0.0136792
0.0246323
-0.0171320
-0.0096083
-0.0439775
-0.0052624
0.0119883
-0.0017443
0.0242162
0.0067490
-0.0176188
-0.0154910
-0.0017600
0.0290404
0.0257941
-0.0004528
-0.0007422
-0.0256986
-0.0369833
0.0130439
0.0251314
-0.0150193
-0.0055847
0.0147042
-0.0106499
0.0155140
0.0184833
0.0297410
0.0257881
-0.0170981
-0.0439157
-0.0281069
0.0068973
-0.0286332
-0.0085614
-0.0121584
-0.0158325
-0.0283037
-0.0329838
0.0158563
0.0342569
0.0158451
-0.0018823
0.0316729
0.0079642
-0.0223326
-0.0252280
0.0099953
0.0234024
-0.0372064
0.0129626
-0.0415790
-0.0356638
-0.0304224
-0.0304148
-0.0011030
0.0097747
0.0435772
0.0495842
0.0635903
0.0794302
0.0776770
0.0372759
0.0324202
0.0368224
-0.0379241
-0.0460049
-0.0997982
-0.1305095
-0.1478592
-0.1343359
-0.1082470
-0.0323844
0.0882410
0.2885182
0.3838485
0.2494064
0.0723560
-0.0997026
-0.2355647
-0.2433342
-0.1534390
-0.0960359
-0.0201207
0.0251372
0.0008435
0.0617035
0.1075321
0.0525321
0.0292466
-0.0023765
0.0099724
0.0443613
0.0200643
-0.0297734
-0.0442391
-0.0513474
-0.0578153
-0.0124575
-0.0365058
-0.0055889
-0.0113299
0.0265273
0.0200146
-0.0129724
0.0282549
-0.0112154
0.0011411
0.0228820
0.0222170
0.0027214
-0.0300648
-0.0037797
-0.0261091
0.0048609
-0.0043613
-0.0191897
-0.0236276
0.0097175
-0.0045755
-0.0028452
0.0307490
-0.0134250
-0.0066902
0.0002623
-0.0248452
0.0011305
-0.0130667
0.0099211
0.0183636
-0.0137807
0.0281647
-0.0225769
-0.0390083
0.0135172
0.0332903
-0.0207083
0.0172740
-0.0029279
-0.0270947
0.0547385
-0.0064029
-0.0071695
0.0142964
-0.0117583
0.0032140
-0.0241328
0.0219962
-0.0069349
0.0147061
0.0119758
0.0234837
0.0282842
-0.0033321
0.0330301
0.0038599
-0.0129794
0.0122957
0.0073927
0.0009839
-0.0203558
0.0149082
0.0208797
0.0010822
0.0264551
0.0321244
0.0331483
0.0353467
-0.0015485
-0.0053605
0.0106869
0.0014362
-0.0002387
-0.0239295
-0.0290620
-0.0164929
0.0125416
0.0297187
-0.0323620
-0.0108387
0.0256850
0.0094542
-0.0062348
0.0240795
0.0169116
-0.0137468
0.0321694
0.0033549
-0.0072815
-0.0116258
-0.0210893
0.0272746
0.0004230
0.0148332
-0.0264295
-0.0327038
0.0229195
-0.0325951
-0.0022121
-0.0210488
-0.0052356
0.0298968
-0.0140036
-0.0241657
-0.0255259
-0.0084291
0.0195492
0.0008736
-0.0309377
-0.0129020
-0.0407479
-0.0363305
0.0204509
-0.0260753
-0.0135047
0.0082285
-0.0309457
0.0137886
0.0116948
0.0117418
0.0058049
-0.0345291
-0.0116576
-0.0092553
-0.0312870
-0.0202193
0.0457132
0.0280157
0.0054072
0.0240483
-0.0213587
0.0051022
0.0414100
-0.0394469
-0.0111598
-0.0107786
-0.0414664
-0.0065665
-0.0059883
0.0293890
0.0301578
0.0495428
0.0419395
0.0019329
0.0344473
-0.0195319
0.0102841
0.0017819
-0.0444738
-0.0080012
-0.0050422
-0.0584496
-0.0385723
-0.0133322
-0.0443198
-0.0035113
0.0241682
0.0485314
0.0687441
0.0573823
0.0792802
0.0461315
0.0267715
0.0234745
-0.0170504
-0.0773131
-0.0758181
-0.1253093
-0.1880202
-0.1832945
-0.1410688
-0.0092624
0.1146691
0.2797990
0.4108023
0.3173244
0.0620013
-0.1675132
-0.2470438
-0.2731274
-0.2121525
-0.0805752
-0.0347139
-0.0295853
0.0131850
0.0399745
0.0527821
0.0762817
0.0473364
0.0289468
0.0596219
0.0088598
-0.0417577
-0.0035001
-0.0531673
-0.0825577
-0.0375011
-0.0551457
-0.0403099
0.0038908
-0.0115791
0.0075671
0.0403879
0.0410021
0.0339249
-0.0018695
0.0091372
0.0408520
0.0270929
0.0092571
-0.0183520
-0.0247440
-0.0216181
-0.0246210
0.0101049
0.0130679
-0.0229232
0.0192788
0.0139492
-0.0049380
0.0072402
-0.0224673
0.0262809
0.0190297
0.0216799
0.0140391
-0.0107501
0.0344680
0.0144672
0.0028015
0.0174706
-0.0284342
-0.0259579
-0.0172092
-0.0339807
0.0017102
0.0216241
0.0251331
0.0262932
-0.0087442
-0.0072021
-0.0164487
0.0198077
0.0163578
-0.0257431
-0.0075481
0.0141130
0.0291115
-0.0078451
-0.0079679
0.0074451
-0.0371627
-0.0147899
0.0158470
-0.0062076
-0.0370893
-0.0144696
-0.0247263
-0.0187877
0.0172383
-0.0180260
-0.0319667
-0.0170959
-0.0390419
-0.0018399
0.0269457
-0.0123082
-0.0234183
-0.0297274
0.0032668
0.0299181
0.0140463
0.0356652
-0.0159378
