0.3203538
0.2470773
0.1404954
-0.0430516
-0.2075920
-0.2105619
-0.1760550
-0.1296991
-0.0466273
-0.0292369
-0.0273669
0.0029888
0.0129781
0.0610865
0.0919256
0.0414946
0.0198649
0.0318667
0.0135026
-0.0280111
-0.0225383
0.0055916
-0.0270476
-0.0344862
-0.0158880
-0.0587395
-0.0549415
-0.0154036
-0.0298219
0.0046204
0.0139209
0.0126797
0.0133795
0.0035425
0.0440509
0.0095592
0.0151068
0.0194834
-0.0367062
0.0021501
-0.0029723
-0.0500830
-0.0182894
-0.0346267
-0.0245303
0.0282832
0.0164023
0.0076007
-0.0297344
0.0018555
0.0226326
-0.0219228
-0.0260979
-0.0268204
0.0259731
-0.0218119
0.0103279
0.0425972
-0.0094169
-0.0030010
0.0159699
0.0232441
-0.0042329
-0.0063016
0.0042069
0.0033228
-0.0089220
-0.0070948
0.0171462
0.0070179
0.0158012
0.0256398
-0.0321808
-0.0130391
0.0386287
0.0180796
-0.0144030
0.0234281
-0.0013064
-0.0253052
0.0318624
0.0121314
0.0056972
0.0012090
0.0210517
0.0080943
-0.0033231
0.0432334
-0.0006708
-0.0243426
0.0284639
0.0243188
0.0214352
0.0242832
0.0040414
-0.0215146
-0.0358183
-0.0076786
0.0138621
0.0163946
0.0051738
-0.0268975
-0.0152225
-0.0032513
-0.0170339
-0.0099907
0.0095411
0.0301239
0.0271976
0.0180043
0.0079927
-0.0142199
0.0189972
0.0165590
-0.0114975
-0.0191761
-0.0153216
-0.0048871
-0.0022424
0.0338134
-0.0051600
-0.0385202
-0.0089428
0.0358363
0.0004496
-0.0359382
0.0061210
0.0165331
0.0269906
0.0207502
0.0277470
0.0329531
0.0029534
0.0002504
0.0179424
0.0160269
-0.0238714
-0.0291198
0.0283909
0.0270296
0.0255421
0.0130414
-0.0171347
0.0221224
0.0170823
-0.0200189
-0.0132621
-0.0199914
0.0170056
0.0440427
-0.0005404
-0.0310919
0.0004070
-0.0043696
-0.0431365
-0.0248159
-0.0191797
-0.0036905
0.0266041
-0.0026651
-0.0022868
0.0206046
-0.0013592
0.0205515
0.0268198
-0.0039935
0.0272317
0.0418604
0.0399178
0.0030853
-0.0438577
-0.0177005
-0.0046191
-0.0380492
-0.0703208
-0.0628517
-0.0028271
0.0249990
0.0045382
0.0204972
0.0570282
0.0459525
0.0350464
0.0379065
0.0527503
0.0825203
0.0170296
-0.0240992
-0.0677258
-0.0958153
-0.1292726
-0.1817369
-0.1748837
-0.1710979
-0.0521102
0.0842597
0.2452957
0.3904217
0.3763513
0.2005987
-0.0224988
-0.2111862
-0.3047078
-0.2135572
-0.1060919
-0.0499196
-0.0056037
0.0348871
0.0476714
0.0459079
0.0724937
0.1136355
0.1028658
0.0262375
0.0196307
0.0173692
0.0046682
-0.0266173
-0.0643561
-0.0450448
-0.0481953
-0.0344160
-0.0135496
-0.0388020
-0.0243677
0.0045382
-0.0012621
-0.0041463
-0.0063143
0.0030966
0.0385898
0.0310084
-0.0035669
0.0306225
-0.0175134
-0.0244416
0.0180661
-0.0068890
0.0250027
-0.0078512
-0.0395516
0.0224841
-0.0167911
-0.0323214
-0.0141212
-0.0271161
-0.0148898
-0.0066064
0.0246328
0.0306123
0.0107878
-0.0051548
-0.0215071
-0.0342402
0.0084690
0.0098823
-0.0197605
-0.0138117
-0.0126429
0.0101097
-0.0118429
-0.0181227
-0.0182696
-0.0138808
0.0107902
-0.0202676
-0.0234640
0.0014875
0.0024537
0.0196914
-0.0022066
0.0129965
0.0092236
0.0233284
-0.0083329
-0.0314823
0.0237236
-0.0258865
-0.0059473
-0.0180485
-0.0012355
0.0424954
-0.0208595
-0.0116980
0.0045955
-0.0107684
0.0193356
0.0171390
0.0269736
-0.0081183
0.0221472
-0.0027640
-0.0376501
0.0017012
-0.0255335
0.0035329
0.0161063
0.0170075
0.0328800
0.0106954
0.0309414
0.0259082
-0.0041519
0.0203160
0.0120737
0.0158759
0.0279119
0.0072830
0.0066461
-0.0147794
-0.0329943
0.0066087
0.0193010
0.0063859
-0.0145971
-0.0103397
0.0303352
-0.0119252
0.0017181
0.0226374
-0.0186841
0.0051055
0.0117181
0.0022157
0.0192475
0.0102075
-0.0019687
0.0174091
0.0282040
0.0262353
0.0169038
-0.0280009
-0.0216039
-0.0065642
-0.0388446
0.0200276
-0.0110292
-0.0200567
-0.0168035
-0.0265346
0.0060766
-0.0307090
0.0026734
0.0237615
0.0200551
0.0350054
-0.0041238
-0.0028582
0.0383790
-0.0229622
-0.0263130
0.0290721
0.0108760
0.0308615
0.0243178
0.0370166
-0.0284465
-0.0224310
0.0118768
-0.0085082
0.0345682
-0.0151185
0.0171415
0.0067595
0.0006654
0.0565353
0.0146822
-0.0203133
0.0104646
0.0201339
-0.0132968
-0.0469046
-0.0566814
-0.0683752
-0.0531439
-0.0020570
0.0061772
0.0044045
0.0032091
0.0346488
0.0709952
0.0250267
0.0670886
0.0561922
0.0329240
0.0231063
-0.0030854
-0.0021392
-0.0562912
-0.0711689
-0.1092157
-0.1566919
-0.1738265
-0.1340321
-0.0325735
0.1304300
0.2796000
0.3460129
0.2776450
0.0632178
-0.1067917
-0.2236363
-0.2050514
-0.1587162
-0.1134797
0.0096429
0.0180521
-0.0060711
0.0209969
0.0386351
0.0904903
0.0737605
0.0724277
0.0297248
0.0162584
0.0312568
-0.0399819
0.0075075
-0.0294447
-0.0629164
0.0002957
-0.0444594
-0.0104607
0.0168082
-0.0105545
0.0143011
-0.0107523
0.0344478
0.0201220
0.0078432
0.0383049
0.0381112
0.0117857
-0.0289491
-0.0049997
0.0027396
-0.0313416
-0.0157161
-0.0119401
0.0002211
0.0043334
0.0205884
-0.0079016
-0.0396098
0.0030651
-0.0055837
0.0173769
0.0017671
-0.0288962
-0.0100160
0.0206559
-0.0075377
-0.0026350
0.0325572
-0.0328201
-0.0270438
0.0124331
-0.0094261
-0.0389766
0.0017824
-0.0028161
-0.0157055
-0.0187580
-0.0269873
0.0307960
-0.0180619
-0.0213199
-0.0377364
0.0056235
0.0042424
-0.0148170
0.0347877
-0.0043926
0.0287758
0.0241610
0.0171694
-0.0242637
0.0034506
0.0201092
0.0041001
0.0326703
-0.0062902
0.0051827
0.0301665
0.0124633
-0.0183530
-0.0031671
0.0001536
0.0073531
-0.0029984
-0.0256152
0.0056345
0.0108596
0.0052283
-0.0343942
-0.0112612
-0.0207375
-0.0134742
-0.0096934
-0.0271251
