0.3904217
0.3763513
0.2005987
-0.0224988
-0.2111862
-0.3047078
-0.2135572
-0.1060919
-0.0499196
-0.0056037
0.0348871
0.0476714
0.0459079
0.0724937
0.1136355
0.1028658
0.0262375
0.0196307
0.0173692
0.0046682
-0.0266173
-0.0643561
-0.0450448
-0.0481953
-0.0344160
-0.0135496
-0.0388020
-0.0243677
0.0045382
-0.0012621
-0.0041463
-0.0063143
0.0030966
0.0385898
0.0310084
-0.0035669
0.0306225
-0.0175134
-0.0244416
0.0180661
-0.0068890
0.0250027
-0.0078512
-0.0395516
0.0224841
-0.0167911
-0.0323214
-0.0141212
-0.0271161
-0.0148898
-0.0066064
0.0246328
0.0306123
0.0107878
-0.0051548
-0.0215071
-0.0342402
0.0084690
0.0098823
-0.0197605
-0.0138117
-0.0126429
0.0101097
-0.0118429
-0.0181227
-0.0182696
-0.0138808
0.0107902
-0.0202676
-0.0234640
0.0014875
0.0024537
0.0196914
-0.0022066
0.0129965
0.0092236
0.0233284
-0.0083329
-0.0314823
0.0237236
-0.0258865
-0.0059473
-0.0180485
-0.0012355
0.0424954
-0.0208595
-0.0116980
0.0045955
-0.0107684
0.0193356
0.0171390
0.0269736
-0.0081183
0.0221472
-0.0027640
-0.0376501
0.0017012
-0.0255335
0.0035329
0.0161063
0.0170075
0.0328800
0.0106954
0.0309414
0.0259082
-0.0041519
0.0203160
0.0120737
0.0158759
0.0279119
0.0072830
0.0066461
-0.0147794
-0.0329943
0.0066087
0.0193010
0.0063859
-0.0145971
-0.0103397
0.0303352
-0.0119252
0.0017181
0.0226374
-0.0186841
0.0051055
0.0117181
0.0022157
0.0192475
0.0102075
-0.0019687
0.0174091
0.0282040
0.0262353
0.0169038
-0.0280009
-0.0216039
-0.0065642
-0.0388446
0.0200276
-0.0110292
-0.0200567
-0.0168035
-0.0265346
0.0060766
-0.0307090
0.0026734
0.0237615
0.0200551
0.0350054
-0.0041238
-0.0028582
0.0383790
-0.0229622
-0.0263130
0.0290721
0.0108760
0.0308615
0.0243178
0.0370166
-0.0284465
-0.0224310
0.0118768
-0.0085082
0.0345682
-0.0151185
0.0171415
0.0067595
0.0006654
0.0565353
0.0146822
-0.0203133
0.0104646
0.0201339
-0.0132968
-0.0469046
-0.0566814
-0.0683752
-0.0531439
-0.0020570
0.0061772
0.0044045
0.0032091
0.0346488
0.0709952
0.0250267
0.0670886
0.0561922
0.0329240
0.0231063
-0.0030854
-0.0021392
-0.0562912
-0.0711689
-0.1092157
-0.1566919
-0.1738265
-0.1340321
-0.0325735
0.1304300
0.2796000
0.3460129
0.2776450
0.0632178
-0.1067917
-0.2236363
-0.2050514
-0.1587162
-0.1134797
0.0096429
0.0180521
-0.0060711
0.0209969
0.0386351
0.0904903
0.0737605
0.0724277
0.0297248
0.0162584
0.0312568
-0.0399819
0.0075075
-0.0294447
-0.0629164
0.0002957
-0.0444594
-0.0104607
0.0168082
-0.0105545
0.0143011
-0.0107523
0.0344478
0.0201220
0.0078432
0.0383049
0.0381112
0.0117857
-0.0289491
-0.0049997
0.0027396
-0.0313416
-0.0157161
-0.0119401
0.0002211
0.0043334
0.0205884
-0.0079016
-0.0396098
0.0030651
-0.0055837
0.0173769
0.0017671
-0.0288962
-0.0100160
0.0206559
-0.0075377
-0.0026350
0.0325572
-0.0328201
-0.0270438
0.0124331
-0.0094261
-0.0389766
0.0017824
-0.0028161
-0.0157055
-0.0187580
-0.0269873
0.0307960
-0.0180619
-0.0213199
-0.0377364
0.0056235
0.0042424
-0.0148170
0.0347877
-0.0043926
0.0287758
0.0241610
0.0171694
-0.0242637
0.0034506
0.0201092
0.0041001
0.0326703
-0.0062902
0.0051827
0.0301665
0.0124633
-0.0183530
-0.0031671
0.0001536
0.0073531
-0.0029984
-0.0256152
0.0056345
0.0108596
0.0052283
-0.0343942
-0.0112612
-0.0207375
-0.0134742
-0.0096934
-0.0271251
0.0175657
-0.0204152
0.0013859
0.0150410
-0.0096408
-0.0106850
-0.0278689
0.0247065
0.0210549
-0.0273986
0.0410570
0.0296681
-0.0141769
0.0021280
-0.0075204
-0.0361125
-0.0281372
-0.0168586
-0.0202195
-0.0152450
-0.0209692
0.0077789
0.0341353
-0.0179272
0.0004877
0.0402010
0.0148493
-0.0192867
-0.0280021
0.0221546
-0.0051815
-0.0354906
0.0216583
-0.0129880
-0.0272020
0.0159246
-0.0157119
-0.0193303
-0.0013700
-0.0099785
-0.0119801
0.0168192
0.0269911
-0.0037497
-0.0226264
0.0143267
0.0292990
0.0001462
-0.0230596
-0.0483570
-0.0235123
-0.0201998
-0.0072211
0.0109251
0.0061607
-0.0027799
-0.0211483
0.0055028
0.0014035
-0.0035809
0.0054921
-0.0161521
0.0050643
0.0119614
0.0166573
0.0378277
-0.0254080
-0.0566878
-0.0391112
-0.0406974
-0.0694494
-0.0322883
-0.0289534
-0.0264178
0.0083028
-0.0047053
0.0335108
0.0289830
0.0715470
0.0974474
0.0556212
0.0523224
0.0507083
-0.0076964
-0.0433848
-0.0287427
-0.0828960
-0.1057627
-0.1120344
-0.1718428
-0.1531233
-0.0245032
0.1167497
0.2518485
0.3600351
0.3240656
0.1257754
-0.0796491
-0.2007415
-0.2303044
-0.2210677
-0.1395166
-0.0293656
-0.0077611
0.0324213
0.0613709
0.0493006
0.1048172
0.0741717
0.0171557
0.0122440
-0.0036988
-0.0118610
-0.0207192
0.0112708
-0.0296604
-0.0328749
-0.0506305
-0.0261474
-0.0243127
-0.0365357
0.0171386
-0.0013758
0.0363452
0.0094314
0.0205018
0.0164855
0.0010461
0.0376930
-0.0074304
-0.0078870
0.0108543
-0.0249638
-0.0052674
0.0050538
0.0057800
0.0308699
-0.0191169
-0.0177076
-0.0027865
-0.0234812
0.0290214
0.0275262
0.0358543
0.0247933
-0.0232856
-0.0034901
-0.0022090
-0.0057103
-0.0102798
-0.0294026
-0.0110109
-0.0194742
0.0198467
0.0047970
-0.0378339
-0.0089419
0.0257840
0.0266178
-0.0052692
-0.0133597
-0.0392273
-0.0172724
0.0218736
0.0078962
0.0361117
0.0152007
-0.0214487
0.0174130
0.0083002
0.0000845
-0.0165858
-0.0096249
0.0016074
0.0007903
-0.0191338
-0.0125427
0.0340254
-0.0066320
-0.0333912
0.0103306
0.0278673
-0.0046950
-0.0002147
0.0162217
-0.0243762
-0.0068880
0.0218105
-0.0256839
-0.0015189
0.0131663
-0.0335668
-0.0128850
-0.0180775
-0.0020232
0.0314010
-0.0058919
