0.3760839
0.3709957
0.1999115
0.0141239
-0.1615441
-0.2273854
-0.2254044
-0.2141255
-0.1070261
-0.0650128
0.0053532
0.0756329
0.1025366
0.0723936
0.0374162
0.0700525
0.0458774
0.0072617
-0.0029426
-0.0247915
0.0042405
-0.0060650
-0.0759986
-0.0541127
-0.0376278
-0.0001398
0.0095375
-0.0136895
-0.0152950
-0.0217795
0.0322170
0.0265659
0.0293758
0.0561390
-0.0030586
-0.0112637
0.0192569
0.0074751
-0.0114022
-0.0204862
-0.0171921
-0.0055998
-0.0125385
-0.0490777
-0.0145745
0.0161094
-0.0208742
-0.0129549
-0.0111032
0.0149389
0.0514472
0.0299558
0.0277345
0.0126891
-0.0102292
-0.0110185
-0.0144876
-0.0099711
-0.0004719
-0.0055569
-0.0344610
-0.0402662
-0.0149613
0.0132682
0.0398963
0.0275355
-0.0035091
-0.0277611
-0.0392600
-0.0077387
0.0108706
-0.0192234
-0.0172532
0.0038324
-0.0390683
-0.0228838
-0.0070941
-0.0346018
-0.0114694
-0.0387919
-0.0001842
-0.0021488
0.0244954
-0.0173753
-0.0062470
0.0075294
0.0016772
0.0373891
0.0037426
0.0090228
-0.0268241
0.0317025
0.0016809
0.0140084
0.0136486
-0.0225460
0.0035132
0.0074641
0.0251756
0.0238175
-0.0078170
-0.0060846
0.0101637
-0.0071543
-0.0083171
-0.0192668
-0.0189809
0.0351428
0.0231479
0.0088086
0.0127439
0.0316534
0.0214863
-0.0212479
0.0421679
-0.0014864
0.0061830
-0.0304805
-0.0000947
0.0197231
0.0121623
0.0428976
0.0281491
0.0252946
-0.0205392
-0.0005783
-0.0145646
-0.0047316
-0.0315233
0.0027875
-0.0084666
-0.0196728
0.0284134
-0.0210943
-0.0297851
-0.0263013
-0.0196578
0.0099952
-0.0192771
0.0002973
-0.0011585
-0.0291161
0.0137475
-0.0125351
-0.0142556
0.0324790
0.0021639
0.0076444
0.0441307
0.0178775
-0.0155163
0.0253904
-0.0090614
-0.0187831
0.0327845
-0.0352518
-0.0066111
0.0040824
-0.0268253
0.0203593
-0.0338480
-0.0000690
-0.0224162
-0.0013785
0.0036425
-0.0032942
0.0130995
0.0199930
0.0394742
0.0108866
0.0329410
0.0076919
-0.0228606
0.0352579
-0.0154471
-0.0245539
-0.0205211
-0.0666030
-0.0324612
-0.0111286
-0.0249728
0.0035625
-0.0001176
-0.0073392
0.0543778
0.0534425
0.0627206
0.0898100
0.0386106
0.0237984
0.0103810
-0.0053811
-0.0604611
-0.1012697
-0.1293718
-0.2228870
-0.1614046
-0.1043416
0.0209607
0.1603690
0.3603386
0.3769479
0.2712798
0.1051941
-0.1687317
-0.2539179
-0.2746123
-0.2240534
-0.1623106
-0.0923243
-0.0384990
0.0416651
0.1189336
0.0775870
0.1122149
0.1013684
0.0384025
0.0613784
0.0356519
0.0258787
-0.0526381
-0.0263463
-0.0324447
-0.0725007
-0.0278737
-0.0372176
-0.0485459
-0.0116404
0.0173839
0.0426120
0.0266504
0.0054703
0.0505471
0.0284150
-0.0056101
0.0283866
-0.0196876
-0.0119901
-0.0203081
-0.0304969
0.0036237
-0.0396931
-0.0020832
-0.0104879
-0.0101326
-0.0317474
0.0117862
0.0200420
-0.0222544
0.0009758
0.0168920
0.0089093
-0.0275722
-0.0386264
-0.0409091
-0.0365273
-0.0089549
-0.0104471
-0.0253248
-0.0062522
0.0190828
0.0091334
0.0053075
-0.0245671
-0.0269378
0.0496647
0.0081835
-0.0214693
0.0297464
-0.0232204
-0.0157398
0.0210529
0.0054447
0.0243340
0.0286731
0.0134142
0.0154512
0.0124464
-0.0171634
-0.0030430
-0.0188935
-0.0240603
0.0082669
-0.0076586
0.0028810
0.0123318
0.0279752
0.0238074
-0.0370361
-0.0266673
-0.0124976
0.0235508
-0.0031471
-0.0272060
0.0201605
0.0299000
0.0253370
0.0329975
-0.0228001
-0.0331733
-0.0180028
-0.0363889
0.0235111
-0.0189379
0.0185229
-0.0082103
-0.0251477
0.0216767
-0.0081241
0.0392361
0.0208343
-0.0104073
0.0336638
0.0195199
0.0009251
-0.0038514
0.0007245
-0.0224983
-0.0039513
0.0294104
-0.0076350
0.0016665
0.0026249
-0.0340445
-0.0050613
0.0148273
-0.0207629
-0.0383295
-0.0206945
0.0351817
-0.0018758
0.0083267
0.0300087
-0.0259221
0.0287241
0.0086315
-0.0219656
0.0216460
-0.0276155
-0.0155197
0.0029652
-0.0449461
-0.0365999
-0.0084913
0.0277098
0.0390934
0.0393498
0.0379902
0.0250493
0.0500052
-0.0074781
-0.0483881
-0.0331520
-0.0188650
-0.0414866
-0.0139053
0.0025425
-0.0448378
-0.0123043
-0.0047811
0.0203040
0.0303492
-0.0127597
0.0094552
0.0346288
0.0269673
0.0256524
-0.0125492
-0.0028259
0.0070111
-0.0220663
-0.0061744
-0.0505502
-0.0547024
-0.0016505
-0.0206676
-0.0578828
-0.0442059
-0.0340309
0.0064199
0.0734374
0.0680316
0.0559234
0.0972399
0.1150967
0.0623221
0.0168171
-0.0338736
-0.0650582
-0.0986188
-0.1680588
-0.2357645
-0.2549685
-0.2060489
-0.0971860
0.1349210
0.3387484
0.4104914
0.4103726
0.1948459
-0.0869957
-0.2187528
-0.2467666
-0.2304489
-0.1484417
-0.0767765
-0.0695020
0.0249226
0.0505760
0.0486157
0.0756359
0.1072039
0.0830014
0.0271011
0.0212587
0.0110466
-0.0029961
-0.0070939
-0.0253963
-0.0318610
-0.0080417
-0.0501497
-0.0234963
0.0142628
0.0009802
0.0295259
0.0075861
0.0077039
0.0547804
0.0268813
-0.0140295
-0.0110319
0.0183946
0.0012332
-0.0279142
0.0026738
-0.0291814
-0.0187092
-0.0066712
-0.0574532
-0.0189723
-0.0094964
-0.0237513
-0.0221058
0.0311268
0.0168647
0.0056633
0.0249210
-0.0252462
-0.0119149
0.0287396
-0.0295739
-0.0054111
0.0392641
-0.0201135
0.0214900
-0.0198457
-0.0442662
-0.0323808
0.0044992
0.0298294
-0.0327731
-0.0399575
-0.0399989
-0.0112693
0.0041105
-0.0198903
-0.0004658
0.0168608
-0.0035580
-0.0168168
-0.0140219
-0.0254409
-0.0252976
0.0190824
0.0156575
-0.0152444
-0.0026934
0.0095395
0.0181461
-0.0250889
-0.0375703
-0.0025722
-0.0324345
-0.0152724
0.0190076
0.0225066
0.0252532
0.0222871
0.0411294
-0.0287127
0.0120120
0.0369945
-0.0305757
0.0029457
-0.0147492
0.0006405
0.0322519
-0.0352649
0.0211022
