0.3942886
0.3970606
0.2965093
0.0273731
-0.1573128
-0.2585378
-0.2675562
-0.1966362
-0.1730010
-0.0779964
0.0043440
0.0048174
0.0599185
0.1280694
0.1055392
0.0496571
0.0234232
0.0062495
0.0151523
0.0135549
-0.0335797
-0.0029274
-0.0249289
-0.0810817
-0.0191362
-0.0622721
-0.0067460
-0.0046043
-0.0221210
0.0062031
0.0400644
0.0567872
0.0272746
0.0656655
0.0057021
-0.0248900
-0.0031984
-0.0130229
0.0032598
-0.0033343
-0.0099687
-0.0236578
-0.0241588
-0.0072489
-0.0003357
0.0272991
0.0145823
0.0277636
0.0162749
-0.0211007
0.0251949
0.0159671
0.0040354
-0.0144105
-0.0430648
0.0209581
0.0011479
-0.0280051
-0.0053620
-0.0276958
-0.0000453
-0.0196482
-0.0459614
-0.0069466
-0.0016368
-0.0087008
-0.0357317
0.0171571
0.0306637
-0.0227350
0.0196595
-0.0300295
0.0143082
0.0152867
-0.0376669
-0.0302827
-0.0077476
-0.0007412
-0.0180921
-0.0114617
0.0196825
0.0121679
-0.0426687
0.0068603
0.0222999
0.0192929
0.0136380
0.0222170
0.0211457
-0.0434453
-0.0136568
0.0313573
0.0187544
0.0288867
0.0141336
0.0140286
0.0109927
0.0133371
-0.0161070
-0.0126378
-0.0100554
-0.0562996
-0.0229685
0.0465878
0.0358615
-0.0130049
-0.0046635
-0.0110033
-0.0025000
-0.0253198
0.0157928
0.0397400
0.0018606
-0.0093540
-0.0079437
0.0288073
0.0203479
0.0145437
0.0109821
0.0024899
0.0037658
-0.0129373
-0.0024966
0.0285402
0.0189042
0.0208484
0.0245221
0.0285383
0.0420581
0.0077384
0.0109467
0.0311479
0.0199125
0.0333788
0.0233264
0.0241909
0.0210451
-0.0300285
-0.0274478
-0.0083701
-0.0049825
0.0057022
-0.0092236
-0.0205168
-0.0157504
-0.0082802
-0.0037875
0.0043879
0.0449091
0.0212465
0.0077073
0.0391286
0.0138967
0.0391985
0.0092512
0.0067785
0.0278476
-0.0004615
0.0154302
0.0108001
-0.0165743
-0.0001689
0.0114546
0.0200353
0.0102463
0.0033011
0.0414439
-0.0043176
0.0274141
0.0124933
-0.0198378
0.0294854
-0.0021926
-0.0062948
-0.0036446
-0.0362417
-0.0665938
-0.0721791
-0.0686785
-0.0341309
0.0134166
-0.0045243
0.0012886
0.0379467
0.0083448
0.0416598
0.1174338
0.0977490
0.0537483
0.0270423
0.0041738
-0.0631215
-0.1278722
-0.1437423
-0.1564016
-0.2207300
-0.2324437
-0.1104705
0.0617795
0.3148733
0.4723913
0.3853860
0.2421814
0.0298788
-0.1737285
-0.2670202
-0.2617661
-0.1704084
-0.0865098
-0.0296494
0.0096637
0.0590101
0.0879475
0.0875271
0.0624741
0.0686618
0.0564953
0.0486088
0.0375402
-0.0315962
-0.0450685
-0.0538027
-0.0648200
-0.0207797
-0.0546725
-0.0761480
-0.0008663
-0.0113453
-0.0157354
0.0094660
0.0156427
0.0686241
0.0377238
-0.0048229
-0.0003672
-0.0149977
0.0318863
-0.0177238
-0.0414153
-0.0189353
-0.0291181
-0.0054390
-0.0253521
-0.0374521
-0.0285166
-0.0039481
0.0210717
-0.0299407
-0.0124913
0.0420321
0.0359975
0.0029143
-0.0011855
-0.0074158
0.0150790
0.0322443
-0.0105977
-0.0171152
-0.0260856
0.0144836
0.0316508
0.0129505
-0.0214473
-0.0331413
-0.0239031
-0.0256322
-0.0086081
0.0314460
0.0429153
0.0095074
0.0054940
-0.0125845
-0.0032681
-0.0177591
-0.0077813
0.0566161
-0.0004770
-0.0056504
0.0338116
-0.0268159
-0.0033911
0.0259031
0.0134993
0.0275666
0.0372136
-0.0140351
-0.0238148
0.0346212
0.0051550
-0.0321314
-0.0291441
-0.0090519
0.0095643
-0.0313627
0.0180514
0.0031061
-0.0359446
-0.0192425
0.0000213
0.0314113
-0.0029415
-0.0095166
0.0106418
-0.0093128
-0.0083033
-0.0207464
0.0070844
0.0037758
0.0293758
0.0265550
0.0106651
0.0291520
-0.0248097
-0.0392051
-0.0319087
-0.0212023
0.0264983
0.0047581
0.0235487
0.0233714
-0.0236684
0.0224219
0.0337400
0.0013452
0.0384235
0.0134213
-0.0235006
0.0313950
0.0111847
-0.0107331
0.0383492
-0.0100094
0.0068600
0.0125923
0.0045759
0.0202474
-0.0318082
-0.0088436
-0.0133450
-0.0296768
-0.0010691
-0.0250341
0.0156974
0.0350196
-0.0047796
-0.0283826
0.0037913
0.0388289
0.0396780
0.0171018
-0.0031366
0.0462048
0.0241330
0.0141362
0.0170489
0.0192619
0.0268151
0.0190965
-0.0346523
-0.0277577
0.0016950
-0.0027710
0.0280670
-0.0277224
-0.0122943
0.0454404
0.0446531
0.0152957
-0.0035525
0.0152325
-0.0094716
-0.0116834
0.0360012
-0.0268459
-0.0348206
0.0110990
-0.0669697
-0.0321271
-0.0247381
-0.0598585
-0.0196884
-0.0238027
-0.0020753
0.0080704
0.0371853
0.0652577
0.0457169
0.1112656
0.0794876
0.0512030
0.0007331
-0.0717430
-0.0677323
-0.1427636
-0.2160437
-0.2473242
-0.2455918
-0.1308120
0.0606463
0.3066843
0.4293197
0.4377235
0.2738269
-0.0085897
-0.2195908
-0.2561167
-0.2696961
-0.2114847
-0.0973396
-0.0821307
0.0322672
0.0500267
0.0769828
0.0804562
0.1102287
0.0797991
0.0570029
0.0715143
0.0397293
0.0224088
-0.0403887
-0.0449148
-0.0863761
-0.0803289
-0.0563056
-0.0419827
0.0094473
-0.0354179
-0.0109401
0.0521756
0.0351627
0.0499322
0.0107942
-0.0097161
0.0068182
0.0305398
0.0379041
-0.0097295
0.0017307
0.0099030
0.0092575
-0.0026645
-0.0123209
-0.0048104
-0.0256401
-0.0012481
-0.0373383
0.0180785
0.0214991
0.0068046
0.0016815
-0.0012054
0.0138584
0.0111261
0.0063098
-0.0427517
-0.0200322
-0.0133942
-0.0399849
0.0005273
0.0260949
0.0176212
0.0360612
0.0258105
0.0340440
0.0061980
-0.0273785
-0.0178106
-0.0310301
0.0203668
0.0096273
0.0396247
0.0068521
-0.0226358
-0.0143622
-0.0395690
-0.0494580
-0.0095899
0.0236541
-0.0092063
0.0099104
-0.0078518
0.0124248
-0.0114768
-0.0247718
0.0515349
0.0104676
0.0108522
0.0069076
-0.0488601
0.0330671
0.0195644
-0.0131312
0.0104285
-0.0315426
-0.0099803
-0.0221354
-0.0302871
0.0083553
0.0048035
