0.2440532
0.2304498
0.1543296
-0.0155180
-0.1513222
-0.2052818
-0.2057407
-0.1393877
-0.0572861
-0.0284879
0.0095016
0.0061516
0.0522343
0.0626224
0.0440417
0.0773603
0.0097185
0.0391855
0.0101517
-0.0427513
-0.0589090
-0.0631410
-0.0264143
0.0005020
-0.0207287
-0.0409562
-0.0004681
-0.0050538
-0.0070082
0.0504001
0.0306630
0.0240327
0.0315244
0.0128500
0.0317395
-0.0020386
-0.0389915
0.0030224
0.0180831
-0.0270980
-0.0192313
-0.0050814
-0.0247833
0.0390274
-0.0019584
-0.0010428
0.0335653
-0.0274525
0.0391496
-0.0125370
-0.0025054
0.0314005
-0.0093483
0.0176874
-0.0125362
-0.0243982
0.0227529
-0.0115761
0.0315543
-0.0048542
-0.0245176
0.0381991
-0.0178016
-0.0005422
0.0033994
-0.0063737
0.0102015
0.0288257
0.0302702
-0.0163509
-0.0055696
0.0324806
0.0004232
-0.0227071
-0.0127928
0.0217289
0.0267582
0.0087390
0.0093952
-0.0184259
-0.0285252
-0.0041392
0.0102103
-0.0283304
-0.0421139
-0.0054109
-0.0418295
0.0191605
-0.0088158
-0.0150081
0.0161048
-0.0359676
-0.0142673
0.0111848
0.0245542
0.0132824
-0.0161166
-0.0267549
0.0082366
-0.0032366
0.0133312
0.0007485
-0.0027209
0.0056518
-0.0005909
-0.0170815
0.0024481
0.0107308
-0.0292705
-0.0240096
-0.0239119
-0.0242224
-0.0177112
-0.0013556
0.0222452
-0.0304247
-0.0284775
0.0232601
0.0291041
0.0378036
0.0106767
0.0297118
0.0129120
-0.0128998
0.0241769
0.0151500
-0.0233292
-0.0240986
0.0213891
0.0151471
0.0120039
-0.0134245
-0.0006045
-0.0239773
-0.0074383
0.0374749
0.0024225
0.0153590
-0.0160742
0.0038477
0.0208223
-0.0249865
0.0402843
0.0003555
-0.0206170
0.0058339
-0.0304852
0.0079228
-0.0012925
0.0256640
0.0157006
0.0041155
-0.0137188
0.0188324
0.0011625
-0.0232845
-0.0065359
-0.0411135
0.0030059
-0.0208417
-0.0135510
0.0180625
-0.0498939
-0.0414633
-0.0053988
0.0041124
-0.0023662
-0.0133311
0.0226772
0.0235184
-0.0043067
0.0031246
0.0150734
0.0036955
-0.0001279
-0.0173688
-0.0407496
-0.0291068
-0.0607198
-0.0412660
-0.0175827
-0.0371490
0.0372366
0.0276086
0.0783130
0.0552350
0.0632001
0.0778286
0.0258400
0.0189365
-0.0400811
-0.0329005
-0.1227655
-0.1948297
-0.2203367
-0.1519559
-0.0485635
0.0576149
0.2575427
0.3309942
0.2978955
0.2241245
-0.0152510
-0.1802466
-0.2435277
-0.2629518
-0.1404115
-0.0664447
-0.0274362
0.0441803
0.0566096
0.0918911
0.1086888
0.0684606
0.0304208
0.0187508
-0.0055417
-0.0024272
-0.0223686
-0.0513291
-0.0548124
-0.0427119
-0.0238935
-0.0383890
-0.0090608
0.0290299
0.0097130
-0.0289020
0.0383449
0.0309596
-0.0216145
0.0298770
0.0120783
0.0319617
0.0183176
-0.0256152
-0.0382062
-0.0297672
0.0132758
-0.0301327
-0.0245189
-0.0133693
-0.0050101
-0.0034080
0.0207374
0.0061967
-0.0024112
0.0448486
-0.0249142
0.0218029
0.0035781
-0.0151480
0.0325630
0.0007480
0.0131092
-0.0035458
0.0009805
-0.0256644
0.0366211
-0.0288678
-0.0281796
-0.0096456
-0.0335581
-0.0334338
-0.0479916
0.0042081
-0.0021781
-0.0052675
0.0080829
-0.0159572
0.0329317
0.0271092
-0.0190409
-0.0372184
0.0105747
0.0320323
-0.0110185
0.0281821
0.0250457
-0.0050247
-0.0019104
0.0123151
0.0183011
0.0081385
0.0017592
-0.0151544
0.0060912
0.0375175
0.0287474
-0.0198488
-0.0291666
0.0066421
-0.0343368
-0.0271143
-0.0161269
-0.0015325
0.0114104
0.0021314
-0.0230484
-0.0347768
-0.0032205
0.0060058
-0.0141456
-0.0060869
0.0296056
0.0378768
0.0279974
-0.0270326
-0.0083041
0.0263543
0.0251896
0.0053421
0.0234372
0.0063301
-0.0135176
0.0050991
0.0006590
0.0166177
0.0097112
-0.0073753
-0.0029325
-0.0074714
0.0096373
0.0391665
0.0136209
-0.0053828
0.0136313
-0.0191845
-0.0050445
-0.0137443
-0.0387238
-0.0002638
-0.0224357
-0.0235462
0.0126729
-0.0018716
0.0120253
0.0024705
-0.0132817
0.0269792
-0.0349171
-0.0087571
-0.0189912
-0.0320384
-0.0054487
0.0216781
0.0238784
0.0156418
0.0395253
0.0269089
-0.0118480
-0.0028578
0.0341473
-0.0229474
-0.0158164
0.0142121
-0.0062023
-0.0208107
0.0121531
-0.0062427
-0.0610566
0.0023341
0.0260212
0.0300602
0.0407253
0.0080428
0.0252381
0.0100001
-0.0038514
0.0101810
0.0163226
-0.0048741
-0.0257215
-0.0552536
-0.0186145
-0.0174792
-0.0144455
0.0151187
-0.0132925
-0.0119395
-0.0055977
0.0475746
0.1056623
0.0584633
0.0572213
0.0668534
0.0294980
0.0066877
-0.0309073
-0.0950522
-0.1659866
-0.2128376
-0.2020070
-0.1398567
-0.0027784
0.1737347
0.3085240
0.3424418
0.2496627
0.1167757
-0.0220786
-0.1881759
-0.2578455
-0.1890528
-0.1225282
-0.0594493
0.0140637
0.0107306
0.0225077
0.0586336
0.0899549
0.1139966
0.0822361
0.0514780
0.0169709
-0.0325085
-0.0333589
-0.0581513
-0.0751419
-0.0151700
-0.0387052
-0.0083946
-0.0105729
0.0075716
0.0293075
0.0341784
0.0528818
0.0297785
0.0050418
-0.0040006
0.0219910
0.0458336
0.0309024
0.0098053
0.0107451
-0.0268713
-0.0161798
-0.0113543
0.0207846
-0.0018723
0.0046954
-0.0083442
-0.0153016
0.0372812
0.0208261
0.0265766
-0.0144734
-0.0182488
0.0089864
-0.0300803
0.0357257
0.0341128
-0.0012035
-0.0237279
-0.0050151
-0.0270451
-0.0201561
-0.0277336
0.0099531
0.0167546
-0.0311601
-0.0087928
-0.0306760
0.0322586
0.0173041
-0.0335221
0.0273886
-0.0072694
0.0191427
-0.0058117
0.0062264
0.0050353
-0.0051117
0.0250929
-0.0098847
0.0024446
0.0124961
0.0349457
-0.0008967
-0.0177659
0.0386515
-0.0207467
0.0200930
0.0034628
-0.0041280
0.0034761
0.0079750
0.0147889
-0.0143984
0.0260237
0.0127087
-0.0052260
0.0355450
0.0173127
-0.0163131
-0.0379593
-0.0064582
0.0043982
-0.0245820
-0.0183248
