0.1975344
0.1609111
0.0302624
-0.0329614
-0.0651200
-0.1082420
-0.1102250
-0.0846169
-0.0483511
0.0109901
0.0155298
0.0516991
0.0453580
0.0451311
0.0530635
0.0284744
0.0443200
0.0231709
0.0001611
0.0037416
-0.0104017
-0.0200164
-0.0008886
0.0066988
0.0164168
0.0275305
0.0175248
-0.0011645
0.0108472
-0.0031090
0.0145577
0.0150548
-0.0417104
-0.0119361
-0.0226626
-0.0112717
-0.0195199
0.0191280
-0.0189186
-0.0172078
-0.0113317
-0.0070255
0.0247816
0.0022492
-0.0244972
0.0055019
0.0306083
0.0261941
0.0364437
-0.0090604
-0.0035534
0.0187561
-0.0121957
0.0174994
0.0088737
-0.0125928
0.0145362
0.0072166
0.0001850
0.0141794
0.0215074
-0.0143211
-0.0221208
-0.0099049
0.0190896
0.0115576
0.0081152
0.0220223
0.0093608
-0.0165658
0.0322080
0.0089230
-0.0221060
0.0011499
0.0237121
0.0070896
0.0012738
0.0135083
-0.0060865
0.0266971
-0.0431533
0.0046153
-0.0170186
0.0141463
0.0105654
-0.0189020
0.0123411
-0.0070398
-0.0321561
-0.0280065
0.0264068
0.0230860
-0.0014057
-0.0098227
-0.0163661
0.0211223
0.0008935
-0.0012071
0.0031270
0.0127224
-0.0249019
0.0075273
0.0369647
0.0164562
-0.0106178
-0.0259137
0.0023170
0.0236771
0.0332732
0.0090105
0.0077604
-0.0255044
-0.0102055
0.0201837
-0.0148392
-0.0301545
0.0019212
0.0079981
-0.0064140
0.0241036
0.0028790
-0.0008238
0.0229056
0.0091749
-0.0260492
0.0032697
0.0002457
-0.0260829
-0.0322602
-0.0059149
-0.0100037
0.0099517
0.0054575
-0.0070414
0.0120725
-0.0094033
-0.0189554
0.0200973
-0.0048888
-0.0349277
-0.0296705
0.0070611
-0.0341386
-0.0012527
-0.0089761
-0.0285162
-0.0066202
0.0296598
-0.0035387
0.0000181
0.0355666
-0.0144496
0.0041090
-0.0071336
-0.0049841
0.0240311
-0.0494019
-0.0160998
-0.0505415
-0.0201941
0.0016894
-0.0136814
0.0179077
0.0537892
0.0645144
0.0450838
0.0588298
0.0826219
0.0133762
-0.0274253
-0.0653901
-0.1163344
-0.1219273
-0.1619194
-0.0972645
0.0453752
0.1142265
0.1818781
0.1572684
0.1275400
0.0349253
-0.0765897
-0.1387536
-0.1427337
-0.1124836
-0.0816540
-0.0355589
0.0209057
0.0549162
0.0343234
0.0796693
0.0595963
0.0330256
-0.0007430
0.0236634
0.0073854
-0.0152872
-0.0249073
-0.0090335
-0.0317525
0.0023573
-0.0237586
0.0116611
0.0107045
0.0029444
-0.0130016
0.0233326
0.0287631
0.0120979
0.0003742
-0.0133162
0.0018968
0.0136926
-0.0380706
-0.0060353
-0.0201651
0.0267242
0.0196074
-0.0231955
-0.0292231
-0.0185125
0.0251645
-0.0048732
-0.0144770
0.0137954
0.0011026
-0.0111092
-0.0320029
-0.0096731
-0.0081954
-0.0319442
0.0081398
-0.0297773
-0.0105495
-0.0006913
-0.0045526
0.0285517
0.0235063
-0.0165734
0.0275270
0.0220656
-0.0326280
0.0126976
0.0046073
-0.0404936
0.0228863
-0.0018671
0.0074159
0.0086980
0.0246036
-0.0094270
-0.0072408
-0.0030421
-0.0351175
-0.0027477
-0.0019797
0.0298997
0.0248852
0.0275152
-0.0249929
0.0141905
-0.0332375
-0.0138343
-0.0084427
0.0213281
0.0213089
0.0072640
0.0039740
0.0271414
0.0015390
-0.0102667
0.0263374
-0.0314971
-0.0150329
-0.0167222
-0.0317272
-0.0141428
0.0115217
0.0084444
-0.0277166
0.0166212
-0.0249543
-0.0105650
0.0099381
-0.0103557
-0.0134032
-0.0063843
0.0056185
-0.0183646
-0.0245224
0.0065604
0.0286595
0.0093355
0.0000880
-0.0005249
-0.0044357
0.0249246
0.0089365
0.0264491
0.0090012
0.0176765
-0.0273734
-0.0054579
-0.0165215
0.0111862
-0.0019108
0.0095016
-0.0299983
-0.0115346
0.0017232
-0.0092832
0.0250859
0.0001166
0.0223516
-0.0193719
-0.0198960
-0.0117973
0.0191250
-0.0039088
0.0065032
-0.0001785
-0.0039907
-0.0056783
0.0277873
-0.0289942
0.0265900
0.0079906
0.0204047
0.0128716
-0.0138464
0.0130938
-0.0215558
0.0066285
0.0088691
-0.0437738
-0.0443679
-0.0470110
-0.0498824
-0.0166356
0.0023257
-0.0098681
0.0542396
0.0622756
0.0212653
0.0771560
0.0379511
0.0242016
-0.0225520
-0.0525521
-0.1284574
-0.1694440
-0.1205563
-0.0517787
0.0834218
0.1309642
0.1853576
0.1373839
0.0928448
-0.0093264
-0.0909807
-0.1151706
-0.1189121
-0.0787575
-0.0809950
-0.0272547
0.0488776
0.0198960
0.0249036
0.0396181
0.0100862
0.0514336
0.0447708
0.0327982
-0.0003844
-0.0182814
-0.0478693
-0.0198906
-0.0022651
-0.0184841
-0.0277280
0.0209808
0.0345913
0.0291070
0.0092414
0.0144758
0.0000877
0.0268249
-0.0014823
-0.0301532
-0.0123530
-0.0171783
-0.0055101
-0.0014078
-0.0307581
-0.0088594
0.0195666
0.0026188
0.0065752
0.0160173
0.0189588
0.0190302
-0.0046312
-0.0215243
-0.0009428
0.0217784
0.0086501
0.0133659
-0.0254236
-0.0185398
0.0180414
0.0045634
-0.0102398
-0.0074841
-0.0332155
-0.0002824
0.0108877
-0.0110040
-0.0153183
0.0143779
0.0052491
-0.0239034
-0.0077403
-0.0168152
-0.0177922
-0.0205198
-0.0162173
0.0080391
0.0165157
0.0126686
0.0027824
0.0250660
-0.0216623
-0.0191561
-0.0041909
-0.0032611
-0.0122363
0.0262794
-0.0042320
-0.0405140
-0.0110896
-0.0302470
-0.0020073
-0.0099091
-0.0224857
-0.0189956
-0.0084233
0.0066500
-0.0105481
-0.0000351
0.0082236
0.0149092
0.0079742
-0.0210046
-0.0194051
0.0305866
-0.0096146
0.0007398
-0.0117704
-0.0163148
-0.0111547
-0.0274401
0.0080407
0.0002302
0.0027914
0.0227992
-0.0004809
0.0254734
0.0029834
-0.0341632
0.0195593
-0.0172306
-0.0195619
-0.0014215
0.0100547
0.0231163
-0.0310829
0.0136872
0.0328224
-0.0078781
-0.0024982
0.0133107
-0.0231232
-0.0150322
0.0223080
0.0259698
0.0096835
-0.0062334
-0.0217048
-0.0045947
0.0216997
-0.0127102
0.0077561
0.0075777
0.0041168
0.0045860
0.0135568
-0.0011856
-0.0021901
-0.0232160
-0.0010324
