0.3680262
0.3583830
0.2423606
0.0633726
-0.1589403
-0.2498013
-0.2326237
-0.1476049
-0.0952035
-0.0313060
-0.0124336
0.0617566
0.0465177
0.0961430
0.1100076
0.0676882
0.0541603
0.0074839
0.0234028
0.0086460
-0.0736619
-0.0257052
-0.0297807
-0.0668533
-0.0014409
-0.0632472
-0.0458203
-0.0216413
0.0028485
0.0395600
0.0152628
-0.0167630
0.0146570
0.0023971
-0.0133001
-0.0107167
0.0000509
-0.0135916
0.0029435
-0.0174937
-0.0401915
-0.0034060
-0.0348394
-0.0187714
0.0356460
0.0215573
-0.0208441
0.0036834
-0.0144031
0.0122922
-0.0121454
-0.0294711
0.0251124
0.0532041
-0.0082134
0.0221332
0.0097522
-0.0001132
0.0328923
0.0273006
0.0170948
-0.0239803
0.0227867
0.0230460
-0.0288177
-0.0142608
0.0413963
0.0214693
-0.0046718
0.0153029
-0.0312576
0.0130307
-0.0026118
0.0081293
0.0196563
0.0080207
0.0048512
-0.0211378
0.0262618
0.0209035
-0.0024651
0.0050465
-0.0182783
-0.0123603
0.0124670
0.0408746
0.0186871
-0.0419478
0.0060201
0.0299340
-0.0313107
0.0228225
0.0550011
-0.0151809
-0.0169030
0.0150673
0.0205806
0.0119767
0.0421809
-0.0123289
-0.0066326
0.0279604
-0.0234698
0.0248591
0.0287655
0.0143784
-0.0231437
0.0341625
-0.0334624
0.0069098
0.0083412
-0.0140120
-0.0369646
0.0138240
0.0067077
0.0062104
-0.0007972
-0.0130920
-0.0287278
-0.0024699
0.0184874
-0.0263276
0.0094891
-0.0331757
0.0040078
-0.0299608
-0.0273647
-0.0128265
0.0029467
-0.0202561
-0.0031468
0.0343106
0.0190320
0.0101666
0.0166898
-0.0021117
0.0367043
0.0061338
-0.0203127
0.0374918
0.0119197
-0.0057723
-0.0372754
-0.0350455
0.0078880
-0.0032219
-0.0227241
-0.0297695
-0.0025697
-0.0099173
0.0327929
-0.0152184
-0.0092977
0.0125175
0.0096471
0.0174695
-0.0404186
-0.0192490
-0.0143343
-0.0311609
-0.0168084
-0.0106898
0.0229449
0.0128068
-0.0029663
0.0001685
0.0321220
0.0390215
0.0172952
0.0163753
0.0363402
0.0206002
0.0421280
0.0124440
-0.0069351
-0.0107619
-0.0588407
-0.0200713
-0.0365419
-0.0435504
0.0038197
-0.0364266
-0.0330856
0.0201736
0.0758817
0.0769023
0.0435530
0.0558654
0.0990104
0.0571417
-0.0134683
-0.0138801
-0.0903811
-0.1934240
-0.2120651
-0.2123211
-0.1286787
0.0454169
0.2157677
0.3406249
0.3688908
0.2140905
-0.0015870
-0.1147807
-0.2030689
-0.1960425
-0.1317537
-0.0891762
-0.0379793
0.0190353
0.0483271
0.0583084
0.0786242
0.0772397
0.0245401
0.0099893
0.0026975
0.0214636
0.0390706
0.0033188
-0.0082990
-0.0107983
-0.0293839
-0.0311435
0.0164984
-0.0134427
0.0044853
0.0148633
-0.0121499
-0.0120771
0.0321839
0.0150645
-0.0282584
0.0075159
0.0170039
0.0056486
0.0072232
-0.0379964
-0.0191470
0.0290241
-0.0198316
-0.0315817
0.0117615
0.0327832
0.0255222
-0.0110146
-0.0008774
0.0116852
0.0130021
0.0414393
0.0221143
0.0333645
0.0036937
-0.0228109
0.0120296
0.0145641
-0.0138324
0.0082596
0.0243999
-0.0221261
-0.0284390
-0.0419689
-0.0090661
0.0277878
-0.0023965
-0.0199979
-0.0268283
0.0067162
-0.0083245
-0.0055565
-0.0003771
0.0013951
0.0167900
0.0110998
-0.0083730
0.0295863
0.0116378
-0.0273636
-0.0112235
-0.0359043
-0.0270523
-0.0233308
-0.0056970
0.0167604
0.0256488
0.0312384
0.0288536
0.0061049
0.0277205
-0.0208755
-0.0134316
0.0094811
-0.0401000
0.0211747
-0.0121625
0.0036263
0.0301368
-0.0036570
0.0266192
-0.0220126
-0.0089577
-0.0222431
-0.0186920
-0.0140378
-0.0359514
-0.0063507
0.0203717
0.0134086
0.0156216
-0.0119860
-0.0204152
0.0209340
0.0186842
0.0312799
0.0124558
0.0089777
-0.0117507
-0.0105165
0.0217617
-0.0172829
0.0307014
0.0340668
0.0127847
0.0257800
0.0183228
-0.0220339
0.0178708
-0.0212254
-0.0082521
0.0002645
-0.0189067
-0.0141388
0.0143847
0.0003409
0.0098559
0.0340997
-0.0237760
0.0028653
0.0069036
-0.0478285
-0.0246437
-0.0101192
0.0144249
0.0231677
-0.0269897
0.0154619
-0.0104951
-0.0323249
-0.0397417
0.0344306
-0.0005944
0.0193050
0.0008507
0.0044933
0.0253732
-0.0153042
0.0441245
-0.0131884
0.0044077
0.0077377
-0.0405004
0.0064682
-0.0072704
0.0005194
-0.0153411
-0.0147263
0.0208719
0.0476827
-0.0119151
0.0221562
0.0121311
0.0235822
0.0581118
0.0412256
0.0163530
-0.0126851
0.0009823
-0.0020697
-0.0389688
-0.0461381
-0.0060329
-0.0263489
-0.0061791
-0.0151925
0.0032503
0.0342291
0.0476611
0.0407985
0.0909723
0.0498342
0.0257544
0.0549044
-0.0160698
-0.0592191
-0.1347695
-0.1976860
-0.1672280
-0.1263852
-0.0227476
0.1637162
0.3242254
0.3033251
0.1981638
0.0391910
-0.1343478
-0.1576014
-0.1349180
-0.1320648
-0.1131660
-0.0675676
-0.0396993
0.0157834
0.0783108
0.0381857
0.0570747
0.0529115
0.0057234
0.0026204
0.0050752
0.0460338
-0.0000867
-0.0559114
-0.0618642
-0.0166248
-0.0551918
-0.0281018
-0.0307933
-0.0324024
0.0148548
-0.0085442
0.0157507
0.0541725
0.0394488
0.0097453
-0.0019174
-0.0348738
-0.0160942
0.0126029
-0.0018357
0.0022113
-0.0146698
0.0238804
-0.0318480
0.0143345
0.0132448
-0.0061823
-0.0125526
-0.0066097
-0.0177808
-0.0083098
-0.0030177
0.0089745
0.0331631
0.0317374
0.0069178
0.0225798
0.0193247
-0.0058071
0.0298734
-0.0227008
-0.0199380
0.0089306
-0.0111399
-0.0056919
-0.0192308
0.0097330
0.0156427
0.0296796
0.0257640
0.0188195
-0.0201425
0.0005383
0.0522366
0.0026794
0.0128668
-0.0202677
-0.0244007
0.0123632
-0.0234428
0.0360113
-0.0068963
-0.0315361
0.0337432
-0.0205742
-0.0052529
0.0199958
-0.0031815
-0.0348982
0.0004266
-0.0084715
0.0050575
0.0072014
-0.0374722
-0.0062041
-0.0359666
-0.0097859
0.0145065
0.0049594
0.0181246
-0.0246762
