0.4588260
0.3750576
0.1375997
-0.0637459
-0.2052096
-0.2951400
-0.2882436
-0.1782111
-0.1100842
-0.0457243
0.0334596
0.0771179
0.1105814
0.0980485
0.0711926
0.0845847
0.0774072
0.0506691
0.0191691
0.0124403
-0.0094574
-0.0811764
-0.0722330
-0.0462901
-0.0390965
0.0041331
-0.0031176
-0.0321187
0.0114863
0.0515459
0.0477627
0.0163030
-0.0078597
0.0145711
0.0461334
0.0246041
-0.0034151
0.0050785
-0.0417668
0.0011479
-0.0414724
-0.0217676
0.0100595
-0.0408612
-0.0254918
0.0041894
0.0561713
0.0370164
0.0269709
0.0312735
0.0194197
0.0231412
0.0218736
0.0070548
-0.0226041
-0.0247947
-0.0268682
-0.0424626
-0.0313950
0.0004908
0.0180241
0.0284950
0.0275259
-0.0351186
-0.0224664
0.0042349
-0.0088045
-0.0158869
-0.0305089
-0.0064432
0.0261562
0.0184719
-0.0141091
-0.0445505
-0.0315383
-0.0052990
0.0001690
0.0065788
0.0176171
-0.0078344
0.0263101
0.0345183
0.0500378
0.0096949
-0.0034208
0.0085812
0.0031328
0.0301963
-0.0049660
0.0098930
-0.0323955
0.0165763
-0.0169997
-0.0538688
0.0173387
0.0010804
-0.0056483
-0.0014212
-0.0133501
-0.0172398
-0.0183728
0.0263519
0.0339845
0.0303720
0.0181697
-0.0139603
-0.0275610
0.0253149
0.0142924
-0.0481963
-0.0004730
-0.0005678
-0.0424886
-0.0063259
-0.0063139
0.0049106
0.0173807
-0.0234112
-0.0199743
0.0087417
0.0151141
0.0221600
-0.0068638
0.0071107
0.0027317
-0.0025513
-0.0088244
-0.0381593
0.0090106
-0.0219309
-0.0303906
0.0280637
0.0234899
0.0029876
-0.0392161
0.0010372
0.0498965
0.0024579
-0.0356019
-0.0309385
-0.0194108
-0.0433570
-0.0149905
-0.0039052
-0.0334770
0.0117450
-0.0219061
-0.0073815
-0.0194019
0.0145149
0.0469187
0.0062352
0.0030755
0.0256348
0.0193708
-0.0252283
0.0241934
0.0089229
-0.0152211
-0.0131182
-0.0201751
0.0252751
-0.0058893
-0.0574272
0.0024205
0.0245595
0.0170224
0.0249913
0.0366656
0.0510214
0.0166182
-0.0015602
-0.0145675
-0.0014270
0.0210870
0.0224630
-0.0065950
0.0003788
-0.0076659
-0.0520151
-0.0383978
-0.0533934
-0.0377672
0.0161816
0.0060034
0.0234294
0.0339267
0.0859417
0.0795859
0.0264324
0.0601908
0.0507625
0.0148274
-0.0628839
-0.1246460
-0.1212908
-0.1902027
-0.2465565
-0.2086099
-0.0416246
0.1113806
0.3617747
0.4292292
0.3412671
0.1617565
-0.0621836
-0.2165418
-0.3111616
-0.2461152
-0.1963556
-0.1163574
-0.0186627
0.0115069
0.0577028
0.0664469
0.0861182
0.0992075
0.0320960
0.0172323
0.0406055
0.0363261
0.0076171
-0.0299996
-0.0220826
-0.0455871
-0.0749635
-0.0066817
0.0232822
-0.0213512
-0.0168167
-0.0053329
0.0518470
0.0224162
-0.0013838
0.0270302
0.0062218
0.0385377
0.0283378
0.0298951
-0.0097467
-0.0151320
-0.0193615
-0.0048620
0.0217341
0.0134444
0.0106780
0.0187535
0.0068178
-0.0004372
0.0157472
0.0154817
-0.0059834
-0.0181174
0.0067946
-0.0158270
-0.0017058
-0.0074482
-0.0007382
-0.0039491
-0.0129449
0.0105013
-0.0355737
-0.0249532
0.0473959
0.0305734
-0.0142339
0.0086313
0.0229499
0.0216811
0.0007400
0.0003882
0.0202923
0.0113375
0.0177660
0.0114911
0.0157730
0.0249980
-0.0458703
-0.0370825
0.0265034
-0.0154701
-0.0110370
0.0253500
0.0354094
-0.0064577
-0.0313350
0.0001348
-0.0028215
0.0171258
-0.0000406
-0.0192929
0.0083212
0.0060723
0.0326092
-0.0325599
0.0058176
0.0558398
-0.0149479
-0.0272383
0.0059140
0.0095813
0.0119943
-0.0094857
-0.0230008
0.0059697
-0.0145079
-0.0080889
0.0095629
-0.0179750
-0.0006553
0.0002123
0.0157403
0.0339875
-0.0122036
-0.0254959
-0.0295737
-0.0356551
-0.0222140
0.0125503
0.0222139
-0.0302849
0.0054567
-0.0123805
-0.0324501
-0.0024721
-0.0266898
-0.0234314
-0.0162045
-0.0394857
0.0038178
0.0300320
0.0109696
0.0162132
-0.0054933
-0.0103214
-0.0409101
0.0079012
0.0345849
-0.0303839
0.0157195
0.0044949
-0.0230696
0.0172479
-0.0007501
-0.0332406
-0.0342566
-0.0050251
-0.0282586
0.0331962
-0.0213868
0.0109559
0.0427013
-0.0170132
-0.0141252
-0.0220234
0.0358449
0.0248430
-0.0175117
0.0015623
-0.0241048
0.0179297
-0.0189903
-0.0666996
0.0064383
-0.0088986
0.0150143
-0.0097389
0.0193361
0.0338993
0.0056359
0.0536406
-0.0062742
0.0513614
0.0342332
-0.0154204
0.0243154
0.0404085
-0.0225000
-0.0503364
-0.0574130
-0.0204603
-0.0212062
-0.0237386
-0.0253226
-0.0083214
0.0523833
0.0225177
0.1006703
0.0762008
0.0686745
0.0558015
0.0393022
0.0195068
-0.0099332
-0.0837362
-0.1776921
-0.1978294
-0.2030875
-0.1540598
-0.0932362
0.0809345
0.2930174
0.3540307
0.3761411
0.2191713
0.0100078
-0.1745894
-0.2863294
-0.2265486
-0.1553819
-0.0676166
-0.0053461
0.0283874
0.0527351
0.0505017
0.0686199
0.0473715
0.0962830
0.0448805
0.0234762
0.0089065
-0.0521388
-0.0331758
-0.0417075
-0.0082682
-0.0180244
-0.0452607
-0.0020602
0.0111091
0.0344954
0.0298013
-0.0144322
0.0301267
0.0410449
0.0259400
0.0210542
0.0350538
0.0405933
-0.0171117
0.0017474
-0.0106246
-0.0295424
0.0152045
-0.0169809
-0.0005265
0.0296304
0.0282960
0.0317016
0.0329150
0.0060832
0.0118473
0.0481514
0.0380142
0.0368360
-0.0140358
-0.0178633
-0.0006285
0.0046462
-0.0282698
-0.0168063
0.0256381
-0.0200693
-0.0140927
0.0088296
-0.0170457
-0.0318181
-0.0270168
0.0056921
-0.0025621
0.0010578
-0.0412276
0.0187582
-0.0097163
-0.0082271
0.0151597
-0.0069993
0.0279202
0.0306079
0.0176702
-0.0314060
-0.0208050
0.0063352
0.0344108
0.0328652
0.0079100
0.0272705
0.0302515
-0.0270179
-0.0100038
0.0206376
0.0031696
0.0263301
0.0234779
0.0148900
0.0244321
0.0192696
0.0434844
0.0017408
-0.0453578
0.0181707
