0.5076457
0.3762015
-0.0265982
-0.4775708
-0.5396756
-0.4209777
-0.0574328
0.1525326
0.2093885
0.2076330
0.1752620
0.0826067
0.0607057
0.0550373
-0.0231589
-0.0270347
-0.0245180
-0.1319554
-0.1211907
-0.1053153
-0.0558555
-0.0583257
-0.0123342
0.0312266
0.0540489
-0.0122198
0.0417406
0.0737980
0.0186237
0.0375326
0.0256508
0.0349707
-0.0566535
-0.0211025
0.0145816
-0.1274036
-0.0196734
-0.0565842
0.0476546
0.0090083
-0.0214638
0.0280562
0.0451341
0.0119933
0.0650804
-0.0293781
0.0260876
-0.0536396
0.0083191
-0.0474259
-0.0688368
0.0206528
-0.0570966
0.0198367
-0.0774816
-0.0039662
0.0636969
0.0433574
0.0557204
-0.0373101
0.0093047
0.0722326
-0.0345511
0.0249893
-0.0281258
-0.0421433
-0.0592791
-0.1081995
-0.0635365
-0.1169007
-0.0989841
-0.1114777
-0.0733125
-0.0463368
0.1085595
0.4087036
0.4518856
0.3215918
-0.1059415
-0.5581447
-0.6124956
-0.2995703
-0.0558113
0.2145860
0.2359414
0.2527866
0.1150114
0.0908560
-0.0017447
-0.0091363
-0.0907441
-0.0728855
-0.0103386
-0.0390140
-0.1379464
-0.0474867
-0.0005027
-0.0105743
-0.0409147
-0.0247479
0.0250679
0.0530997
0.0399204
0.0509965
0.0548225
0.0120110
0.0287397
-0.0095304
-0.0811587
0.0204562
-0.0647173
-0.0096217
0.0230688
-0.0646942
-0.0460230
-0.0176793
0.0577657
0.0649485
0.0670469
-0.0170565
0.0316011
0.0051903
-0.0348179
-0.0210034
-0.0707007
-0.0317968
-0.0743547
0.0490088
0.0073309
-0.0598132
-0.0081267
-0.0289536
0.0335355
0.0466949
-0.0269696
0.0526160
0.0140594
-0.0126087
0.0708884
-0.0108839
0.0514286
0.0474555
-0.0537969
-0.0687077
-0.0707074
-0.1511002
-0.0597522
-0.0382872
-0.0664256
0.0475760
0.1437940
0.2679548
0.4815421
0.4140326
-0.0842539
-0.5576379
-0.6474787
-0.2587031
0.1189566
0.2285975
0.2068386
0.1346063
0.0770861
0.0442817
0.0713171
0.0226219
0.0342515
-0.0434035
-0.0568603
-0.1171486
-0.0705220
-0.0557473
-0.0592610
-0.0089847
-0.0321045
0.0632278
0.1063890
0.0415817
0.0471381
-0.0244022
-0.0221355
0.0420982
0.0575727
-0.0059359
-0.0832274
-0.0440764
-0.0393908
-0.0661627
-0.0211585
0.0621162
0.0596561
0.0422665
-0.0053620
-0.0317692
0.0050136
0.0532466
-0.0109748
0.0070321
0.0209418
0.0403327
-0.0343508
0.0950514
-0.0830721
-0.0108255
-0.0489976
-0.0242500
0.0372932
0.0091359
0.0459271
0.0335667
-0.0337147
0.0504027
-0.0070205
0.1095998
0.0503568
-0.0396839
-0.0225653
0.0070174
-0.0533639
-0.1082169
-0.1490512
-0.0681587
-0.1460857
-0.0530474
0.0113880
0.0789013
0.3120499
0.5329621
0.4782990
0.0380679
-0.4284449
-0.7615589
-0.5526877
-0.1586802
0.1517758
0.3170593
0.3337045
0.1670792
0.0601049
0.0792824
-0.0473490
0.0136692
0.0155258
-0.0440549
-0.1210869
-0.0389573
-0.0026294
-0.0817517
-0.0326135
-0.0321073
0.0416392
0.0767527
0.0763946
-0.0088208
0.1082220
0.0331529
0.0342156
-0.0086340
-0.0124275
0.0251254
-0.0777100
0.0085023
-0.0341394
-0.0291717
0.0797356
-0.0070520
0.0489812
0.0293350
0.0704402
0.0056100
-0.0126754
0.0242060
-0.0368748
-0.0256676
-0.0072433
-0.0366380
-0.0463018
-0.0068242
-0.0690217
-0.0084094
0.0128468
-0.0576359
-0.0534789
0.0149734
0.0124501
0.0440480
0.0845162
0.0958645
0.0520818
0.0076034
-0.0568145
-0.0263905
-0.0305628
-0.1289510
-0.0698751
-0.0999992
-0.0925329
-0.0100790
-0.0099423
-0.0674932
0.1682064
0.3730324
0.5050734
0.3431072
-0.0204284
-0.4035080
-0.7060456
-0.5286808
-0.0915410
0.2583765
0.2466835
0.3151766
0.2193061
0.0741252
0.0732667
-0.0615388
-0.0299827
-0.0683712
-0.0467132
-0.1069959
-0.1049595
-0.0890616
-0.0574935
0.0238023
0.0162568
-0.0419476
0.0169562
0.1027435
0.0493419
0.0518164
0.0625467
0.0345636
-0.0126679
-0.0802370
-0.0430353
-0.0718150
-0.0046075
0.0059396
0.0375475
0.0637638
0.0611968
0.0133325
0.0308154
0.0709988
0.0454245
0.0160524
0.0419651
-0.0592692
0.0440375
-0.0025635
-0.0579536
0.0186217
-0.0201854
-0.1069149
-0.0507799
0.0705740
0.0195758
0.0272357
0.1083086
0.0139542
-0.0152766
0.0508245
0.0376115
-0.0264213
0.0621194
-0.0543700
-0.0694439
-0.0704203
-0.0658413
-0.1539604
-0.0893771
-0.1102506
-0.0573997
0.0926833
0.3587491
0.5734006
0.5294159
0.1241663
-0.3439963
-0.6811213
-0.5842508
-0.2361679
0.1039973
0.3531513
0.3231025
0.2219795
0.0740392
0.0795933
0.0275080
-0.0889615
-0.0539673
-0.0588999
-0.1511319
-0.0307249
-0.0202185
-0.0440996
-0.0449953
0.0078916
0.0320648
-0.0222786
0.0746523
0.0454899
0.0202554
0.0485491
-0.0328229
-0.0447599
0.0167566
0.0187082
-0.0317106
0.0179702
-0.0709954
-0.0542843
0.0230062
-0.0144714
-0.0745908
-0.0148534
0.0465620
0.0125288
0.0979170
0.0592702
-0.0266370
-0.0169113
-0.0435523
-0.0134950
0.0336445
0.0122659
-0.0548540
-0.0173177
0.0198287
-0.0302381
-0.0161009
-0.0086298
0.0862380
-0.0109470
0.0063338
0.1178647
0.0832955
0.0637280
-0.0044344
0.0188285
0.0143986
-0.0344359
-0.0381499
-0.1481245
-0.0328607
-0.0382341
-0.0555740
-0.0290905
0.0429697
0.2670243
0.4418142
0.4259489
0.0812884
-0.3778589
-0.7320118
-0.4580261
-0.1480640
0.1396302
0.2742705
0.1490263
0.2226311
0.0824886
-0.0184576
0.0070794
0.0419735
-0.0844496
-0.0258543
-0.0378284
-0.0122624
0.0053010
-0.0673280
-0.0031924
0.0619539
0.0972621
0.0595740
0.0214319
0.0499867
-0.0109075
0.0757516
-0.0614441
-0.0516164
-0.0621931
-0.0383248
0.0454240
-0.0077782
-0.0105442
-0.0448164
-0.0074102
0.0262335
0.0103806
-0.0172399
0.0364855
0.0083906
-0.0050112
0.0790551
0.0073321
0.0485440
-0.0206594
-0.0372633
-0.0034088
