0.4530428
0.3621519
0.1380442
-0.0735039
-0.2602753
-0.2866066
-0.2608971
-0.1442683
-0.1022548
-0.0573094
0.0012117
0.0619275
0.1020694
0.0942089
0.1104094
0.0483473
0.0604978
0.0023956
-0.0008409
0.0026282
-0.0559660
-0.0418183
-0.0264930
-0.0626377
-0.0822067
-0.0404212
0.0079426
0.0225557
0.0086993
-0.0165772
0.0188285
0.0129156
-0.0111586
0.0299058
-0.0060315
-0.0435397
-0.0054855
-0.0233859
-0.0596416
-0.0304116
0.0198772
0.0160407
-0.0421380
-0.0115183
0.0291226
-0.0256945
0.0390056
0.0086500
0.0186694
0.0314454
-0.0206833
-0.0112274
-0.0166740
-0.0085913
-0.0128616
-0.0378025
-0.0317657
0.0193179
0.0291169
0.0301028
0.0018319
0.0026210
0.0175089
0.0325276
0.0264516
-0.0358255
-0.0180972
-0.0160007
-0.0297109
0.0137455
-0.0271635
-0.0275298
0.0014707
0.0092928
-0.0097051
-0.0072702
-0.0344052
-0.0155148
-0.0214463
-0.0091202
0.0166360
-0.0227977
0.0496312
0.0255271
0.0007697
0.0358203
-0.0270778
0.0232667
-0.0224159
-0.0000129
0.0339154
-0.0041885
0.0156192
0.0274162
0.0214976
-0.0174803
0.0455515
0.0306287
-0.0357072
-0.0127105
0.0207798
0.0186779
0.0037065
0.0231264
0.0403142
0.0272704
0.0207506
-0.0374732
-0.0085111
0.0278569
-0.0349690
0.0165688
-0.0179376
-0.0408464
0.0240203
-0.0056468
-0.0361500
0.0189007
0.0184977
-0.0049758
0.0091355
0.0133164
0.0073799
0.0237933
0.0269159
-0.0155481
0.0306711
0.0269372
-0.0099217
0.0121859
0.0372809
-0.0090539
-0.0250099
0.0454698
0.0193206
0.0001014
0.0213388
0.0152442
0.0126545
-0.0347615
0.0268262
-0.0289466
-0.0016726
-0.0038034
-0.0024993
0.0039126
-0.0400467
-0.0126087
-0.0255188
0.0232930
-0.0039836
-0.0265491
0.0214622
-0.0133338
-0.0012744
-0.0283235
0.0060649
0.0179487
-0.0453189
0.0047433
0.0204732
0.0338189
0.0101224
-0.0200104
0.0199460
-0.0284340
-0.0081216
-0.0062031
0.0350404
0.0528114
0.0342664
0.0303483
-0.0146808
-0.0274140
-0.0106548
0.0134869
-0.0097311
-0.0724062
-0.0655435
-0.0310027
-0.0165405
-0.0174086
0.0141393
-0.0083839
0.0560515
0.0723916
0.0570437
0.0846511
0.0644191
0.0504108
0.0231990
0.0165438
-0.0786450
-0.1259746
-0.1872391
-0.2538258
-0.1967757
-0.1745149
-0.0318920
0.2340243
0.4038706
0.4325858
0.3154099
0.1194376
-0.1053207
-0.2393171
-0.3100850
-0.2761120
-0.1312226
-0.0593792
0.0157447
0.0398691
0.0483714
0.1421463
0.0940477
0.0581620
0.0708384
0.0080692
0.0264050
-0.0057364
-0.0240768
-0.0047944
-0.0803856
-0.0629139
-0.0484731
-0.0016393
-0.0073666
-0.0196570
-0.0011563
-0.0092667
0.0503563
0.0029537
0.0266818
0.0223072
-0.0214645
0.0425995
0.0024307
-0.0394412
-0.0433336
-0.0197165
0.0160506
-0.0310523
-0.0209354
0.0165282
0.0067777
0.0362318
0.0327838
-0.0125294
0.0462154
-0.0092024
-0.0248412
0.0149869
0.0263889
0.0436665
0.0457958
0.0080780
-0.0568661
-0.0323473
-0.0066190
-0.0141633
-0.0365795
-0.0348650
0.0111450
-0.0104099
0.0057039
0.0109786
-0.0520855
0.0033667
0.0111262
-0.0071860
0.0377568
0.0002454
-0.0078380
0.0052455
0.0013031
-0.0168179
0.0172196
0.0497250
-0.0034776
-0.0119463
-0.0174266
0.0034079
0.0322522
-0.0244201
-0.0177073
-0.0036027
-0.0327007
-0.0156381
0.0077419
-0.0254613
-0.0027092
0.0252934
0.0048237
0.0058173
0.0138855
-0.0381915
-0.0111067
0.0054622
-0.0190108
0.0217767
-0.0225997
0.0120630
-0.0242290
-0.0155932
0.0154469
-0.0219539
-0.0306849
-0.0150235
-0.0109008
0.0204611
-0.0080732
-0.0273408
0.0218892
-0.0291358
0.0076779
0.0074642
-0.0120008
0.0226060
-0.0183478
0.0182712
0.0252728
-0.0462197
0.0035108
0.0255405
-0.0162414
-0.0167287
-0.0315698
-0.0319002
-0.0144760
-0.0350998
0.0173951
0.0121541
-0.0036880
0.0402927
0.0136914
-0.0245515
-0.0174345
-0.0151861
0.0173951
-0.0117494
-0.0368733
0.0334582
-0.0406601
0.0162732
-0.0037146
-0.0484080
0.0203952
0.0125150
-0.0096776
0.0128498
-0.0259168
-0.0167609
0.0324265
-0.0235017
0.0304930
0.0244608
-0.0001717
0.0296845
-0.0146066
0.0136885
0.0131841
0.0045877
-0.0209838
-0.0381627
0.0235304
0.0359992
0.0350201
-0.0121908
0.0244697
0.0370692
0.0226659
0.0088981
-0.0383461
0.0134620
0.0233372
-0.0239717
-0.0343683
-0.0805189
-0.0665419
-0.0438409
-0.0465532
0.0069066
0.0029173
-0.0227627
0.0470193
0.0308092
0.0470989
0.0783357
0.0711211
0.0549795
0.0094588
-0.0018790
-0.0378856
-0.0779983
-0.1363396
-0.1814233
-0.1904561
-0.1858549
-0.0503615
0.1660502
0.3654293
0.4300788
0.3357953
0.1553550
-0.0936459
-0.2704314
-0.3064043
-0.2508059
-0.1508973
-0.0605365
-0.0190105
0.0165542
0.1057936
0.1102190
0.0998613
0.1081739
0.0664382
0.0214223
0.0177634
0.0255549
-0.0026659
-0.0105275
-0.0353639
-0.0333145
-0.0480243
-0.0462940
-0.0386145
-0.0179073
-0.0148282
-0.0093639
0.0021400
0.0067846
0.0448112
0.0323705
-0.0063561
-0.0021758
0.0187955
-0.0128292
-0.0050141
-0.0246214
-0.0445399
-0.0126566
0.0082785
0.0175064
-0.0047023
-0.0218106
-0.0074375
0.0284500
0.0426565
0.0210650
0.0345249
0.0181997
0.0184341
0.0077963
0.0083900
0.0225625
-0.0033346
0.0145911
0.0055785
-0.0454849
-0.0085651
0.0323761
0.0122207
-0.0053903
-0.0087553
0.0348909
0.0173314
-0.0148917
0.0181289
0.0328724
0.0169289
0.0142549
0.0104916
-0.0039683
-0.0122913
-0.0007877
0.0322285
0.0302960
0.0255413
-0.0324207
-0.0029329
0.0314535
-0.0428170
-0.0004720
0.0169367
-0.0132998
0.0074826
-0.0056536
0.0319681
0.0065275
-0.0342026
0.0022315
-0.0018116
0.0091459
-0.0079597
-0.0227267
0.0128704
-0.0262473
-0.0132172
0.0440313
