0.4260380
0.5593179
0.3464937
-0.1264471
-0.6860148
-0.7513857
-0.4128312
0.0834625
0.3486912
0.3572280
0.1957126
0.1166333
0.0523057
0.0438967
-0.0047159
-0.0813139
-0.0374640
-0.1435378
-0.0864895
-0.0330944
-0.0101294
-0.0497420
-0.0374853
0.0781530
0.0759533
0.1057331
-0.0172410
0.0990916
-0.0033476
-0.0461063
-0.0346719
-0.0104914
-0.0470550
-0.0801881
-0.0731011
0.0287212
0.0357440
0.0052131
-0.0859920
-0.0420891
-0.0133613
-0.0031222
0.1004214
-0.0108551
0.0776593
0.0087213
-0.0089054
0.0570188
0.0379044
-0.0042919
-0.0553996
0.0231899
-0.0146414
-0.0769229
-0.0323366
0.0219491
-0.0183805
0.0412134
0.0527428
0.0491873
0.1108974
0.0226953
0.0890118
-0.0437059
-0.0588457
-0.0158660
-0.0183512
-0.0704009
-0.1956155
-0.1431344
-0.1133136
-0.0966890
0.0547529
0.1307812
0.2839680
0.5530367
0.3791926
0.0186372
-0.5358808
-0.6939847
-0.5066480
-0.1512596
0.2230601
0.2897131
0.3031560
0.1471940
0.1721789
-0.0050487
-0.0008499
-0.0109348
-0.1118027
-0.0689035
-0.0534730
-0.0837604
-0.0719200
0.0440479
0.0487739
0.0235091
-0.0308432
-0.0145468
0.0094023
0.0151447
0.0463943
0.0257667
0.0408789
-0.0072506
-0.0345166
0.0024238
0.0161634
0.0458599
-0.0430253
-0.0315126
-0.0091629
-0.0666189
-0.0352608
-0.0089086
0.0522428
0.0100767
-0.0107526
-0.0307010
0.0153063
0.0420052
-0.0576009
-0.0306948
-0.1171701
-0.0211240
-0.0250067
-0.0092354
0.0093230
0.0074106
0.0377652
0.0189726
0.0253094
0.0551611
0.0872773
0.0448198
0.1033676
0.0273134
-0.0364613
-0.0009322
-0.0363354
-0.1285131
-0.0956728
-0.1209182
-0.0665856
0.0036501
-0.0671868
-0.0038101
0.2336324
0.4690899
0.5756830
0.3010362
-0.2092412
-0.6378522
-0.6116591
-0.3555870
0.0484610
0.2454045
0.3521582
0.1429030
0.1401532
0.1163182
0.0734579
0.0276713
-0.0019519
-0.0263045
-0.0796175
-0.1394210
-0.0351089
-0.0181952
-0.0846880
-0.0431828
0.0670656
-0.0221969
0.0324697
0.0193206
0.0115546
-0.0570803
-0.0308580
-0.0271027
-0.0742463
0.0176632
-0.0451610
-0.0682044
-0.0665328
-0.0417510
-0.0632668
-0.0612264
0.0279020
-0.0266505
-0.0413148
0.0410622
0.0598022
0.0202478
-0.0321146
-0.0289842
-0.0077428
-0.0524579
-0.0627317
-0.0006690
0.0562872
0.0102407
-0.0406776
-0.1043129
-0.0207740
0.0026529
0.0284887
0.0736003
-0.0060875
0.0617366
-0.0114990
0.0698077
0.0562379
-0.0101669
0.0015412
-0.0209338
-0.0136957
-0.1606844
-0.0726361
-0.0533248
-0.0176507
-0.1128311
-0.0220157
0.1632014
0.4052623
0.5475631
0.2459614
-0.1528059
-0.5454216
-0.5142932
-0.3618401
-0.0121416
0.2310768
0.2547294
0.2109471
0.1563377
0.0538143
0.0944927
-0.0171700
-0.0063629
-0.1143695
-0.0618030
0.0101629
-0.0118792
0.0332394
-0.0215640
-0.0509509
0.0475130
0.0954357
0.0503786
-0.0346244
-0.0317278
-0.0041869
-0.0399573
-0.0511915
-0.0555395
0.0232180
0.0107871
0.0032903
-0.0754487
0.0616393
0.0333489
-0.0113204
-0.0348696
-0.0134445
-0.0166717
-0.0133480
0.0461835
0.0339761
-0.0618342
0.0548917
0.0275211
-0.0292743
-0.0284951
-0.0615072
-0.0386639
-0.0779105
-0.0577689
-0.0411173
-0.0245311
0.0057777
0.0565201
-0.0310618
0.0191596
-0.0263685
0.0147006
0.0460940
0.0096122
0.1243670
0.0259273
-0.0289595
-0.0134328
-0.0966306
-0.0546115
-0.0786039
-0.1746483
-0.0740584
-0.0620235
-0.0434107
0.1801442
0.4835546
0.4725226
0.2960647
-0.2184197
-0.5205067
-0.5333213
-0.3018586
0.0407865
0.1858957
0.2094715
0.2050266
0.1414350
0.0632011
0.0655391
0.0294591
-0.0424447
-0.0077103
-0.0714153
-0.1381422
-0.1153149
-0.0837729
-0.0545629
-0.0442466
0.0066707
0.0524255
0.0242305
-0.0048628
0.0739095
0.0473292
0.0191251
0.0403879
0.0246022
0.0105907
-0.0822131
0.0447510
-0.0832814
-0.0757064
-0.0308486
-0.0195067
0.0596842
-0.0322318
0.0090721
0.0442028
0.0211430
0.0454510
0.0192583
-0.0133460
0.0019669
-0.0496800
0.0199116
-0.1088901
0.0183621
-0.0427818
-0.0043502
-0.0299892
-0.0634702
0.0630969
0.0414283
0.0619694
-0.0002469
-0.0347716
0.0778533
-0.0035736
-0.0062543
0.0113768
-0.0598252
-0.0299422
-0.1146327
-0.0643029
-0.1043039
-0.1049989
-0.1082288
-0.0894970
-0.0534834
0.0312959
0.3347073
0.4636349
0.3816498
0.0403928
-0.4580542
-0.6524984
-0.3821886
-0.1241814
0.1646089
0.2377701
0.2602296
0.1453065
0.0960202
0.0171507
-0.0062688
-0.0730874
-0.0857757
-0.0222009
-0.0169120
-0.1335895
-0.0686323
-0.0032763
-0.0051101
-0.0384373
-0.0302378
0.0153368
0.0533454
0.0408432
0.0482809
0.0574040
0.0175709
0.0227484
0.0060719
-0.0858085
0.0144944
-0.0525827
-0.0259370
0.0325816
-0.0622065
-0.0475416
-0.0236092
0.0539364
0.0643465
0.0702182
-0.0132064
0.0262670
0.0115471
-0.0371457
-0.0181851
-0.0714426
-0.0313527
-0.0749420
0.0454452
0.0110073
-0.0607732
-0.0080471
-0.0290608
0.0333313
0.0465122
-0.0270453
0.0537276
0.0116858
-0.0099833
0.0698585
-0.0117917
0.0546441
0.0433833
-0.0575109
-0.0667428
-0.0754048
-0.1509518
-0.0517007
-0.0432211
-0.0616371
0.0586933
0.1502969
0.2881188
0.4942898
0.3783082
-0.1498068
-0.5895093
-0.6258528
-0.1917486
0.1393252
0.2393251
0.1881560
0.1354419
0.0572332
0.0594335
0.0555820
0.0318329
0.0180313
-0.0440608
-0.0698129
-0.1153286
-0.0608190
-0.0605128
-0.0490950
-0.0092352
-0.0268868
0.0912967
0.0888948
0.0415135
0.0373784
-0.0384543
-0.0033123
0.0488232
0.0537775
-0.0378858
-0.0758241
-0.0404443
-0.0409609
-0.0731840
0.0180041
0.0560491
0.0693075
0.0147589
-0.0012247
-0.0475746
0.0493208
0.0171681
0.0048411
-0.0069503
0.0552765
-0.0106255
