0.4056738
0.4215374
0.2754223
0.0477469
-0.1451861
-0.2933704
-0.2619928
-0.2242752
-0.1222454
-0.0425976
0.0120407
0.0672504
0.0707902
0.1168723
0.0861509
0.0567661
0.1014882
0.0293655
0.0062315
0.0521993
-0.0196434
-0.0426190
-0.0401894
-0.0562703
-0.0109798
-0.0365459
-0.0433922
0.0092116
0.0088106
0.0126173
0.0173576
-0.0118227
0.0112530
0.0304613
-0.0102567
0.0063165
0.0353871
-0.0004203
-0.0306004
-0.0168121
0.0045183
-0.0026176
-0.0509807
-0.0437432
0.0205525
-0.0120819
-0.0309003
-0.0131860
0.0016720
-0.0014609
-0.0122474
0.0098334
-0.0043509
0.0008541
0.0104065
-0.0156688
0.0054855
0.0286599
-0.0187066
-0.0319180
-0.0018500
-0.0081172
-0.0165424
-0.0257837
-0.0238636
0.0305710
-0.0009326
-0.0055536
0.0407548
0.0154505
0.0172660
0.0177093
0.0005504
-0.0112321
0.0240338
0.0439455
0.0390942
0.0365287
0.0221381
-0.0222934
-0.0147282
0.0296133
-0.0216578
0.0237406
-0.0033448
-0.0090410
0.0167825
0.0085196
0.0292180
-0.0050059
0.0311680
-0.0110504
0.0009643
0.0275742
-0.0286896
0.0118148
-0.0007831
-0.0266389
0.0306306
-0.0139456
-0.0116026
0.0234295
-0.0128712
0.0078308
0.0119798
-0.0337373
0.0035026
0.0299086
0.0073314
0.0089962
-0.0093598
-0.0029312
0.0044139
0.0226127
0.0004366
-0.0373538
-0.0002114
0.0086268
0.0153253
0.0302700
0.0341151
0.0387850
0.0284682
0.0164995
0.0180854
0.0238283
0.0138537
0.0071836
0.0070971
-0.0304093
-0.0229614
-0.0027271
0.0178836
0.0223417
-0.0263886
-0.0201146
-0.0041853
-0.0071649
0.0106497
-0.0067870
0.0188621
0.0031780
-0.0569449
-0.0071675
0.0042540
-0.0161525
0.0278887
-0.0006467
-0.0307626
0.0271692
0.0157941
-0.0084628
0.0499996
0.0175838
-0.0155898
0.0380929
0.0084069
0.0064972
0.0053157
-0.0089666
0.0026612
-0.0001384
-0.0001579
-0.0314148
-0.0150726
0.0185490
-0.0173148
0.0196802
0.0339541
0.0525655
0.0422276
0.0074634
0.0636989
0.0104205
-0.0327615
0.0090052
-0.0310316
-0.0431239
-0.0172272
-0.0633002
-0.0682443
-0.0509860
-0.0614373
-0.0162868
0.0246388
0.0388340
0.0735276
0.0363304
0.0507348
0.0807647
0.0497476
0.0635114
0.0285318
-0.0377870
-0.0712812
-0.0724435
-0.1287394
-0.1814132
-0.2148910
-0.1861217
-0.0736609
0.0898293
0.3224416
0.4367611
0.4280915
0.2416149
-0.0078799
-0.1794683
-0.2607029
-0.2843997
-0.2338003
-0.1044408
-0.0513546
0.0305439
0.0429134
0.0474779
0.0833384
0.0764989
0.1022549
0.0639399
0.0337789
0.0477424
-0.0188609
-0.0255117
-0.0315463
-0.0544137
-0.0414470
-0.0350318
-0.0454951
-0.0635734
-0.0335130
-0.0175414
0.0320237
0.0260823
0.0149648
0.0407832
0.0426110
-0.0054027
-0.0149361
0.0342067
-0.0136969
0.0019414
-0.0090383
0.0004074
-0.0178812
-0.0520638
-0.0178670
-0.0333114
-0.0254589
-0.0289394
0.0101884
0.0375027
0.0093219
0.0498503
0.0090419
-0.0198031
0.0399309
0.0183630
0.0239661
-0.0201419
-0.0439862
0.0176398
0.0204133
0.0175959
0.0088511
0.0089075
0.0372414
0.0114101
0.0179638
0.0114499
-0.0130086
-0.0073080
-0.0046710
-0.0278315
-0.0333029
0.0007650
-0.0063083
-0.0092801
0.0113068
-0.0223573
0.0169791
0.0282977
0.0034043
-0.0025684
-0.0344517
0.0137520
0.0306585
-0.0018177
-0.0108082
-0.0094597
-0.0091831
-0.0059377
-0.0173937
0.0102528
0.0188759
-0.0305550
0.0050038
0.0219906
-0.0164650
-0.0046912
-0.0368789
-0.0240360
0.0364266
0.0416322
0.0215615
-0.0183681
0.0277594
0.0001699
-0.0318010
0.0234414
0.0099252
-0.0260262
-0.0105762
0.0025883
-0.0275571
-0.0316570
0.0087410
-0.0020884
-0.0558702
0.0096231
0.0121085
-0.0319988
0.0442295
0.0265651
0.0050458
0.0326657
0.0185856
-0.0155537
-0.0424325
-0.0186296
0.0357855
0.0147683
-0.0190413
0.0109856
0.0036528
-0.0159035
-0.0118479
-0.0174574
-0.0311412
-0.0068509
0.0352765
0.0146861
-0.0058656
0.0206549
0.0278406
-0.0120339
-0.0306649
-0.0239651
0.0243186
0.0326989
0.0083589
0.0188494
-0.0181682
0.0270008
0.0536222
0.0285611
0.0200185
0.0301842
0.0341347
-0.0159252
-0.0373778
-0.0322100
-0.0294915
-0.0328147
0.0124454
0.0471509
0.0147385
0.0197633
0.0090942
-0.0302696
-0.0274215
-0.0254973
0.0237240
0.0084217
-0.0016985
0.0457459
0.0051572
-0.0202926
-0.0176670
-0.0420745
-0.0089141
0.0016338
-0.0596180
-0.0405755
-0.0179396
0.0120933
0.0299003
0.0002335
0.0365710
0.0754077
0.0997930
0.0544401
0.0771929
0.0707772
-0.0337912
-0.0174775
-0.0189967
-0.1077757
-0.1712855
-0.2187804
-0.2022687
-0.1747181
-0.0801989
0.1417440
0.3146455
0.3544747
0.3290914
0.2034955
-0.0459463
-0.2110737
-0.2518080
-0.2246142
-0.1711911
-0.1474720
-0.0617069
0.0155383
0.0205125
0.0843137
0.0958424
0.0568633
0.0659236
0.0372022
0.0122331
0.0147737
-0.0102076
-0.0216387
-0.0225183
-0.0249920
-0.0202992
-0.0055123
-0.0371843
-0.0713046
-0.0345089
-0.0155958
-0.0020827
0.0512723
0.0512173
0.0032186
-0.0248879
0.0111846
0.0055186
-0.0331580
0.0002319
0.0302070
0.0148410
-0.0097753
-0.0171001
-0.0295374
-0.0220465
-0.0434622
-0.0110186
0.0234272
-0.0254852
0.0095388
0.0379533
-0.0003133
-0.0092750
-0.0010738
-0.0272622
0.0067195
0.0182359
-0.0017923
0.0191088
-0.0228216
0.0060922
0.0430046
-0.0357789
0.0029986
0.0034187
-0.0425967
-0.0181547
-0.0240525
-0.0068094
-0.0131067
-0.0009820
-0.0327489
0.0017707
0.0076465
-0.0184289
0.0399686
0.0334006
0.0081013
-0.0072471
-0.0099736
0.0201625
0.0138960
-0.0366000
0.0121681
0.0349142
0.0163648
0.0370390
-0.0052367
-0.0016747
-0.0055251
-0.0249695
-0.0238596
-0.0056231
0.0048201
0.0071168
-0.0135691
