0.3832833
0.3037198
0.0240077
-0.1828751
-0.1491100
-0.1593406
-0.0743401
0.0570360
0.0091762
-0.0369782
-0.0636070
-0.0649923
0.0456789
0.1513342
0.0416345
0.0058579
0.0829157
0.0145801
0.0175175
0.0307687
0.0538340
0.0194038
-0.0921349
-0.0323795
-0.0336565
-0.0765942
0.0239809
-0.0057061
-0.0502432
0.0343564
-0.0177680
-0.0572917
-0.0128633
-0.0255700
0.0151318
0.0885304
0.0519376
0.0289984
0.0377247
-0.0414090
-0.0294324
-0.0322514
-0.0293804
0.0046668
-0.0866438
0.0081836
0.0709813
-0.0578515
-0.0647994
-0.0721245
-0.0762980
0.0328758
0.0537366
0.0427532
0.0433415
0.0088551
0.0653967
0.0968041
0.0173736
0.0190747
0.1139707
0.0510111
-0.1237408
-0.1195259
-0.0521482
-0.1302944
-0.1502002
-0.1196931
-0.2072248
-0.2171837
-0.0506695
0.1870254
0.4527756
0.5860991
0.4951935
0.1425426
-0.2835486
-0.4862320
-0.4378811
-0.1757482
-0.0137111
0.0287717
0.0842192
0.0422301
-0.0133406
0.0505024
0.1665790
0.0689130
0.0296786
0.0904714
0.0165195
0.0294088
0.0088558
-0.0359862
-0.0001360
-0.0113542
-0.0236417
-0.0177901
-0.0530633
-0.0727012
-0.0267219
0.0384011
0.0430318
0.0061739
0.0083924
0.0040668
0.0143696
0.0669638
0.0458014
-0.0277240
0.0077139
0.0267738
-0.0083503
0.0607134
-0.0372535
-0.0454317
0.0453694
-0.0542751
0.0428264
0.0896352
0.0223210
0.0673165
-0.0034771
-0.0394939
0.0646407
-0.0021795
-0.0710489
0.0429780
0.0091914
-0.0487430
0.0362588
0.0425893
0.0346305
0.0478460
0.0479869
0.0792347
0.0399874
0.0023835
0.0298323
0.0011699
0.0124550
0.0008461
-0.0637748
-0.0689887
0.0236194
0.2288829
0.3200936
0.2864635
0.1157385
-0.1963751
-0.4652609
-0.5328707
-0.3331412
-0.1118293
0.0430597
0.2407610
0.3147820
0.3418185
0.4170780
0.2941058
0.0969075
-0.1349382
-0.4176493
-0.3748872
-0.2126189
-0.1730993
-0.0176196
0.0108837
0.0637336
0.0826660
0.0109600
0.1502859
0.1356350
0.1155689
0.1065982
0.0095495
-0.0429099
-0.0208181
0.0538018
-0.0224210
-0.0849817
-0.0830342
-0.0575578
-0.0226913
-0.0294642
0.0149087
0.0452763
0.0613510
0.0442686
-0.0134696
-0.0038503
0.0627836
0.0703623
-0.0146976
-0.0192545
0.0573105
-0.0042780
-0.0533894
0.0038245
-0.0219967
-0.0127763
-0.0237932
-0.0533978
0.0004444
0.0379843
-0.0149334
-0.0880697
0.0117104
-0.0415890
-0.0743917
-0.0068225
-0.0398889
0.0562305
-0.0446151
-0.1612084
-0.1447274
-0.0773782
0.0883183
0.2541953
0.4499582
0.3948775
0.1686279
-0.0939102
-0.3548011
-0.3987849
-0.3503929
-0.2958642
-0.1293006
0.0823069
0.1707945
0.3037038
0.4698695
0.4366109
0.2990361
0.0663538
-0.1178720
-0.2037977
-0.3601958
-0.3557444
-0.1852661
-0.1076394
0.0068219
0.0909486
0.0234234
0.0695544
0.1231161
0.0675425
0.0962787
0.0433532
0.0518165
0.0811044
-0.0617360
-0.0574892
0.0039803
0.0389374
-0.0322620
-0.1012624
-0.0368553
0.0194787
0.0391510
-0.0298534
-0.0321951
-0.0385430
-0.0340960
0.0923288
0.0560165
-0.0184353
0.0369446
-0.0244805
-0.0028896
0.0474047
-0.0801790
-0.0330294
0.0316385
-0.0308952
0.0400087
0.0267411
-0.0874308
-0.0073852
0.0493661
-0.0238191
-0.0265706
0.0245365
-0.0309723
-0.1125121
-0.0527655
0.0098138
-0.0464931
-0.1015296
-0.1106666
-0.0070546
0.2001858
0.3949509
0.4800133
0.2749360
-0.0245678
-0.1883665
-0.3313955
-0.3287462
-0.2519774
-0.2571273
-0.0868415
-0.0323414
0.0823755
0.3753193
0.4057613
0.3980722
0.2766874
0.0578646
-0.1180959
-0.2220979
-0.2029965
-0.1811404
-0.1869254
-0.1789538
-0.0443385
-0.0081483
0.0487813
0.1183051
0.0150339
0.1125766
0.1056754
-0.0161228
0.0587083
0.0294780
-0.0080902
0.0672604
0.0050673
-0.0521905
-0.0367132
-0.0373019
-0.0005376
0.0482663
0.0289702
-0.0706310
0.0079917
0.0584264
0.0059742
0.0376063
0.0747584
0.0998924
-0.0145803
-0.0111164
0.0118275
0.0109770
0.0506046
-0.0517644
-0.0142188
-0.0276012
0.0012859
0.0810616
-0.0031591
0.0167623
0.0362348
-0.0107153
-0.0255628
-0.0447413
-0.0597258
-0.0779402
-0.0561527
-0.0285474
-0.1293184
-0.1230504
-0.0681531
0.0971496
0.3373618
0.3896049
0.4501364
0.2306638
-0.1071310
-0.3056814
-0.4277396
-0.3551062
-0.2947228
-0.2735033
-0.1933195
-0.0284946
0.1711959
0.3239498
0.4770708
0.4920330
0.2422926
-0.0122101
-0.1927838
-0.2936084
-0.2042264
-0.1806519
-0.2163897
-0.0884988
-0.0933606
-0.0587689
0.0889811
0.1131964
0.1586054
0.1298206
0.1254094
0.0943641
0.0436954
0.0963039
0.0217188
-0.0141307
0.0500596
-0.0770402
-0.0871891
-0.0417058
-0.1179268
-0.0895985
-0.0974655
-0.0259087
-0.0157493
-0.0914171
-0.0062677
0.0614244
-0.0114916
-0.0358786
0.0878172
0.0196328
-0.0226148
0.0363643
-0.0554823
-0.0166056
0.0020267
-0.0691518
0.0282136
0.0247555
-0.0964218
-0.0361730
0.0105179
-0.0545096
-0.0842698
-0.0397141
-0.0583857
-0.0651086
-0.0243366
-0.1418296
-0.2064156
-0.1491132
0.0425232
0.3581938
0.4574104
0.3699762
0.2175164
-0.0833739
-0.2889416
-0.3919680
-0.4171557
-0.2526399
-0.1679406
-0.1346863
-0.0311483
0.1439840
0.3568146
0.5259830
0.4989433
0.2502682
0.0199136
-0.2091073
-0.2575549
-0.1741827
-0.2573283
-0.2275860
-0.0698139
-0.0330784
-0.0109175
0.0898461
0.0904231
0.0745225
0.0862296
0.0081195
0.0807312
0.0908868
-0.0206370
-0.0057898
-0.0503533
-0.0586543
-0.0217989
-0.1133291
-0.0527048
0.0215590
-0.0870205
-0.0948591
-0.0480384
0.0301766
0.0390078
-0.0170684
0.0043478
0.0556665
0.0795907
0.0041242
-0.0168992
0.0450921
0.0231617
-0.0492445
-0.0296463
-0.0060465
-0.0597299
0.0221175
0.1004350
0.0006320
-0.0540918
