0.5652650
0.4869658
0.2234793
-0.3329330
-0.7661433
-0.6310056
-0.3106402
0.0549980
0.3474916
0.3366455
0.2416649
0.0715784
0.1173125
0.0525108
-0.0472918
-0.0398784
-0.0613169
-0.0897178
-0.1059342
0.0167453
-0.0768066
-0.0622653
-0.0692557
-0.0032974
0.0873972
0.1442991
0.0724337
0.0554236
0.0634157
0.0715387
-0.0491116
-0.1038182
0.0681043
-0.0521807
-0.0848459
0.0190256
0.0036916
-0.0102660
-0.0239797
-0.0507958
-0.0619827
0.0039087
0.1053878
0.0738749
-0.0172708
-0.0591522
-0.0681991
0.0693207
0.0740404
0.0483794
-0.0382871
-0.0886276
0.0596253
-0.0643460
-0.0004201
-0.0081222
-0.0388141
-0.0396130
0.0269870
0.0391683
0.0319080
0.0131870
0.0889382
0.0594932
-0.0047028
-0.0978440
-0.0455294
-0.0458817
-0.1144504
-0.0816816
-0.1144548
-0.0413026
0.0005268
0.1094849
0.3863555
0.5481096
0.4553375
0.0531564
-0.4185453
-0.8484178
-0.6627266
-0.2326970
0.1669777
0.3354962
0.2630786
0.1144055
0.1866075
0.0685215
-0.0487374
-0.0840029
-0.0564291
-0.0520533
-0.0893640
-0.1324441
0.0503235
0.0599840
0.0931377
0.0218785
0.0690318
-0.0118424
0.0191980
0.0176276
0.0403961
0.0681289
-0.0421589
0.0013729
-0.0366849
0.0010446
-0.0582188
-0.0465507
-0.0657476
0.0246671
0.0462361
0.0204796
0.0102137
0.0199610
0.0575869
0.0355317
-0.0302556
-0.0254773
0.0444462
-0.0701125
0.0016684
-0.0646746
-0.0079836
-0.0628882
0.0001563
-0.0023813
-0.0896943
-0.0197929
-0.0202145
-0.0504129
-0.0736132
0.0628697
-0.0305102
-0.0314711
0.1153727
-0.0375867
0.0102233
0.0691026
0.0318296
-0.0140290
-0.1520220
-0.1102498
-0.1447628
-0.1404821
-0.1522822
-0.0592854
0.1096124
0.4062545
0.5631096
0.5111864
0.2182881
-0.4075503
-0.8751187
-0.7328545
-0.3032586
0.1800762
0.3274414
0.3503460
0.2320644
0.1510165
0.0705634
0.0276948
-0.1022803
-0.0800733
-0.0689419
-0.1103696
-0.1025511
-0.0191469
-0.1032483
0.0129903
0.0277995
0.0613966
0.0361293
0.0824333
0.1377688
-0.0274506
0.0447932
-0.0016523
-0.0332858
-0.0897880
0.0503473
0.0248272
-0.0288466
0.0045845
0.0533986
-0.0272583
-0.0238955
-0.0110994
0.0151765
0.0094595
-0.0101232
0.0413797
0.0326707
0.0417096
-0.0057036
-0.0474096
-0.0314777
0.0479958
0.0097687
-0.1065683
-0.0107068
0.0152832
0.0563134
-0.0583579
0.0631160
0.0033748
0.0043331
0.0857692
0.1076852
0.0191722
0.0894730
-0.0396387
-0.0434953
-0.0424504
-0.2207594
-0.0942912
-0.1464556
-0.1536074
-0.1135088
0.0359562
0.1575772
0.4505374
0.5696281
0.4789722
0.0591364
-0.6619892
-0.8551543
-0.6838502
-0.1301529
0.1997638
0.3652724
0.3831742
0.1844440
0.1693336
0.0957194
-0.0479385
-0.0768836
-0.2117894
-0.1239277
-0.0620394
-0.0865534
-0.0172206
0.0315835
0.0264506
-0.0347200
-0.0078423
0.0849794
0.0734241
0.0708658
0.0341321
0.0302615
-0.0108800
-0.0477146
-0.0860592
-0.0030971
0.0125867
-0.0127785
-0.0258320
-0.0942733
-0.0430369
0.0304349
-0.0038088
0.0488505
0.0181266
0.0108608
-0.0691657
0.0086387
0.0104817
0.0114947
-0.0052889
0.0281087
-0.0818750
-0.0704611
-0.0606923
-0.0060519
0.0664844
0.0266253
-0.0439001
-0.0105736
0.0891079
-0.0064068
0.0414819
0.1108722
-0.0152545
-0.0256454
-0.0406974
-0.0645100
-0.0628856
-0.1060643
-0.1857853
-0.1779828
-0.0444016
0.0503426
0.2461757
0.5500554
0.5479039
0.2690974
-0.1805377
-0.7114935
-0.7799136
-0.4362361
0.0255747
0.2455537
0.3669331
0.2952209
0.0887515
0.0525920
0.0604060
-0.0127089
-0.0750749
-0.0967722
-0.0205921
-0.0621655
-0.1453136
-0.0478808
-0.0491098
-0.0678625
-0.0073699
0.0028848
0.0298446
0.0142912
0.0192449
0.0669996
0.0449626
0.0698651
0.0353972
-0.0061003
-0.0882083
0.0641813
-0.0606355
0.0355349
-0.0461573
-0.0215159
0.0091541
0.0241578
0.0739141
-0.0557281
0.0174396
0.0851613
0.0637487
0.0342595
0.0608646
-0.0929995
-0.0347729
0.0320760
-0.0121400
-0.0606796
-0.0066255
0.0622360
-0.0133799
-0.0327736
0.0581062
-0.0763544
0.0601882
0.0490656
0.0585137
0.0254032
0.0710369
0.1472574
0.0455659
-0.0448054
-0.0680488
-0.1435379
-0.1950231
-0.1512771
-0.0725949
-0.0688412
0.0226794
0.2987951
0.4459500
0.5641583
0.4900983
-0.1829690
-0.7411140
-0.7937836
-0.5456977
-0.0446103
0.2839891
0.3244317
0.2809890
0.1633657
0.1909433
0.0430436
-0.0303213
-0.0859607
-0.1013083
-0.0742851
-0.0452118
0.0006976
-0.0245130
0.0698265
0.1073969
-0.0098977
-0.0029062
0.0965736
-0.0248650
0.0123367
0.0702504
0.0698855
0.0141065
0.0023047
-0.0126996
-0.1127916
0.0120340
-0.0986358
-0.0784218
-0.0392992
-0.0060807
0.0537007
0.0294331
0.0588739
-0.0150962
0.0094502
-0.0296267
-0.0521309
-0.0043744
-0.0978574
0.0285103
0.0737871
0.0741633
-0.0286986
0.0260328
0.0244739
0.0272765
0.0225321
-0.0230562
-0.0673491
0.0404867
0.0042731
0.0367302
0.1135362
0.0103589
0.0220378
0.1374175
0.0567623
-0.1000785
-0.0430033
-0.0505874
-0.1219714
-0.1493166
-0.1962157
-0.0141545
-0.0553566
-0.0013474
0.2833955
0.4947372
0.5177537
0.3335766
-0.2507522
-0.7402093
-0.7626778
-0.4172902
0.0431025
0.3032653
0.2533693
0.2741903
0.2602835
0.1635008
0.0030603
0.0273484
-0.0794682
-0.0780117
-0.1542320
-0.1553897
-0.1340407
-0.0474514
-0.0651325
0.0367294
-0.0631514
-0.0021940
0.0189469
0.0689140
-0.0245177
0.0205571
0.0053225
0.0337709
0.0412811
0.0010180
0.0447880
0.0554165
-0.0335971
0.0201583
-0.0074294
-0.0566429
0.0136168
-0.0965503
0.0127386
0.0345351
0.0654605
0.0204868
-0.0617337
0.0811221
0.0042117
0.0730675
0.0807727
0.0112017
-0.1086300
-0.0598027
