0.1253733
0.1320328
0.1073081
0.1079161
0.0629445
-0.0274166
-0.0883632
-0.1236800
-0.0995156
-0.0898468
-0.0587973
-0.0230129
0.0299236
0.0516419
0.0398482
0.0588295
0.0216383
0.0301497
0.0051871
0.0255907
0.0163284
0.0203352
-0.0268136
-0.0118599
-0.0172326
-0.0509411
-0.0230002
-0.0510429
-0.0008839
0.0028208
-0.0090398
0.0356500
0.0109144
0.0467071
0.0123065
0.0265295
0.0182045
-0.0279859
0.0055698
-0.0061951
-0.0317195
-0.0347341
-0.0223934
-0.0146637
-0.0367943
0.0011320
0.0250078
0.0180801
0.0142446
-0.0030106
0.0111296
-0.0210602
-0.0288176
0.0065267
0.0305180
-0.0092963
-0.0327600
-0.0324963
-0.0192638
0.0039784
-0.0250604
-0.0161631
0.0258751
0.0109094
0.0089895
0.0267211
-0.0069392
-0.0122098
0.0087562
-0.0116060
-0.0017201
-0.0139753
0.0026776
0.0032663
-0.0070924
0.0072413
-0.0232415
-0.0304582
-0.0086448
-0.0004624
0.0015594
-0.0062693
-0.0270540
0.0087049
0.0092730
-0.0066128
0.0192622
0.0172246
-0.0083371
0.0032980
0.0202688
0.0115124
-0.0264797
-0.0041626
0.0298111
-0.0032506
-0.0077055
0.0068323
0.0333547
0.0007530
-0.0185793
-0.0082081
0.0166924
-0.0325600
0.0054376
0.0049920
-0.0266365
-0.0014388
0.0014109
0.0181059
-0.0296116
-0.0037629
0.0254663
-0.0184191
-0.0085980
-0.0065322
0.0140499
-0.0079630
0.0044761
0.0270986
0.0040977
0.0296636
-0.0043955
-0.0223057
0.0088307
-0.0162916
-0.0095406
0.0063066
0.0196171
0.0023383
-0.0251651
0.0086942
-0.0190099
-0.0256392
0.0144705
-0.0130867
-0.0166569
0.0179442
0.0240991
-0.0153972
0.0047807
0.0140896
-0.0080041
0.0382716
0.0153116
-0.0039454
0.0206754
0.0240013
-0.0116250
0.0252221
0.0296666
0.0185604
-0.0154783
-0.0063867
0.0389006
0.0178011
0.0240700
-0.0089274
-0.0204398
-0.0044330
-0.0372115
-0.0043278
0.0046729
0.0148761
0.0146509
0.0226166
0.0352490
0.0415733
0.0146972
0.0049150
0.0091902
-0.0043806
-0.0221977
-0.0191667
0.0225004
0.0065641
-0.0403573
-0.0436129
-0.0330786
-0.0381713
-0.0362672
-0.0154267
0.0035629
0.0327926
0.0370490
0.0240444
0.0220345
0.0435746
0.0686585
0.0255150
0.0154644
0.0337443
-0.0293846
-0.0795046
-0.1099461
-0.1507820
-0.1317161
-0.0118758
0.0420203
0.0992759
0.1661880
0.1557047
0.1196810
0.0267702
-0.0224998
-0.0562347
-0.1034422
-0.0958718
-0.1112525
-0.0742144
-0.0261109
0.0123387
0.0452806
0.0537002
0.0482781
0.0450604
0.0508095
0.0679684
0.0092860
-0.0071421
0.0014126
-0.0336253
-0.0205456
-0.0089901
-0.0011536
-0.0148208
-0.0016613
0.0136000
0.0262009
-0.0040268
-0.0117128
0.0288606
0.0391608
0.0073756
-0.0427626
0.0211794
0.0030374
-0.0153549
0.0157925
-0.0265900
0.0183929
-0.0099442
0.0118818
-0.0158945
0.0131903
0.0241703
-0.0305648
0.0239531
0.0010354
-0.0227702
-0.0006849
-0.0270162
-0.0120056
0.0190684
-0.0078862
-0.0153557
0.0244856
0.0032722
0.0071876
-0.0179881
-0.0213449
-0.0200655
0.0006736
0.0061433
-0.0121768
0.0013995
-0.0256589
0.0018166
0.0392809
0.0012766
0.0012071
-0.0175690
-0.0206957
0.0216380
0.0107439
-0.0083950
0.0211667
0.0200938
-0.0149105
0.0017226
0.0226003
0.0191408
0.0169501
0.0178414
0.0231180
0.0166470
0.0021067
-0.0154621
-0.0113071
0.0064348
0.0068386
0.0139139
0.0199623
0.0198454
0.0102783
-0.0016137
0.0101913
-0.0224566
0.0036619
0.0151711
-0.0035213
0.0175413
-0.0182332
0.0043161
0.0178102
0.0210288
0.0252073
-0.0195595
0.0263581
-0.0080875
-0.0095050
0.0053693
-0.0246763
-0.0100705
0.0296464
0.0115868
-0.0453785
-0.0162801
0.0011288
0.0196879
0.0208278
-0.0253904
0.0018628
-0.0221371
-0.0040634
0.0221308
0.0103066
-0.0240858
0.0120134
0.0264479
0.0235873
0.0012186
-0.0053026
0.0275622
-0.0255390
0.0008025
0.0111898
-0.0383482
-0.0153794
-0.0167256
-0.0121565
-0.0005790
-0.0297678
-0.0043739
0.0179360
-0.0211090
-0.0245092
-0.0342992
-0.0045325
0.0064956
-0.0138574
0.0249644
-0.0088984
-0.0005373
0.0241135
0.0122968
0.0295164
-0.0081697
-0.0383038
-0.0386178
-0.0367617
-0.0412458
-0.0174793
0.0110424
0.0070065
0.0128902
0.0102247
0.0195926
0.0344641
0.0235937
-0.0034366
-0.0111956
-0.0217401
-0.0309362
0.0112820
-0.0083314
-0.0064712
-0.0177072
-0.0444666
-0.0047322
-0.0165771
-0.0058157
0.0354675
0.0501587
0.0449173
0.0383638
0.0775973
0.0500660
0.0174357
-0.0028516
-0.0199814
-0.0786596
-0.1037770
-0.1209792
-0.1475832
-0.0976831
-0.0142301
0.0893132
0.1597417
0.1541003
0.1328306
0.0973901
0.0443202
-0.0098370
-0.0947336
-0.0957499
-0.0773429
-0.0628182
-0.0333318
-0.0144344
0.0062498
0.0243335
0.0580091
0.0558755
0.0566537
0.0330081
-0.0054925
0.0155566
-0.0156143
0.0096711
-0.0105098
-0.0388067
-0.0108657
-0.0236837
-0.0507430
-0.0098867
0.0321630
0.0112319
0.0160040
0.0033736
0.0090216
0.0322792
0.0033672
0.0239612
0.0097074
0.0002404
-0.0271025
-0.0220275
0.0259001
-0.0159240
-0.0067454
0.0014903
-0.0109282
-0.0065578
0.0124643
-0.0011027
-0.0071236
0.0257600
-0.0115428
-0.0032056
-0.0313487
0.0068875
0.0108177
0.0120452
-0.0029843
0.0204763
0.0076490
-0.0078400
0.0037859
-0.0439781
-0.0103666
-0.0007961
-0.0137831
0.0429345
0.0131184
-0.0114686
0.0025067
-0.0264853
-0.0270044
-0.0087556
-0.0141231
-0.0233223
-0.0146252
0.0342594
0.0017954
-0.0025131
0.0126873
0.0051259
0.0150749
0.0028319
0.0279007
-0.0043916
-0.0005459
-0.0166365
-0.0063387
0.0030839
-0.0109038
0.0213015
0.0032622
0.0116953
0.0101260
-0.0029956
0.0389916
0.0202266
0.0153254
0.0130838
0.0114978
0.0104650
-0.0150969
0.0273293
