0.4298576
0.3856453
0.2172572
0.0217582
-0.1713066
-0.2504815
-0.2881770
-0.2037598
-0.0635755
-0.0297728
-0.0018029
0.0893869
0.1113658
0.0641151
0.1013848
0.0883829
0.0805060
0.0449586
0.0221928
-0.0109896
-0.0503743
-0.0480699
-0.0562422
-0.0412651
-0.0494183
-0.0142752
-0.0165503
0.0250751
0.0141292
0.0107577
0.0119531
-0.0052953
0.0347312
0.0177065
0.0202009
0.0096740
0.0247856
-0.0112585
-0.0184248
0.0276280
-0.0145828
-0.0017937
0.0146857
0.0042769
0.0300311
-0.0188851
0.0118073
0.0352183
0.0263686
0.0038004
-0.0051773
0.0444278
0.0166276
-0.0127165
-0.0032183
-0.0098064
0.0273389
0.0139412
-0.0177262
0.0226193
0.0149398
-0.0125049
0.0125645
0.0194696
0.0041230
0.0250963
0.0320223
-0.0286739
-0.0135363
0.0461044
0.0157586
0.0070278
-0.0025782
-0.0289402
0.0002229
0.0006453
-0.0149319
-0.0239936
-0.0061053
0.0084452
0.0122380
-0.0105765
-0.0019572
0.0243450
-0.0004690
-0.0017111
-0.0091939
-0.0103249
0.0038860
-0.0225037
0.0008195
0.0386908
-0.0209494
-0.0205898
0.0379571
0.0193972
-0.0235420
-0.0420533
-0.0058822
0.0309111
0.0472568
0.0051146
-0.0504430
0.0044237
0.0078664
-0.0218755
0.0422624
0.0421309
0.0136765
0.0012340
0.0191309
-0.0071648
-0.0084398
-0.0233350
-0.0125497
0.0198827
-0.0235431
-0.0007758
-0.0295828
-0.0082267
0.0098767
0.0083252
-0.0162739
-0.0024124
0.0298356
-0.0312726
-0.0137931
0.0471784
0.0377950
0.0049872
0.0030483
-0.0047693
0.0050674
-0.0102471
-0.0203242
0.0241521
0.0283549
-0.0031763
-0.0216417
-0.0347335
-0.0444857
0.0074926
0.0317810
0.0163760
-0.0086284
-0.0333160
-0.0234910
0.0011830
-0.0016596
-0.0291624
0.0253998
0.0313903
-0.0007612
0.0271172
0.0322291
0.0018879
-0.0099135
0.0080710
0.0244618
0.0125052
-0.0094332
0.0082992
0.0426774
0.0142605
0.0025622
0.0103289
0.0284171
0.0498502
0.0529154
0.0423899
-0.0217186
-0.0081937
-0.0556008
-0.0248461
-0.0168678
-0.0769699
-0.0334282
-0.0113608
-0.0101331
-0.0179403
0.0336210
0.0578306
0.0299762
0.0663069
0.0881397
0.0446098
0.0359250
0.0338242
-0.0375190
-0.1030458
-0.0948515
-0.1346648
-0.2163271
-0.1743562
-0.0752904
0.0738637
0.2596003
0.3786915
0.4076679
0.2750739
0.0418140
-0.1296328
-0.2061854
-0.2419994
-0.1865003
-0.0939606
-0.0698798
-0.0124208
0.0257596
0.0580762
0.1018867
0.0633771
0.0926940
0.0428944
0.0661890
0.0566498
0.0160530
0.0120339
-0.0407467
-0.0112007
-0.0467541
-0.0573251
-0.0035888
-0.0170446
-0.0178083
0.0106614
0.0101389
0.0407682
0.0335288
0.0229101
0.0712044
0.0457546
0.0122710
0.0327950
0.0188770
-0.0136797
0.0098946
0.0366565
0.0010062
0.0060753
0.0198392
-0.0165281
-0.0032120
-0.0065084
0.0031498
0.0326896
-0.0109044
-0.0050888
-0.0056311
-0.0198820
-0.0169769
-0.0201578
0.0392904
-0.0177967
-0.0458660
0.0135820
0.0294892
-0.0200530
-0.0117431
0.0099900
0.0199077
0.0209459
-0.0328069
0.0342905
0.0383508
-0.0259340
-0.0172364
0.0293224
0.0005531
0.0072857
0.0164151
-0.0282896
0.0212076
0.0155431
-0.0202219
-0.0395994
-0.0007770
0.0333154
0.0320907
-0.0267999
-0.0209256
-0.0033032
-0.0274611
0.0088820
-0.0368520
0.0355509
-0.0023318
0.0001549
-0.0010469
-0.0476771
-0.0125260
-0.0342151
0.0075382
0.0399242
0.0342075
-0.0237084
-0.0431770
0.0152596
-0.0092002
0.0181721
0.0120686
-0.0297246
0.0065034
-0.0316770
-0.0238542
-0.0144986
0.0202945
0.0069106
-0.0435980
0.0095662
-0.0198544
-0.0156080
0.0007218
-0.0140883
0.0419725
-0.0327640
0.0180119
-0.0143363
0.0144208
0.0054161
-0.0141200
0.0249595
-0.0346122
0.0245650
0.0363911
0.0076473
-0.0184925
-0.0007487
-0.0299223
-0.0302745
0.0202031
-0.0083676
0.0051670
0.0058509
-0.0208893
0.0346527
0.0226038
0.0244669
0.0464227
0.0277925
0.0202086
0.0020059
-0.0324744
-0.0221694
0.0339691
0.0089426
-0.0329748
0.0221058
0.0133478
-0.0258850
-0.0324574
-0.0180671
-0.0139743
-0.0438016
-0.0247151
-0.0228592
-0.0298669
0.0120029
0.0003477
-0.0064856
-0.0122981
0.0196717
-0.0104516
-0.0005025
0.0350265
-0.0364925
0.0005788
-0.0274914
-0.0159179
-0.0113600
-0.0111476
-0.0110854
-0.0288543
-0.0142446
-0.0254977
-0.0007798
0.0072272
0.0169767
0.0691357
0.0485592
0.0570859
0.0772644
0.0389762
0.0127131
-0.0146428
-0.0790344
-0.1246341
-0.1542619
-0.2257331
-0.1673903
-0.0442986
0.1320132
0.2916189
0.3649389
0.3582047
0.1879604
-0.0641995
-0.2385951
-0.2755299
-0.2740057
-0.1649202
-0.0443065
-0.0518510
0.0068054
0.0407493
0.0643918
0.1249692
0.0630172
0.0496982
0.0228778
0.0154981
0.0315234
-0.0263101
-0.0592694
-0.0531214
-0.0623757
-0.0607828
-0.0648807
-0.0436884
0.0176631
0.0120937
0.0163387
0.0543475
0.0332379
0.0273332
0.0389091
0.0368846
0.0183139
0.0219404
0.0408475
-0.0257296
0.0031677
-0.0048182
-0.0099305
0.0293935
-0.0105473
-0.0040627
-0.0005103
-0.0001104
0.0046501
-0.0011988
0.0434805
-0.0137433
0.0209096
0.0256520
-0.0426268
0.0014399
0.0304152
0.0295171
-0.0174374
0.0159120
0.0348430
0.0107466
-0.0101273
-0.0371687
-0.0063701
-0.0047143
0.0015426
0.0340237
0.0088819
0.0132395
-0.0121752
0.0044228
0.0004541
-0.0287556
0.0138147
0.0056803
-0.0318881
-0.0215151
-0.0288823
-0.0178192
0.0088324
-0.0137524
0.0138572
-0.0126349
-0.0447713
-0.0238678
-0.0169782
0.0355913
0.0068846
-0.0250752
0.0280664
-0.0056109
-0.0093402
-0.0278518
0.0038676
0.0121846
-0.0570967
-0.0259452
-0.0169400
-0.0296661
-0.0040382
0.0179664
-0.0185044
0.0061931
0.0154090
-0.0207840
-0.0140909
0.0077966
-0.0149281
