0.4509398
0.3505044
0.1993478
-0.0343540
-0.2111168
-0.3157590
-0.2895139
-0.2225518
-0.1178362
0.0086928
0.0101568
0.0507465
0.0761677
0.0598972
0.1012275
0.1044151
0.0850267
0.0384268
-0.0267654
-0.0343306
-0.0415214
-0.0446055
-0.0514640
-0.0603235
-0.0448195
-0.0031714
-0.0216579
-0.0514362
-0.0161015
0.0076758
0.0457993
0.0585126
0.0053289
0.0324509
0.0433144
0.0196879
0.0259001
0.0204410
-0.0123798
-0.0331696
0.0149515
0.0172355
0.0090639
0.0099258
-0.0318428
-0.0235231
0.0352812
0.0261382
0.0326334
0.0418545
-0.0075795
0.0274549
0.0069139
0.0029201
-0.0000937
-0.0546643
-0.0223164
-0.0039909
-0.0336550
-0.0309868
0.0218296
0.0011688
-0.0402381
-0.0143296
-0.0093577
0.0223880
0.0133138
-0.0100399
0.0164755
-0.0369567
0.0347545
0.0085257
0.0192817
0.0107566
-0.0341329
0.0234097
-0.0330577
-0.0190413
-0.0273210
-0.0074257
0.0266336
-0.0042563
-0.0146737
0.0072320
0.0113014
-0.0261461
-0.0183367
0.0030086
-0.0299704
0.0032212
-0.0109809
-0.0060228
0.0172617
0.0004363
0.0318642
0.0325263
0.0287780
-0.0264833
-0.0544425
0.0174588
-0.0103632
-0.0200380
0.0293246
0.0142431
0.0338537
0.0122081
-0.0290994
0.0120815
0.0433881
-0.0106739
-0.0041747
0.0450838
0.0375645
0.0352641
0.0349526
0.0265184
0.0136148
-0.0166406
-0.0288641
0.0332466
0.0163316
0.0049107
0.0349726
-0.0304206
-0.0001974
0.0178178
-0.0325989
0.0260818
0.0354553
0.0213691
0.0095160
-0.0047509
0.0392875
-0.0032680
-0.0069894
0.0021692
-0.0412903
0.0029292
-0.0047603
-0.0181557
0.0027569
-0.0235440
0.0117057
-0.0195652
-0.0377644
0.0173662
-0.0165009
0.0078652
0.0278891
0.0016230
0.0179039
-0.0224606
0.0192974
0.0508410
-0.0204080
0.0064259
0.0565155
0.0000196
-0.0432405
-0.0268398
0.0138890
-0.0059002
-0.0443189
0.0035485
-0.0235992
-0.0329615
-0.0123041
0.0084508
0.0186699
0.0044439
0.0579533
-0.0021916
-0.0316500
0.0403549
-0.0154347
0.0152015
0.0264528
-0.0384018
-0.0051257
-0.0572365
-0.0758120
-0.0334104
-0.0240574
-0.0354037
-0.0136016
0.0278317
0.0135852
0.0131063
0.0425044
0.0611374
0.0823561
0.0467397
0.0742458
0.0872716
0.0455577
0.0104557
-0.0505274
-0.1239766
-0.1836378
-0.2013328
-0.2383696
-0.1968671
-0.0768191
0.0871785
0.3214182
0.4291358
0.3764450
0.2003871
-0.0458133
-0.1841293
-0.3183554
-0.2879065
-0.1842548
-0.1216829
-0.0417285
0.0066840
0.0868561
0.0909886
0.0830900
0.1309788
0.0813177
0.0151329
0.0340952
0.0337193
0.0303676
-0.0032472
-0.0335776
-0.0282012
-0.0846152
-0.0396279
-0.0281252
-0.0579741
-0.0469422
-0.0043344
0.0345088
-0.0127676
-0.0033297
0.0037599
0.0070321
-0.0101044
0.0068025
0.0235410
-0.0472270
-0.0246627
0.0185644
-0.0321161
-0.0335455
-0.0295041
-0.0083105
0.0126983
0.0143932
0.0357154
0.0338748
0.0260224
0.0118739
0.0154782
0.0389982
0.0181452
0.0288552
0.0203285
0.0232308
0.0224995
-0.0006541
0.0376621
0.0002183
-0.0267612
0.0078360
0.0260395
-0.0273918
-0.0029574
0.0308808
-0.0258023
-0.0119168
0.0025760
-0.0196295
-0.0291698
-0.0040225
-0.0051246
-0.0079740
0.0127722
0.0032453
-0.0292171
-0.0202600
0.0040152
-0.0258064
0.0021282
0.0122254
-0.0385845
-0.0074644
-0.0067598
-0.0302375
0.0298761
0.0186441
-0.0177840
0.0263554
0.0358471
0.0075458
-0.0290904
-0.0447928
-0.0321875
-0.0171548
0.0185143
0.0138621
-0.0083699
-0.0063202
0.0236109
0.0112715
-0.0340290
-0.0093638
0.0162160
-0.0060578
-0.0082351
0.0113158
0.0143115
-0.0263297
0.0112531
0.0396676
-0.0072492
-0.0028068
0.0044559
-0.0072920
0.0106287
0.0522025
-0.0098091
0.0050503
0.0300893
-0.0249979
-0.0056954
0.0098167
0.0077901
-0.0110727
-0.0137281
-0.0015721
-0.0064452
-0.0309389
-0.0073030
0.0567792
0.0351901
-0.0187422
-0.0217286
-0.0329559
-0.0393882
-0.0391916
0.0136851
0.0029863
-0.0107211
0.0364141
-0.0087911
-0.0170923
-0.0046965
-0.0012479
0.0096673
0.0381894
-0.0058930
-0.0370502
0.0348938
0.0297455
0.0115912
0.0228588
-0.0191284
-0.0178997
-0.0290020
-0.0096874
-0.0099519
-0.0116296
0.0032862
-0.0350781
0.0202560
-0.0142296
-0.0152808
0.0159626
-0.0207484
0.0260921
0.0265919
0.0058193
0.0566557
0.0226799
0.0140481
0.0500632
0.0055355
-0.0140072
0.0011893
-0.0332136
-0.0374628
-0.0245052
-0.0339083
-0.0074701
0.0026273
0.0098011
0.0143416
-0.0179497
0.0165100
0.0794488
0.1227520
0.1166576
0.0393951
0.0682896
0.0732859
-0.0128393
-0.0242407
-0.1017929
-0.1781432
-0.1707124
-0.2144898
-0.1910675
-0.0822077
0.1237920
0.3638226
0.4530417
0.3754752
0.1933162
-0.0361423
-0.2304136
-0.3130385
-0.2776040
-0.2219495
-0.1531473
-0.0469321
0.0540706
0.0382139
0.0559695
0.0994511
0.0632537
0.0933809
0.0459928
0.0180966
-0.0155256
0.0003527
0.0118326
-0.0662715
-0.0491225
-0.0579497
-0.0668512
-0.0237976
-0.0405292
-0.0391889
-0.0155949
-0.0138905
0.0175628
0.0407502
0.0609432
0.0645695
0.0270824
0.0118971
-0.0030444
-0.0227790
-0.0150078
0.0011592
-0.0007143
-0.0220751
-0.0531232
-0.0574314
-0.0157034
-0.0242430
-0.0171271
-0.0115949
0.0079451
0.0094566
0.0074710
0.0373542
-0.0114955
0.0077991
-0.0161236
-0.0597627
0.0076431
-0.0162325
-0.0278468
-0.0167301
-0.0372125
0.0145766
-0.0202678
-0.0168368
-0.0084795
0.0096410
0.0159270
-0.0257316
-0.0290279
-0.0279853
0.0076231
-0.0066595
-0.0252027
0.0404134
-0.0037209
0.0010292
0.0192746
-0.0001795
0.0127222
-0.0202045
0.0318699
0.0070553
-0.0027178
0.0373649
-0.0221694
-0.0217060
0.0041743
0.0202046
0.0454633
-0.0189670
-0.0264228
-0.0234648
