0.4698330
0.3988158
0.1468751
-0.1817461
-0.3191060
-0.2657589
-0.1662233
-0.0732749
-0.0518575
0.0017363
0.0337246
0.1468203
0.1435153
0.0248331
0.0786331
0.0265486
-0.0631497
-0.0092346
-0.0701633
-0.0811924
-0.0267320
-0.0017417
-0.0011035
0.0368784
-0.0341453
0.0537263
0.0581362
-0.0119997
0.0780003
-0.0467454
0.0024943
0.0231529
-0.0507001
-0.0395011
-0.0065885
-0.0380112
-0.0501615
0.0227832
0.0310603
0.0193297
0.0360143
-0.0611625
0.0151541
-0.0338697
0.0431627
0.0203819
-0.0296514
-0.0124578
-0.0185664
0.0364648
-0.0237764
-0.0174634
-0.0365616
0.0463184
-0.0339991
-0.0550500
0.0558646
0.0411265
0.0362627
0.0268722
-0.0070084
0.0596711
-0.0361722
0.0441744
0.0022032
-0.0395762
0.0325057
-0.0434041
0.0039679
-0.0149961
0.0424591
0.0589897
0.0230213
0.0235893
0.0203407
-0.0334450
0.0074693
-0.0479777
0.0124654
0.0116414
0.0062237
0.0157648
-0.0160714
-0.0020530
0.0411275
-0.0278708
0.0153317
0.0122577
-0.0317635
-0.0152334
0.0214381
-0.0069878
0.0108909
0.0053968
-0.0474503
0.0106008
-0.0140030
-0.0098277
-0.0146024
0.0316133
-0.0302343
-0.0208241
-0.0296808
0.0203581
0.0230170
0.0070200
0.0422091
0.0065397
-0.0337670
-0.0065919
-0.0517075
0.0467722
-0.0369049
-0.0427792
0.0387725
-0.0285616
-0.0256426
0.0400052
0.0210767
-0.0154544
-0.0216137
-0.0368652
-0.0158456
-0.0204224
-0.0397695
-0.0519748
0.0383095
0.0110710
-0.0526958
-0.0121963
-0.0481838
-0.0510258
-0.0345770
-0.0175837
-0.0070379
-0.0103138
-0.0227983
-0.0463937
0.0333407
-0.0033904
0.0385145
0.0071219
0.0407419
-0.0256157
-0.0233970
0.0488964
-0.0429922
0.0014606
-0.0039294
-0.0361804
0.0442970
-0.0098952
0.0512501
0.0114808
0.0390716
0.0210373
-0.0081441
0.0225710
0.0494840
-0.0140860
0.0142437
0.0419097
-0.0259911
-0.0279213
-0.0745850
-0.0266463
0.0391362
0.0042982
0.0081883
-0.0114537
-0.0261364
0.0429691
0.0817255
0.0227007
0.0086229
0.0201149
0.0226648
-0.0314855
-0.0867396
-0.0825573
-0.0901181
-0.0382557
0.0041009
-0.0210437
0.0390971
0.0738173
0.1454809
0.1176829
0.0871279
0.1188834
-0.0160342
-0.1651536
-0.2035584
-0.1966882
-0.1522474
-0.0774702
-0.0483503
0.1099361
0.3273532
0.5126696
0.4123293
0.0381629
-0.3156015
-0.3482673
-0.2243201
-0.0843381
0.0219426
-0.0472554
0.0568238
0.1011212
0.1066846
0.1042991
0.0080642
0.0686909
0.0115507
-0.0395811
-0.0837098
-0.0720025
-0.0531351
-0.0201780
-0.0271036
-0.0359017
-0.0445700
-0.0282334
-0.0224167
-0.0141027
0.0544355
0.0654725
-0.0129683
-0.0512948
0.0096839
0.0449147
0.0168241
-0.0578563
-0.0401719
-0.0461270
0.0209859
0.0241670
0.0422575
0.0536625
-0.0261622
0.0036986
0.0075244
-0.0519149
-0.0429621
-0.0477620
-0.0123484
-0.0124026
-0.0204636
-0.0027394
-0.0344832
0.0424736
0.0441007
0.0803324
-0.0001407
-0.0055558
0.0440533
0.0067512
0.0581589
-0.0009515
0.0084132
0.0151324
-0.0403470
0.0665936
0.0354989
0.0083092
-0.0301923
-0.0159506
-0.0113737
-0.0336306
-0.0148538
0.0510112
-0.0037623
0.0068139
-0.0015784
0.0209618
-0.0236115
-0.0336519
0.0065034
0.0309714
0.0385613
0.0369632
-0.0161395
0.0049513
0.0296216
0.0652488
-0.0172908
0.0108606
-0.0408156
-0.0386130
0.0528811
0.0072945
0.0026770
0.0035506
0.0154655
0.0170555
-0.0578616
0.0172286
0.0397003
0.0169458
0.0394638
0.0081971
-0.0602359
0.0296520
0.0391833
0.0479501
0.0192553
-0.0062056
0.0068780
0.0221083
0.0254716
0.0476015
-0.0079473
0.0271643
-0.0128467
0.0068660
0.0005219
0.0369800
0.0093459
-0.0425490
0.0447941
0.0147893
-0.0065288
-0.0242441
0.0177751
-0.0081608
0.0167586
0.0032250
-0.0293518
-0.0124014
0.0353383
0.0004259
-0.0195645
0.0000666
-0.0168020
0.0202245
0.0190481
0.0605406
0.0234173
-0.0495090
-0.0452616
-0.0375631
-0.0690526
0.0136123
0.0197008
0.0115383
-0.0478851
-0.0456854
-0.0023407
-0.0129361
-0.0500322
0.0364090
0.0322566
0.0135201
0.0291936
-0.0035397
-0.0443293
0.0186086
0.0166668
-0.0290304
0.0349417
0.0247167
-0.0058605
-0.0291529
0.0003425
0.0407621
0.0454092
0.0065362
0.0500813
-0.0189070
0.0168278
0.0165224
-0.0137007
-0.0679914
0.0069416
-0.0430758
-0.0979373
-0.0919446
0.0002861
-0.0003959
-0.0223938
0.0758327
0.1529821
0.1453672
0.1118518
0.0657787
0.0025984
-0.0630197
-0.1813964
-0.2590586
-0.1844601
-0.1014607
-0.0572613
0.0687965
0.2619868
0.5130996
0.4773506
0.0663011
-0.2213580
-0.3990770
-0.3022763
-0.0974255
-0.0668680
0.0125932
0.0523692
0.0954978
0.1552848
0.1328127
0.0079927
0.0279894
0.0380164
0.0175362
-0.0019487
-0.0584359
-0.0212101
-0.0575297
-0.0650085
0.0326626
0.0211456
0.0096147
0.0195518
0.0055240
0.0566123
0.0758510
-0.0275805
0.0308961
0.0243671
-0.0492124
-0.0153216
-0.0730336
0.0312065
-0.0236984
-0.0386504
0.0440631
0.0315431
-0.0141508
-0.0568710
0.0015163
0.0224379
-0.0020456
0.0125211
-0.0129334
0.0019975
-0.0283754
-0.0246899
0.0260579
-0.0052032
0.0020714
-0.0243864
-0.0074825
0.0218662
-0.0234859
-0.0300372
0.0521934
-0.0289237
0.0131328
-0.0560779
0.0078903
-0.0129346
-0.0431565
-0.0256353
0.0287350
0.0228625
0.0230497
0.0636182
0.0005071
-0.0351963
0.0428784
-0.0226281
0.0091457
0.0675789
0.0082133
0.0419155
-0.0040651
-0.0110408
-0.0439479
-0.0119023
-0.0330424
-0.0076050
0.0697184
-0.0166284
0.0005347
0.0182657
0.0061042
-0.0038179
0.0088205
-0.0357960
0.0400569
0.0185096
-0.0309349
0.0163327
0.0287281
0.0226825
-0.0057168
-0.0175483
-0.0012850
0.0374629
0.0123719
-0.0189623
-0.0582263
