0.5484139
0.5182309
0.2890632
-0.0835275
-0.2565649
-0.5452208
-0.7157691
-0.6026980
-0.3281415
0.0327780
0.1773544
0.2894831
0.3144651
0.4144845
0.2167438
0.0077616
0.1021316
-0.0195322
-0.1154306
-0.2229728
-0.1016401
-0.2016602
-0.1491688
0.0103376
-0.0104801
0.1182137
0.1297280
0.1339481
0.0782400
0.0409398
0.0109793
0.0030842
0.0203307
-0.0766745
-0.0244208
-0.1452723
-0.0357445
0.0496122
-0.0736172
0.0155402
0.0057248
-0.0487412
0.0015203
0.0705414
0.1124114
0.0246822
-0.0455628
-0.0553293
0.0486259
0.0120487
-0.0831753
0.0384864
0.0177203
-0.0193408
-0.1038639
0.0083947
0.0886282
0.1336431
0.0282259
-0.0478920
0.1228730
0.1548089
0.0739854
0.0754531
-0.0244173
-0.1772608
-0.1526678
-0.0309692
-0.1247884
-0.2224741
-0.1339684
-0.1756011
0.0208448
0.3218897
0.3567549
0.4832990
0.6073034
0.2429283
-0.1006811
-0.4539696
-0.5737481
-0.6259735
-0.5601813
-0.2020315
0.0958895
0.2935125
0.3178627
0.3163018
0.2331017
0.1947216
0.1059889
-0.0358288
-0.1212830
-0.1662297
-0.1916965
-0.2200245
-0.1496827
-0.1734630
-0.0041149
0.0019104
0.0231732
0.0772871
0.0943831
0.0857401
0.0018042
0.0634803
-0.0548222
-0.0434769
-0.0393089
-0.1116088
-0.1188149
-0.1013058
0.0057075
0.0397608
-0.0016606
-0.0201148
0.0963197
-0.0197200
-0.0280129
0.1077398
0.1202567
0.1409487
0.0881621
-0.0198792
0.0390766
-0.0293621
-0.1678796
-0.1032007
-0.1158507
0.0354107
-0.0612676
0.0139780
0.0483806
0.0139908
0.1589238
0.0648542
0.1012693
0.1502641
0.0144439
-0.0217083
0.0175659
-0.0669551
-0.2595600
-0.2029763
-0.2274061
-0.2170119
-0.0207421
-0.0483260
0.1465594
0.3422959
0.4558942
0.5930881
0.3138879
0.0399032
-0.2949081
-0.7028922
-0.7391671
-0.5941927
-0.3415143
0.0988333
0.3506223
0.4798324
0.4494798
0.2517033
0.1949920
0.1020255
0.0263639
-0.0624372
-0.1440296
-0.1893715
-0.1023587
-0.1817034
-0.0647176
-0.0022614
0.0330650
-0.0341877
0.0239885
0.0774901
0.0363657
0.2134377
0.0921441
0.0188906
0.0060391
-0.0969191
0.0010446
-0.0389107
-0.0425646
-0.0628372
-0.1362590
-0.1240033
0.0787856
0.1168457
0.0777102
-0.0274481
0.0166027
-0.0934903
0.0165606
-0.0374886
-0.0819430
0.0833048
-0.1337269
0.0116112
0.0122625
-0.1253684
-0.0128620
0.0024539
0.0898538
0.1013868
0.0378861
0.0583046
0.0137888
-0.0707084
-0.0217188
0.0391788
-0.1770881
-0.1182044
-0.1105159
-0.1933417
-0.1652936
-0.1635538
-0.0328549
-0.0051770
0.1916798
0.4910520
0.6274970
0.4567447
0.1777669
-0.2364643
-0.6213866
-0.7705283
-0.6884439
-0.3505829
-0.1228969
0.0952606
0.2814508
0.3331337
0.3602777
0.2938497
0.1825315
0.1148177
0.0743720
-0.0046511
-0.1609508
-0.2718021
-0.0723538
-0.0514384
-0.1465644
0.0534773
0.0611757
-0.0274839
-0.0199524
0.0407612
0.1411755
0.1888940
0.1334507
0.1286248
-0.0018005
-0.0074508
-0.0417783
-0.1158837
0.0455319
-0.0606730
0.0048365
0.0463591
0.0367200
0.0889054
0.1378883
0.1226713
0.0725857
-0.0983319
-0.0104355
0.0273549
-0.1289784
-0.1137037
-0.0090415
-0.0431147
0.0457061
0.0366822
0.0136221
0.0675868
0.0412918
0.1646986
-0.0195261
0.1622772
0.1158191
-0.0627485
-0.0353059
-0.1234519
-0.1861398
-0.2176280
-0.1188211
-0.1837174
-0.1875737
-0.0479052
-0.0523499
0.0161665
0.3033343
0.6270484
0.6682735
0.5241016
0.0904959
-0.3393429
-0.5178733
-0.7273059
-0.7444453
-0.4115337
-0.0403805
0.3291830
0.4453641
0.3555087
0.3175593
0.3168713
0.1942067
-0.0514620
-0.1233679
-0.1615931
-0.2848994
-0.1634135
-0.1234312
-0.1771725
-0.0609219
-0.0479828
0.0997133
0.0863282
0.0723467
0.0166050
0.0968190
0.1815824
-0.0073111
-0.0725010
0.0784968
0.0110529
-0.0403214
0.0459395
-0.0363934
-0.1262268
-0.0516555
0.0128201
-0.0306399
-0.0115347
-0.0445675
-0.0539261
-0.0413462
-0.0305072
-0.0076294
-0.0209848
-0.0804211
-0.0805969
-0.0029668
-0.0991545
-0.1192827
0.0453732
0.0428556
-0.0852097
0.0440981
0.1223569
-0.0356321
0.0357314
0.0590555
-0.0743987
-0.1017390
-0.0056195
-0.1581857
-0.0866092
-0.1737941
-0.1372316
-0.0421459
-0.1142997
0.0342786
0.0981347
0.1319851
0.4511608
0.5627889
0.3833554
0.1709345
-0.1933389
-0.5536765
-0.7849524
-0.6714385
-0.3418047
-0.1298962
0.0850452
0.2570910
0.4629356
0.4102476
0.2669604
0.1463595
0.1291708
-0.0312620
-0.2258195
-0.1837290
-0.1403333
-0.0979094
-0.1433592
-0.0559682
-0.0652889
-0.0726089
0.1183434
0.0467300
0.1594798
0.1636244
0.1092576
0.0173835
-0.0232156
0.0707822
0.0310568
-0.0314274
0.0080917
-0.0056294
0.0350783
0.0638505
0.0050537
-0.0189437
0.0106330
-0.0201500
-0.0273372
0.0021838
-0.0930919
0.0122514
-0.0920044
-0.0268271
-0.0534262
-0.0653052
0.0610917
-0.1317567
0.0104573
0.0052092
-0.0736893
0.0458524
-0.0319865
0.0892969
0.1901553
0.1572799
0.1515812
0.0672159
-0.0359000
-0.0197625
-0.2152197
-0.2802171
-0.1070560
-0.2553998
-0.2341778
-0.1296668
0.0284610
0.1718741
0.4141457
0.7367663
0.5617394
0.3371735
-0.0163763
-0.3614567
-0.6391603
-0.7866421
-0.4672595
-0.3493049
0.0166577
0.3561843
0.5350251
0.3257568
0.2225820
0.2040563
0.0436455
-0.0891573
-0.1818188
-0.2986044
-0.1323291
-0.1330354
-0.2542381
-0.1560911
-0.0844035
-0.0028492
0.0200819
0.0873418
0.1298290
0.1471662
0.0564392
0.1024049
0.1014635
0.0382874
-0.0615891
-0.0275245
-0.0777888
-0.1579367
-0.0092808
-0.0838490
0.0012839
-0.0153052
-0.0424648
0.0856423
-0.0537492
-0.0068126
-0.0950408
-0.0962907
-0.0643188
-0.0322886
0.0737709
-0.1166331
0.0329873
0.0274509
0.0811200
