0.5119360
0.4213065
0.2816774
-0.0576515
-0.3474377
-0.3885547
-0.3256161
-0.1682064
-0.0311572
-0.0594099
-0.0680347
0.0392805
0.1580239
0.1755493
0.1116102
0.1101981
0.0593760
-0.0065532
-0.0303060
-0.0435322
0.0122677
-0.0171904
-0.0428088
0.0082811
-0.0623293
-0.0839811
-0.0084830
-0.0529769
-0.0065816
0.0618844
0.0047752
0.0218101
0.0437749
0.0466278
0.0453666
0.0471770
0.0691902
0.0389693
-0.0005733
-0.0409570
-0.0981799
-0.0370836
0.0146218
-0.0623081
-0.0546248
0.0073091
0.0293638
-0.0097892
-0.0573900
-0.0361065
-0.0427154
-0.0607859
-0.0330394
0.0397656
0.0263161
-0.0140233
0.0188528
-0.0212529
0.0293785
0.0144699
-0.0319844
0.0487326
-0.0309686
0.0027014
0.0891096
0.0000344
-0.0359513
-0.0261266
-0.0294304
-0.0257217
-0.0221428
-0.0269479
-0.0161255
0.0177384
0.0389477
0.0502961
0.0642141
-0.0061111
-0.0737980
-0.0534627
-0.0582027
-0.0128137
0.0698364
0.0157976
-0.0127535
0.0266974
-0.0057256
0.0171890
0.0419399
0.0313777
0.0623075
0.0170273
0.0007140
0.0537111
-0.0288096
-0.0360377
0.0576724
-0.0205090
-0.0550595
0.0181277
0.0094979
-0.0227430
0.0260006
0.0244426
-0.0286322
0.0280883
0.0055309
-0.0753052
-0.0499698
-0.0035283
0.0318227
-0.0126839
-0.0689792
-0.0138291
-0.0119194
-0.0294714
0.0504210
0.0141766
-0.0571408
-0.0335927
0.0123110
0.0315268
0.0326411
0.0730598
-0.0078131
0.0074254
0.0635060
-0.0086222
0.0526795
0.0195650
-0.0065532
0.0289322
-0.0156289
-0.0258123
-0.0363665
0.0341970
0.0079027
-0.0615094
-0.0263443
0.0138135
0.0279269
-0.0548748
-0.0079112
0.0203980
-0.0528267
0.0645857
0.0874137
-0.0417351
-0.0101556
0.0458832
-0.0184108
-0.0375559
0.0367716
0.0612724
-0.0422692
-0.0302094
0.0287133
-0.0333237
-0.0243031
-0.0083337
0.0223618
-0.0040851
-0.0690370
0.0178412
0.0605167
-0.0068399
-0.0442959
0.0370071
0.0749078
-0.0004513
0.0357102
0.0495017
-0.0479805
0.0006228
0.0400294
-0.0689135
-0.0389964
0.0108198
-0.0769223
-0.0421851
0.0044127
-0.0759996
-0.0521086
-0.0199871
-0.0525632
0.0431825
0.0850827
0.0226308
0.0679561
0.0654299
0.0142399
0.0259784
-0.0053757
-0.0645538
-0.0654307
-0.0500143
-0.1490231
-0.2391273
-0.2628029
-0.2270742
-0.0594027
0.1225375
0.3462156
0.4814554
0.3954817
0.2563293
0.0440485
-0.2088240
-0.3376529
-0.2945175
-0.2513828
-0.1972221
-0.0706375
-0.0524590
0.0306943
0.1293608
0.1665290
0.1691476
0.0704168
0.1214729
0.0876981
0.0168100
0.0389652
-0.0197310
0.0178953
-0.0282251
-0.1207610
-0.0725304
-0.0396190
-0.0204213
-0.0243965
-0.0717209
-0.0221316
0.0629211
0.0153622
0.0067223
0.0747180
0.0378312
0.0287756
0.0647553
-0.0261440
-0.0448225
0.0548525
0.0255895
-0.0034992
0.0192844
-0.0185862
-0.0455995
-0.0229890
0.0249481
0.0100652
0.0435350
0.0500391
-0.0492092
-0.0212319
-0.0204462
-0.0619039
0.0313659
0.0645953
-0.0274914
-0.0349431
-0.0024731
-0.0531072
0.0234695
0.0523637
-0.0360893
0.0411276
0.0098457
-0.0796350
-0.0242041
0.0261897
0.0104103
-0.0584100
-0.0118019
0.0703222
-0.0039313
0.0001925
0.0735026
-0.0246820
-0.0582776
0.0112251
0.0077008
-0.0225512
-0.0205185
0.0361073
0.0571848
0.0079644
-0.0109155
0.0221508
0.0508195
0.0363208
-0.0095427
-0.0174787
-0.0121058
-0.0312184
-0.0058041
0.0187268
-0.0109189
0.0135980
0.0531756
0.0075910
-0.0191516
0.0045711
-0.0150288
-0.0533581
-0.0225626
0.0008316
0.0164354
0.0463607
-0.0101874
-0.0021282
0.0591532
0.0096070
-0.0059467
0.0287726
0.0186313
0.0309978
-0.0027228
-0.0669989
-0.0625166
-0.0432983
0.0225121
0.0581815
0.0657553
0.0370664
-0.0068061
0.0437521
0.0131481
-0.0268197
-0.0330859
-0.0253522
0.0280228
-0.0115404
-0.0383579
-0.0215175
0.0160140
0.0283722
-0.0113449
0.0407294
0.0786384
0.0324293
0.0224326
0.0198195
0.0374071
0.0529524
-0.0115817
0.0136619
0.0384090
-0.0280944
0.0421469
0.0720990
-0.0465307
-0.0245610
-0.0166116
-0.0493716
-0.0112520
-0.0404002
0.0070033
-0.0187768
-0.0666732
0.0119059
-0.0200131
-0.0413694
-0.0020787
-0.0051832
0.0151947
0.0449314
0.0090919
-0.0364836
-0.0343831
-0.0189833
-0.0261793
-0.0613327
-0.0914362
-0.0827514
-0.0221116
0.0279582
-0.0533522
-0.0456867
0.0421095
-0.0402852
-0.0144728
0.0810819
0.1102372
0.1532271
0.1510588
0.1292227
0.0958551
0.1143958
0.0347648
-0.0418212
-0.0538761
-0.1690455
-0.1486447
-0.2119473
-0.3067992
-0.2079082
-0.1605972
0.0030436
0.3147924
0.5344397
0.5747001
0.5271184
0.3252149
-0.0469217
-0.3099647
-0.4975958
-0.4750267
-0.2732586
-0.1844449
-0.0477627
0.0751913
0.0838368
0.0862066
0.0869844
0.0708744
0.0673985
0.0706484
0.0023156
0.0045943
-0.0219499
-0.0848850
-0.0160853
-0.0807809
-0.0941414
-0.0056473
-0.0319248
-0.0188540
-0.0219501
-0.0586041
-0.0387818
0.0368182
0.0655204
0.0093551
-0.0018663
0.0369795
0.0453531
-0.0043042
-0.0487880
-0.0225630
0.0318759
0.0292991
-0.0339167
-0.0303857
0.0169206
-0.0512150
-0.0928981
0.0219460
0.0705459
0.0368934
-0.0049184
-0.0644845
-0.0288032
0.0436854
0.0659501
0.0443146
0.0245672
0.0615163
0.0433865
-0.0363630
-0.0205081
-0.0200786
-0.0479381
-0.0167237
-0.0294236
-0.0295280
-0.0276301
0.0100578
0.0123286
-0.0369544
0.0327894
0.0294994
-0.0009270
0.0149038
-0.0111622
-0.0258801
-0.0564751
-0.0415663
0.0138659
0.0215566
0.0151355
0.0102247
-0.0138332
-0.0423528
-0.0686026
-0.0593878
-0.0654195
-0.0421164
0.0503041
0.0204110
-0.0110339
0.0175068
0.0146903
0.0316199
0.0531221
0.0759627
-0.0002790
-0.0833994
-0.0534419
-0.0377101
