0.2744873
0.1784754
-0.0520440
-0.1736158
-0.1631811
-0.0578873
-0.0016670
-0.0028736
0.0239311
0.0413533
0.0311588
0.0590667
0.0022506
0.0080817
-0.0093781
-0.0380818
-0.0256880
-0.0034059
0.0147321
0.0055504
0.0213799
0.0229142
-0.0100279
-0.0087136
-0.0230244
0.0040268
0.0028803
-0.0242590
0.0087630
-0.0279441
-0.0115823
0.0097014
0.0034655
0.0002895
-0.0052808
-0.0055603
0.0078522
-0.0111186
0.0116937
0.0027857
0.0150946
0.0217191
0.0037923
-0.0247953
0.0185732
-0.0110752
0.0028625
0.0078439
-0.0219775
-0.0073553
-0.0193444
-0.0207215
-0.0111657
0.0070818
-0.0258236
-0.0152422
-0.0105811
-0.0136735
0.0217611
-0.0180287
-0.0159951
0.0001593
-0.0147706
-0.0162534
-0.0174886
-0.0163566
0.0166837
0.0027302
-0.0168953
0.0049629
0.0254188
0.0105542
-0.0057215
0.0025277
-0.0103906
0.0236232
0.0167433
0.0056811
-0.0234022
0.0014055
0.0191632
0.0172652
0.0239105
-0.0150961
0.0110863
0.0077289
-0.0080165
0.0005683
-0.0201547
-0.0062048
0.0244767
0.0096250
0.0013391
-0.0005819
0.0130755
0.0065776
0.0242513
0.0216368
0.0018821
-0.0275391
0.0065113
0.0073847
0.0145625
-0.0277856
-0.0078055
0.0110400
0.0065858
0.0096677
-0.0114118
-0.0209949
-0.0023925
0.0164403
-0.0032542
-0.0221311
0.0069387
-0.0110481
-0.0016268
0.0094902
0.0115177
0.0123474
-0.0111233
0.0266084
-0.0117504
0.0031312
0.0060413
-0.0022629
0.0254292
0.0173331
0.0159223
0.0018039
0.0322592
0.0121504
-0.0057208
0.0206328
0.0089123
-0.0102768
0.0179718
-0.0026558
0.0006696
0.0299111
-0.0202874
0.0275247
-0.0080330
0.0107048
-0.0154955
-0.0079480
-0.0199782
0.0181299
-0.0103207
0.0020970
0.0187324
0.0007199
-0.0103515
0.0002429
-0.0100164
0.0008153
0.0135977
0.0230678
-0.0058362
0.0085872
0.0088466
0.0135040
-0.0056330
-0.0021351
0.0184464
-0.0180463
-0.0094316
0.0139877
-0.0237372
-0.0200855
0.0139961
0.0070830
-0.0025923
0.0218123
0.0057655
-0.0066037
0.0117610
0.0002050
-0.0254686
-0.0239185
-0.0029578
0.0045016
-0.0029466
0.0025471
0.0155924
0.0492664
0.0284551
0.0376666
0.0601835
0.0302045
-0.0217678
-0.0674459
-0.0851003
-0.1306247
-0.0687666
0.0418599
0.2005832
0.2810635
0.1313955
-0.1104690
-0.1991792
-0.1516481
-0.0754438
0.0036560
0.0432548
0.0319107
0.0335606
0.0204807
0.0087333
0.0171680
-0.0164427
-0.0045966
-0.0078350
-0.0343332
-0.0141224
-0.0393903
-0.0124963
0.0002265
0.0229788
0.0017114
-0.0054190
0.0242233
-0.0067620
0.0065504
0.0213349
-0.0161622
-0.0137961
-0.0179410
-0.0163142
-0.0225944
-0.0087922
0.0228189
-0.0113635
0.0036289
0.0274495
0.0009156
0.0040812
0.0007473
0.0126094
0.0027528
-0.0112366
-0.0114952
-0.0081605
-0.0096860
-0.0012502
-0.0187364
-0.0340007
0.0024971
0.0249313
0.0165171
-0.0043258
-0.0056133
0.0275156
0.0100208
0.0170840
-0.0145181
-0.0267439
-0.0081549
0.0342295
-0.0079779
-0.0083343
-0.0070979
-0.0068451
-0.0045112
-0.0073241
0.0105738
-0.0014901
0.0102037
0.0094525
0.0050246
0.0154946
-0.0078727
-0.0273616
-0.0014501
-0.0240784
0.0111513
-0.0123623
0.0100507
-0.0232710
0.0035223
-0.0294009
-0.0105268
0.0033409
0.0131975
0.0146965
0.0241611
0.0078412
0.0117228
-0.0048453
-0.0225113
-0.0186167
-0.0191582
-0.0158631
-0.0000371
0.0093001
-0.0261927
0.0234712
-0.0031507
-0.0015296
-0.0123061
-0.0189683
0.0324412
-0.0130294
0.0054645
0.0142487
0.0022401
0.0281566
-0.0179067
-0.0223535
-0.0080347
0.0015081
-0.0142229
-0.0121563
0.0086464
0.0070818
-0.0028704
-0.0186152
0.0194535
-0.0240503
0.0232401
0.0095444
-0.0135229
-0.0243598
0.0197655
-0.0124006
-0.0071253
0.0056484
0.0088112
0.0007822
-0.0076339
0.0157453
0.0257648
0.0164241
-0.0096071
0.0005256
-0.0261849
-0.0041769
-0.0180534
-0.0097770
-0.0210959
0.0181609
0.0129153
0.0002414
-0.0011287
-0.0002884
0.0119349
0.0299155
-0.0058627
-0.0121021
0.0005946
0.0068189
0.0160555
-0.0147908
0.0081229
0.0144729
0.0024791
0.0032845
-0.0038542
0.0203204
0.0234404
-0.0261880
-0.0070581
-0.0187031
-0.0259598
-0.0274778
-0.0208717
-0.0292933
0.0031782
0.0202142
0.0223048
0.0230348
0.0000588
0.0133252
-0.0033037
-0.0091336
-0.0269472
-0.0227508
-0.0293509
-0.0360564
0.0242927
-0.0019230
0.0248280
0.0485212
0.0256141
0.0413298
0.0236565
-0.0115362
-0.0447798
-0.0565018
-0.0811854
-0.1216264
-0.0948645
0.0629529
0.2716368
0.2789196
0.0575594
-0.1508184
-0.2359325
-0.1156930
-0.0167625
-0.0118826
-0.0028849
0.0393710
0.0457183
0.0338928
0.0112956
0.0234240
-0.0018358
-0.0080569
-0.0431004
-0.0093462
-0.0234425
-0.0241979
0.0184334
0.0051390
-0.0030068
0.0159333
0.0135192
-0.0047745
0.0049923
0.0272712
-0.0166068
-0.0264489
0.0051953
0.0141114
0.0116254
-0.0248887
0.0139162
-0.0088367
0.0122746
0.0346155
0.0072251
0.0261333
0.0124064
-0.0265180
0.0082825
0.0038220
0.0149852
0.0038615
-0.0331419
0.0154273
0.0024849
-0.0176011
0.0027762
-0.0106197
0.0168193
0.0048476
-0.0195021
-0.0085975
-0.0027893
-0.0132430
-0.0253976
-0.0014239
-0.0149526
-0.0159792
0.0085153
-0.0000514
0.0113178
0.0242953
-0.0115935
-0.0176697
-0.0148809
-0.0155434
-0.0171970
-0.0087852
0.0233227
-0.0037968
0.0133254
-0.0064280
0.0047298
-0.0114449
-0.0040246
0.0293341
-0.0242562
0.0162052
-0.0037212
0.0044747
0.0029036
-0.0132412
0.0097770
-0.0259070
-0.0126290
0.0312499
-0.0136749
-0.0128908
0.0205842
-0.0212327
0.0102666
-0.0132130
-0.0247365
-0.0030528
-0.0137951
-0.0089743
-0.0265790
-0.0214633
0.0019631
0.0098528
0.0059069
0.0016134
0.0112190
