0.3126080
0.1541759
-0.1065778
-0.2073326
-0.1620575
-0.0249618
-0.0168662
0.0110387
0.0323083
0.0426590
0.0793206
0.0498665
0.0274008
-0.0041921
-0.0235172
-0.0106500
-0.0468999
-0.0195972
-0.0008479
-0.0144492
-0.0120120
-0.0076389
0.0302758
-0.0000208
-0.0173083
0.0117043
0.0103881
-0.0109440
-0.0095440
0.0076366
-0.0020540
0.0055080
0.0209315
0.0166587
0.0160265
0.0212560
-0.0329555
0.0038693
0.0089710
-0.0200440
0.0159435
0.0052289
-0.0143534
-0.0109959
-0.0145627
0.0010808
0.0159790
-0.0160621
-0.0030096
0.0063171
0.0262020
-0.0062082
-0.0195561
0.0041748
0.0046685
0.0049974
0.0024331
-0.0008176
-0.0031147
-0.0179551
-0.0108816
0.0049800
0.0021780
0.0247104
-0.0073472
0.0131057
0.0218708
-0.0108249
0.0073129
-0.0206091
0.0014005
-0.0209127
-0.0197603
-0.0154370
-0.0037514
0.0240991
-0.0022408
-0.0011402
0.0084808
0.0107874
-0.0192396
0.0074617
0.0076110
-0.0170109
-0.0201906
0.0223107
-0.0073298
0.0090459
0.0183725
0.0218019
0.0067583
-0.0106994
-0.0123539
-0.0153746
-0.0022806
0.0140037
0.0289333
0.0106057
0.0078769
-0.0114190
0.0091364
-0.0043942
-0.0047551
0.0214179
0.0081927
-0.0069735
0.0077868
0.0307766
-0.0025497
0.0032170
-0.0102086
-0.0268229
0.0107435
-0.0049813
-0.0065097
0.0184711
0.0012654
0.0068760
0.0271193
0.0253148
0.0045593
0.0158740
-0.0134700
0.0109493
0.0123954
0.0170015
0.0325985
-0.0039434
0.0180075
-0.0084782
-0.0012503
0.0102992
0.0075951
-0.0298732
0.0129215
0.0092160
-0.0138443
0.0161744
-0.0221417
-0.0058814
0.0063226
-0.0194567
-0.0041278
-0.0016535
-0.0014417
0.0027493
-0.0012307
0.0279365
0.0043812
-0.0010965
-0.0061573
0.0109719
0.0009162
-0.0133684
0.0007468
0.0136043
0.0075774
0.0030163
0.0263329
-0.0179101
-0.0241580
0.0037617
0.0267492
0.0230337
0.0013398
-0.0183325
-0.0122550
-0.0276435
-0.0025735
-0.0033070
-0.0183293
-0.0077370
0.0167870
-0.0006890
0.0109626
0.0232233
0.0147045
0.0186687
0.0142471
0.0149957
-0.0100184
-0.0170357
-0.0141447
-0.0230244
-0.0101677
-0.0074295
0.0306636
0.0181981
0.0681588
0.0316576
0.0681971
0.0187007
-0.0179114
-0.0470791
-0.1164452
-0.1112768
-0.1255053
-0.0674144
0.1351843
0.2948861
0.2364185
0.0374670
-0.1878329
-0.2154295
-0.0991169
-0.0073890
-0.0099481
0.0208867
0.0716877
0.0559249
0.0312845
0.0265972
0.0021856
-0.0152433
0.0036385
-0.0029373
-0.0248458
-0.0232857
-0.0024822
-0.0181133
0.0160860
0.0188373
0.0114218
0.0056568
-0.0132916
0.0047032
0.0001323
-0.0024232
-0.0184022
-0.0145249
0.0073113
-0.0034386
0.0114951
-0.0184732
-0.0242751
-0.0123668
-0.0132973
0.0090150
-0.0051168
0.0127831
-0.0232106
-0.0039338
0.0199490
0.0140645
-0.0131062
0.0138065
0.0123179
-0.0126150
-0.0116838
-0.0119014
0.0092603
0.0006920
0.0063404
0.0013835
0.0194859
-0.0067248
-0.0099939
0.0017081
0.0194838
0.0027029
0.0128109
-0.0076676
0.0238513
0.0010390
0.0011687
0.0185802
-0.0140649
0.0058114
0.0033497
-0.0063045
-0.0119058
0.0148675
0.0294853
0.0161806
0.0184770
-0.0130421
-0.0037285
-0.0076791
0.0038620
-0.0115142
-0.0135624
0.0014416
-0.0029624
0.0048931
-0.0079610
0.0008197
0.0180580
0.0154165
0.0235161
0.0070998
0.0076329
-0.0038279
-0.0022740
-0.0227153
0.0057465
0.0185243
0.0079341
-0.0129525
0.0100929
-0.0196255
-0.0327285
-0.0038995
0.0110492
0.0063169
-0.0072332
-0.0075483
0.0212418
-0.0266226
-0.0021599
-0.0128807
0.0089028
0.0072011
-0.0143505
-0.0005715
-0.0150512
-0.0064466
0.0384063
0.0105515
0.0126457
-0.0004249
0.0183795
-0.0227485
-0.0074155
-0.0032210
0.0123015
0.0016737
0.0070048
0.0078456
-0.0258859
-0.0098834
-0.0185413
0.0043017
0.0107475
0.0209387
0.0087643
-0.0053388
-0.0042861
0.0198280
0.0041935
0.0082064
-0.0179815
-0.0044392
0.0070802
0.0259147
0.0178295
0.0139759
0.0034745
0.0114519
-0.0026275
-0.0175520
0.0094524
0.0081024
-0.0033691
-0.0051168
-0.0031453
-0.0201330
-0.0207493
0.0079221
0.0354361
0.0099304
0.0174117
-0.0001353
-0.0040942
0.0096052
-0.0183033
0.0115979
-0.0123764
-0.0194319
0.0031106
0.0098813
0.0049512
0.0098856
0.0209995
0.0145105
0.0161273
0.0267469
-0.0228711
-0.0342227
-0.0381716
-0.0264530
-0.0307747
-0.0324515
0.0050569
0.0486369
0.0357425
0.0314829
0.0645387
0.0355462
0.0492163
-0.0221529
-0.0825360
-0.1021725
-0.1056160
-0.1148229
0.0080095
0.1914422
0.2801719
0.1685891
-0.0630626
-0.1831001
-0.1641451
-0.0836139
-0.0385978
0.0294922
0.0550223
0.0762192
0.0698139
0.0488115
0.0244635
0.0125278
-0.0307296
-0.0429936
-0.0209699
-0.0201503
0.0070434
-0.0217908
0.0194416
0.0346192
0.0125626
0.0138672
0.0095170
-0.0048505
-0.0109867
0.0002774
-0.0129576
-0.0205037
0.0051024
0.0085765
0.0081294
0.0106785
0.0045599
-0.0103071
0.0032917
-0.0041467
0.0140168
-0.0108811
-0.0041517
-0.0242228
-0.0290564
0.0213535
0.0024556
-0.0261931
-0.0079713
-0.0256243
-0.0179245
-0.0102798
-0.0022164
-0.0143462
-0.0011132
0.0262672
-0.0089610
-0.0071164
-0.0138602
-0.0067791
0.0075439
-0.0131365
0.0217245
0.0074197
-0.0193135
0.0060216
-0.0254852
-0.0090171
0.0234183
0.0077617
-0.0258613
0.0022285
0.0240728
0.0162771
0.0138522
0.0049671
0.0148391
0.0023931
0.0115212
-0.0311115
-0.0119096
-0.0231700
0.0172576
0.0011122
-0.0120475
0.0145224
-0.0182048
-0.0064960
-0.0022716
0.0051754
-0.0102151
-0.0017865
-0.0267115
0.0045715
0.0199001
-0.0007197
-0.0154550
0.0022502
0.0282496
0.0299616
0.0101524
-0.0110032
-0.0291403
-0.0218456
0.0169790
0.0155461
