0.1591723
0.1884328
0.1396665
0.0096238
-0.1129475
-0.1463730
-0.1102939
-0.0371255
0.0143324
0.0165439
0.0310989
0.0646123
0.0440285
0.0368076
0.0061267
-0.0160985
-0.0061359
-0.0400810
-0.0357738
-0.0329895
-0.0108060
-0.0067866
0.0115700
-0.0018062
0.0107592
-0.0011076
0.0061141
0.0362915
0.0004126
-0.0010913
-0.0028161
-0.0428158
-0.0080598
-0.0171412
-0.0243474
0.0216939
0.0045634
-0.0194376
0.0164532
0.0079271
0.0053206
0.0351870
0.0245543
0.0226514
-0.0113873
-0.0235092
0.0014270
-0.0060613
0.0086380
-0.0071891
0.0225541
-0.0094647
0.0019457
-0.0137356
0.0104493
0.0191194
-0.0101050
-0.0054469
-0.0172870
-0.0009052
-0.0027890
-0.0293939
-0.0206584
0.0138396
-0.0169679
-0.0078180
-0.0278309
-0.0297654
0.0165795
-0.0287525
0.0057932
-0.0140306
-0.0284551
-0.0154532
0.0077284
-0.0192094
0.0179494
0.0091493
-0.0221258
-0.0113572
0.0143669
-0.0050171
-0.0247939
-0.0158413
0.0224328
-0.0035977
-0.0100392
-0.0280923
0.0011251
0.0280060
-0.0193175
-0.0056189
0.0265540
-0.0052376
0.0172276
-0.0023596
-0.0065943
0.0050183
0.0137652
-0.0025699
-0.0248936
0.0156996
-0.0150539
-0.0281426
0.0203436
0.0244157
0.0069989
-0.0243999
0.0098841
0.0123722
-0.0216149
0.0138160
-0.0212419
-0.0339206
0.0187803
-0.0065954
-0.0088180
0.0192318
-0.0115858
0.0138380
-0.0025059
0.0247157
0.0115029
-0.0202376
0.0176534
-0.0121283
0.0228026
0.0039585
-0.0148600
0.0150847
-0.0067373
0.0106686
0.0167662
0.0338232
-0.0087203
-0.0056261
0.0020753
-0.0058609
-0.0072463
0.0009121
-0.0023416
-0.0251498
-0.0082964
-0.0050357
0.0182850
0.0097456
0.0060403
0.0112295
-0.0066515
0.0084956
-0.0020009
0.0112161
-0.0068648
0.0233704
-0.0050869
0.0001385
0.0068603
-0.0331108
-0.0002647
-0.0134331
0.0008957
0.0233379
-0.0184102
0.0243796
0.0031303
0.0096511
-0.0145765
-0.0109660
-0.0016560
-0.0086466
0.0245820
-0.0243938
-0.0248807
0.0126227
0.0059109
-0.0042141
0.0069121
0.0438530
0.0004554
0.0205360
0.0102483
-0.0147136
0.0236835
-0.0240564
-0.0248297
-0.0389008
-0.0074412
0.0026112
0.0074592
0.0006442
0.0469369
0.0550783
0.0539223
0.0341872
0.0347043
-0.0114037
-0.0408624
-0.0912589
-0.1196759
-0.0882185
0.0017678
0.0687318
0.1510299
0.1744883
0.1439710
0.0081765
-0.1036698
-0.1589713
-0.1199014
-0.0333118
0.0051753
0.0423103
0.0704438
0.0509736
0.0620899
0.0026406
0.0059790
-0.0209462
-0.0297271
-0.0468051
-0.0295947
0.0055531
-0.0080048
-0.0108032
-0.0259668
0.0425653
0.0147264
0.0044398
0.0319970
0.0163816
0.0268269
0.0278103
0.0203802
-0.0242867
0.0166545
0.0000254
-0.0368727
-0.0027974
0.0091942
-0.0250212
-0.0302776
-0.0167576
-0.0161959
-0.0074802
-0.0059983
-0.0099809
-0.0231041
0.0147899
-0.0029061
-0.0145177
-0.0266569
-0.0257767
0.0046146
0.0219778
0.0159025
0.0192248
0.0316192
0.0079594
0.0121146
0.0077147
0.0065456
0.0215626
-0.0026542
-0.0291460
-0.0161699
0.0082443
-0.0007928
0.0118323
-0.0039409
-0.0014581
-0.0095101
0.0028483
0.0210775
0.0024424
-0.0320750
-0.0117738
0.0054993
-0.0189124
0.0054056
-0.0224376
0.0100965
-0.0166460
0.0321132
0.0014504
-0.0175911
0.0316001
-0.0151070
0.0050771
0.0013352
0.0062191
-0.0043192
0.0205150
0.0227658
0.0182697
0.0096311
-0.0095885
0.0228396
-0.0285251
0.0192329
-0.0141284
-0.0038901
0.0372998
0.0010934
-0.0174168
0.0036445
-0.0140680
-0.0132788
0.0092790
0.0179170
0.0059725
0.0223570
-0.0223691
-0.0017738
-0.0131873
-0.0059235
0.0183128
0.0009365
0.0235970
0.0045623
-0.0021762
0.0374707
-0.0012976
-0.0084325
0.0132446
0.0030384
-0.0091362
-0.0220222
-0.0067468
-0.0043843
-0.0196452
0.0149804
0.0105493
0.0166274
0.0299696
0.0175631
0.0292321
-0.0185736
-0.0067283
0.0024320
0.0244684
-0.0044776
0.0108244
0.0148169
-0.0299625
-0.0146402
0.0149026
-0.0099859
0.0228924
-0.0211593
0.0224836
-0.0231372
0.0095373
-0.0067442
-0.0139435
-0.0278328
-0.0055024
0.0110043
0.0044559
-0.0165630
-0.0139152
-0.0299812
-0.0118901
-0.0065321
-0.0195128
0.0197345
0.0195461
-0.0032300
-0.0226857
0.0063667
-0.0099894
0.0116784
0.0077945
-0.0158535
0.0013115
-0.0124563
-0.0272312
0.0103441
0.0011633
0.0017219
0.0065184
0.0208358
-0.0080046
-0.0329338
0.0022990
-0.0161440
-0.0453136
-0.0051052
0.0038629
-0.0159360
-0.0096567
0.0187519
0.0450384
0.0338473
0.0410817
0.0221395
-0.0059409
-0.0554623
-0.0994865
-0.0781194
-0.1154742
-0.0726053
0.0622258
0.1873847
0.2368239
0.0932984
-0.1073662
-0.1684577
-0.1263412
-0.0674380
-0.0115985
0.0143416
0.0459231
0.0365909
0.0604120
0.0143358
0.0327663
0.0157263
-0.0219164
-0.0231035
-0.0180034
-0.0288539
-0.0169773
0.0042625
-0.0044996
-0.0005688
-0.0165448
0.0272943
-0.0126862
-0.0030756
0.0236401
0.0186587
-0.0209362
-0.0038462
0.0003511
0.0070575
-0.0175122
-0.0286528
0.0151361
0.0085322
-0.0297072
0.0119988
-0.0079156
0.0123343
0.0214280
0.0114101
0.0192341
-0.0236929
-0.0170947
-0.0199458
-0.0258320
0.0076292
-0.0113800
-0.0102254
-0.0064448
-0.0081479
-0.0006458
-0.0277415
0.0028211
0.0219230
-0.0129159
-0.0115261
0.0132092
0.0154388
0.0127602
0.0213704
-0.0013080
-0.0120877
0.0038524
-0.0262255
0.0246119
-0.0298563
-0.0013271
-0.0160936
0.0224319
0.0008326
-0.0155896
-0.0040169
-0.0099544
0.0133744
0.0127774
0.0263067
-0.0104434
0.0079038
0.0007804
0.0179625
0.0079953
0.0103006
-0.0194836
0.0064254
-0.0164966
-0.0152996
0.0104525
-0.0185546
0.0250743
-0.0015602
0.0202287
0.0114497
-0.0262732
0.0006692
0.0130488
