0.1832732
0.1540297
0.1038533
0.0508874
-0.0480411
-0.1017569
-0.0401260
-0.0348630
-0.1121988
-0.0804978
-0.0043128
-0.0274621
-0.0080933
0.1182696
0.1559690
0.0922879
0.0830810
0.0628048
-0.0382214
-0.0929989
-0.0619080
-0.0360630
-0.0358220
-0.0062371
-0.0005610
-0.0204717
0.0445826
0.0560055
-0.0606525
-0.0456212
0.0680056
0.0358606
-0.0051862
-0.0262771
-0.0609682
0.0186450
0.0377948
0.0174283
0.0129091
-0.0344863
0.0307774
0.0617245
0.0186881
-0.0023678
-0.0517507
-0.0296539
-0.0050589
-0.0187355
0.0090835
0.0517068
0.0585083
-0.0229202
-0.0296225
-0.0042899
-0.0165655
0.0605448
0.0010347
-0.0577893
0.0128928
-0.0428409
-0.0425856
-0.0012738
-0.0550160
-0.0355483
0.0486553
0.0744683
-0.0006421
-0.0686524
-0.0424988
0.0008753
-0.0053101
-0.0246831
-0.0049891
0.0257938
-0.0271376
-0.0861348
0.0052176
0.0361629
-0.0259198
0.0105720
0.0032977
0.0008381
0.0742153
0.0642005
0.0349125
0.0192325
-0.0297991
-0.0028199
0.0595052
0.0405992
0.0444214
0.0543988
-0.0215658
-0.0519332
-0.0143554
-0.0185765
-0.0058180
0.0477385
0.0484410
0.0142128
0.0002955
0.0060994
0.0094183
0.0202908
0.0356254
-0.0030859
-0.0555770
-0.0537327
-0.0606168
-0.0535369
0.0222092
0.0109590
-0.0459146
0.0159281
0.0476100
-0.0223740
-0.0620029
-0.0666783
-0.0674823
-0.0414836
0.0054312
0.0584211
0.0346016
-0.0172193
0.0337822
0.0339852
-0.0445465
-0.0550859
-0.0360264
-0.0474424
-0.0750032
-0.0729002
-0.0738764
-0.0732632
0.0114090
0.0628643
-0.0146330
-0.0523262
-0.0210203
-0.0327187
-0.0295431
-0.0404938
-0.0444047
0.0039506
0.0018355
0.0288199
0.0299369
-0.0085805
0.0424482
0.0508815
0.0287262
-0.0263685
-0.1284738
-0.1141621
-0.0134018
0.0697335
0.0489487
0.0218838
0.0604899
-0.0043158
-0.0604920
-0.0176066
0.0145889
0.0450919
0.0515794
0.0423382
0.0279215
-0.0665238
-0.1581414
-0.1235258
-0.0428541
0.0242955
0.0499456
0.0349174
0.0711649
0.0629842
-0.0090030
0.0233373
0.0597307
-0.0094300
-0.0119145
0.0410015
0.0533059
0.0441570
-0.0102388
0.0047361
-0.0132027
-0.0542274
0.0089587
-0.0418544
-0.0112833
0.0331960
-0.0477484
0.0419239
0.0290846
-0.0670319
-0.0285270
-0.0227727
-0.0206153
-0.0446948
-0.0540664
-0.0233371
-0.0275112
-0.0077503
0.0227017
0.0620702
0.0551507
-0.0321395
-0.0343042
0.0371370
0.0331959
-0.0250669
-0.0325462
-0.0223329
-0.0572564
-0.0272112
0.0459713
0.0382096
0.0271214
0.0174554
-0.0780160
-0.1199362
-0.0915940
-0.0744412
0.0554697
0.1491664
0.1092513
0.0886109
0.0182658
-0.0390377
-0.0025945
-0.0608631
-0.1194052
-0.0503033
-0.0582748
-0.0368473
0.0485890
0.0554190
0.1372254
0.1377788
-0.0007687
-0.0821932
-0.1118010
-0.1149210
-0.1688746
-0.1213084
0.0300353
0.0735397
0.1169372
0.1343204
0.0837697
0.0670168
0.0265367
0.0098765
0.0627359
0.0022892
-0.0816481
-0.0582610
-0.0833039
-0.0565350
-0.0013633
-0.0292258
-0.0037836
0.0207274
0.0345391
0.0178271
0.0022106
0.0735576
0.0589642
0.0034416
-0.0186607
-0.0546798
-0.0330288
-0.0277311
-0.0525171
-0.0025747
0.0275058
-0.0142371
-0.0141420
-0.0069086
-0.0624691
-0.0697003
-0.0184759
0.0013304
0.0111296
-0.0105556
-0.0500983
-0.0032388
0.0323792
-0.0259407
-0.0192342
0.0354674
0.0239785
0.0338829
0.0310008
-0.0359627
-0.0795405
-0.0937699
-0.0544954
0.0353855
0.1007569
0.1102956
0.0529005
-0.0194111
-0.0117070
0.0531578
0.0860784
0.0647700
-0.0150563
-0.1267485
-0.1914470
-0.1477875
-0.0415312
0.0195355
0.0681865
0.1731794
0.1651890
0.0159295
-0.0065226
0.0286051
-0.0189498
-0.0069785
0.0422363
0.0366280
-0.0027440
0.0101549
0.0195234
-0.0304390
0.0213482
0.0457271
0.0219921
0.0598854
0.0091641
0.0240350
0.0815927
0.0121855
0.0031787
0.0470841
0.0495540
0.0424328
0.0391908
0.0608403
0.0635715
0.0060374
-0.0131922
0.0121482
0.0050995
0.0169586
0.0184148
-0.0258965
-0.0654827
-0.0377867
0.0398599
0.0072440
-0.0538280
0.0213457
0.0404402
-0.0379743
0.0038471
0.0100295
-0.0198012
0.0277559
-0.0335511
-0.0031840
0.0351290
-0.0624410
-0.0101761
-0.0090058
-0.0710590
-0.0034193
-0.0156773
-0.0514918
0.0080043
-0.0166755
-0.0206975
0.0651425
0.0019636
-0.0554303
0.0283832
0.0135615
-0.0472501
0.0111636
0.0517394
0.0197036
-0.0108799
0.0203534
0.0601910
-0.0196347
-0.0305533
0.0413058
0.0021784
0.0110325
0.0752685
0.0384698
0.0223004
0.0497581
0.0143446
0.0213620
0.0653060
0.0145661
-0.0426483
-0.0341694
0.0026244
0.0628106
0.0421619
-0.0001755
0.0498943
0.0031855
-0.0421221
0.0769470
0.0606502
-0.0579795
-0.0037628
0.0068109
-0.0624292
0.0230519
0.0542916
-0.0462245
-0.0223901
0.0442378
0.0584058
0.0805425
-0.0048980
-0.0669185
0.0132260
0.0040711
-0.0601105
-0.0207037
0.0525410
0.0429338
-0.0210065
-0.0216880
0.0142379
0.0287661
0.0509410
0.0530637
-0.0104371
-0.0418014
0.0511583
0.0607955
0.0005729
0.0614414
0.0079634
-0.0327264
0.0531816
0.0102857
-0.0007562
-0.0005540
-0.0067595
0.0516274
0.0099359
-0.0403920
-0.0515942
0.0222102
0.0420870
-0.0506619
0.0296204
0.0094514
-0.0467573
0.0592290
0.0089745
-0.0237458
0.0001937
-0.0280701
0.0105941
0.0140073
0.0236464
0.0748037
0.0226503
-0.0238866
0.0341991
0.0077946
-0.0653909
0.0004913
0.0230896
-0.0481231
0.0113294
0.0771093
0.0417656
0.0374325
0.0317850
0.0153102
0.0181586
-0.0146607
-0.0557597
-0.0445803
0.0154690
0.0707602
0.0203621
-0.0449769
-0.0076653
-0.0214167
-0.0555212
-0.0061951
0.0137985
0.0319814
0.0741433
0.0264683
-0.0169650
-0.0145106
