0.1802822
0.0915669
-0.0366854
-0.0885250
-0.1881779
-0.1456039
-0.0717311
-0.1162572
0.0073886
-0.0052352
0.0614845
0.1183938
0.0289332
0.0863292
0.0265450
-0.0458609
0.0024129
0.0417567
-0.0086403
-0.0195444
0.0270252
-0.0241897
-0.0573415
-0.0112050
0.0038972
0.0403081
0.0570831
-0.0181778
-0.0355228
0.0106939
0.0187096
-0.0159980
-0.0762755
0.0059562
0.0346657
-0.0450041
0.0561389
0.0743801
-0.0351781
-0.0609241
0.0219877
0.0638076
-0.0155527
-0.0634611
-0.0463085
-0.0355441
-0.0563445
-0.0302930
-0.0082174
-0.0254343
0.0058353
0.0370021
0.0092980
-0.0272740
0.0463102
-0.0109440
-0.0190635
0.0692804
-0.0339880
0.0201319
-0.0100184
-0.0820103
-0.0046561
0.0086808
-0.0132068
-0.0287189
0.0063469
-0.0256740
-0.0467174
0.0126814
-0.0070284
-0.0133550
0.0200269
-0.0315835
-0.0008911
0.0697118
0.0199437
0.0015055
0.0052771
-0.0149932
0.0496224
0.0648437
-0.0191024
-0.0302414
-0.0038570
0.0209940
0.0703924
0.0434186
0.0062273
0.0524862
0.0078838
-0.0707604
-0.0398152
0.0219464
0.0601434
0.0589385
0.0291184
-0.0466756
-0.0234825
0.0402317
0.0240132
-0.0230919
-0.0605704
0.0199501
0.0053025
-0.0080892
0.0775796
0.0282202
-0.0233450
-0.0028396
-0.0093446
-0.0083076
0.0278090
-0.0044412
0.0197325
0.0170704
-0.0631250
-0.0083661
-0.0562121
-0.0010561
0.0208058
-0.0521622
0.0538323
0.0285373
-0.0233376
-0.0249077
0.0382910
0.0557351
0.0294215
-0.0079815
-0.0584506
0.0530269
0.0174955
-0.1022064
0.0086521
0.0285001
-0.0277810
-0.0049915
-0.0203931
0.0415944
-0.0032506
-0.0298453
-0.0411153
-0.0222499
0.0483339
-0.0614197
0.0047660
0.0479373
-0.0047681
0.0113326
-0.0221431
-0.0091853
0.0315672
0.0432304
0.0184159
-0.0685883
-0.0170784
0.0323380
-0.0267614
-0.0418022
-0.0644579
0.0300762
0.0183860
-0.0292413
0.0131527
0.0301098
0.0737433
0.0453729
0.0039846
-0.0604827
-0.0758049
-0.0880544
-0.0513494
0.0403276
-0.0051856
-0.0029470
0.0162918
0.0638075
0.0538121
-0.0345861
0.0081018
0.0857286
0.0905531
0.0064250
0.0076804
-0.0126053
-0.0158826
-0.0386986
-0.1168053
-0.0384257
-0.0874176
-0.0514142
-0.0117571
-0.0309990
0.1411892
0.1801342
0.1535065
0.2108597
0.1600674
-0.0129981
-0.1332901
-0.1513512
-0.0944533
-0.0235056
0.0103308
0.0326426
0.0254369
0.0038537
-0.0172439
-0.0153409
0.0031635
0.0110890
0.0722307
0.0511675
-0.0012122
-0.0098015
-0.0574463
-0.0525506
-0.0120102
0.0283529
0.0392537
-0.0249954
-0.0454501
0.0552632
0.0269804
-0.0646422
0.0339185
0.0047135
-0.0674895
-0.0193200
0.0085534
0.0284552
-0.0348356
-0.0427943
0.0530572
0.0250395
0.0005835
0.0096935
0.0117378
0.0066706
-0.0498071
0.0568380
-0.0033693
0.0059632
0.0463234
-0.0452279
0.0471237
-0.0240540
0.0139810
0.0902878
-0.0051957
0.0102955
0.0456559
0.0107195
-0.0327996
-0.0407223
0.0079249
0.0115063
-0.0237891
-0.0316421
-0.0099194
0.0120000
-0.0372201
-0.0138057
0.0327241
0.0125828
0.0517899
0.0458434
-0.0478907
-0.0479420
0.0167970
0.0647497
0.0419373
0.0192929
0.0333587
-0.0189694
-0.0634097
-0.0492181
0.0258881
0.0776241
-0.0243848
-0.0422365
0.0497713
-0.0123826
-0.0460061
-0.0185611
-0.0114023
-0.0003942
0.0178889
0.0043106
-0.0178763
0.0563182
0.0366938
-0.0188610
0.0103339
0.0072888
0.0052575
0.0463877
0.0260568
-0.0589000
-0.0248157
0.0232261
0.0152229
0.0062898
-0.0649497
-0.0541236
0.0074370
-0.0536569
-0.0289212
0.0278473
0.0089016
0.0351824
0.0222080
0.0029223
-0.0309586
-0.0498908
0.0122759
-0.0081920
0.0022725
0.0482482
-0.0511063
-0.0050881
0.0187988
-0.0511394
-0.0394510
-0.0375854
0.0073725
0.0149286
-0.0092575
-0.0499963
-0.0171357
0.0015729
-0.0141338
0.0416378
-0.0046672
-0.0313892
0.0213987
0.0541477
0.0377228
-0.0424210
-0.0668173
-0.0037445
0.0197252
-0.0160356
-0.0347690
-0.0358273
-0.0605511
-0.0140459
0.0531281
0.0097681
0.0404108
0.0420640
-0.0041405
0.0305202
0.0470321
0.0429640
0.0506070
0.0629407
-0.0137805
0.0080767
0.0631862
-0.0433358
-0.0536433
0.0165947
0.0081881
-0.0134932
-0.0219343
-0.0523485
-0.0698906
-0.0135875
0.0447059
-0.0018575
-0.0498601
-0.0250123
-0.0107083
0.0105877
-0.0296126
-0.0661702
0.0544159
0.0532178
-0.0128107
0.0014641
-0.0129526
0.0138625
0.0174381
-0.0445899
-0.0691973
-0.0981877
-0.1008759
-0.0950946
-0.1001309
-0.0374689
0.0090053
0.0362991
0.0535969
0.0950450
0.2008889
0.1565841
0.0810011
0.0900693
-0.0724919
-0.1269110
-0.1106802
-0.1453721
-0.0869804
-0.0420347
-0.0089772
-0.0115294
0.0261117
0.0933153
0.1168851
0.0681757
0.0202783
0.0766900
0.0658202
-0.0143041
0.0155879
-0.0101171
-0.0213214
0.0245778
-0.0232001
-0.0338207
-0.0679811
-0.0445528
-0.0046562
0.0066460
0.0500073
0.0557883
0.0814879
0.0641529
0.0509062
0.0678971
0.0419155
-0.0001856
-0.0457543
-0.0648536
-0.0119396
0.0510919
0.0465907
0.0273859
0.0576143
0.0385494
-0.0355039
-0.0449823
-0.0454288
-0.0292702
-0.0044402
-0.0128538
0.0136500
0.0338460
-0.0240177
-0.0702054
-0.0095811
0.0113148
-0.0514581
-0.0459028
0.0691682
0.0796718
-0.0506701
0.0043271
0.0145557
-0.0570991
-0.0049427
0.0152560
-0.0168900
-0.0491351
0.0131130
-0.0150400
-0.0027691
0.0581519
-0.0089079
0.0426262
0.0538442
-0.0429357
-0.0043735
0.0497097
0.0094799
-0.0390318
-0.0216174
0.0386272
-0.0137557
-0.0512561
0.0095697
0.0304047
0.0070618
-0.0659800
-0.0672158
0.0423142
0.0147006
0.0028580
0.0195018
-0.0133360
0.0695624
0.0584508
-0.0500931
-0.0225988
0.0630196
0.0561035
0.0610380
0.0588523
