0.3777204
0.4366943
0.2953473
0.1110662
-0.1712968
-0.2309229
-0.2005956
-0.1241772
-0.1309047
-0.0782151
0.0183458
0.0092847
0.0630829
0.1132294
0.1288416
0.0181100
0.0100327
0.0455860
-0.0261746
0.0059808
-0.0582562
-0.0794148
0.0057582
-0.0621197
-0.0525598
-0.0421339
-0.0604939
0.0382173
0.0142281
-0.0312505
0.0706958
-0.0087130
0.0430685
-0.0236091
-0.0334090
-0.0078149
-0.0295190
-0.0493084
-0.0169309
-0.0472218
0.0306883
0.0070496
0.0297442
0.0491212
-0.0342267
-0.0428982
-0.0291315
0.0376786
0.0366953
-0.0377257
0.0010182
-0.0276710
-0.0587027
-0.0257816
-0.0504206
0.0075261
0.0125110
0.0322730
0.0335455
-0.0469376
-0.0321230
-0.0186955
-0.0498895
0.0184578
-0.0275795
0.0047798
0.0086557
-0.0082490
0.0034480
-0.0248519
0.0454286
-0.0261918
0.0440508
0.0298255
0.0366986
0.0380513
-0.0042901
0.0458823
-0.0026301
-0.0476633
0.0366710
-0.0412440
0.0341743
0.0498159
-0.0099846
0.0373642
0.0448043
-0.0030503
-0.0251031
0.0049714
-0.0052929
0.0355307
-0.0289608
-0.0223982
0.0284517
-0.0555750
0.0523184
0.0148821
-0.0371072
0.0187605
0.0146769
-0.0323942
-0.0421377
-0.0360147
-0.0320644
0.0307511
0.0456463
-0.0469068
0.0506039
-0.0056664
0.0242858
-0.0535735
-0.0042323
-0.0560218
-0.0280713
-0.0156007
-0.0390828
0.0513236
-0.0352945
0.0336583
-0.0474210
0.0159496
-0.0144902
0.0165092
-0.0423814
0.0323929
-0.0465469
-0.0093723
0.0245391
0.0357173
0.0046708
0.0122153
0.0232226
0.0346129
0.0333515
-0.0242474
-0.0235147
0.0414368
0.0359760
-0.0436492
-0.0455994
0.0135179
-0.0146824
0.0538165
0.0194504
0.0013214
-0.0076027
0.0192538
-0.0102745
-0.0084863
0.0077899
0.0015981
0.0215510
-0.0370648
-0.0140571
-0.0181465
0.0023765
-0.0127440
-0.0492923
0.0500770
-0.0151436
0.0299649
0.0351971
0.0220409
-0.0132352
-0.0436212
-0.0222828
0.0111568
-0.0319121
0.0550567
-0.0282252
-0.0071374
-0.0325322
0.0287324
0.0451577
0.0019120
0.0216082
-0.0379795
0.0305814
0.0490355
0.0556981
0.0184735
-0.0377224
0.0325648
-0.0179970
0.0241288
-0.0000212
0.0362681
-0.0289302
0.0090223
-0.0061181
-0.0133740
0.0340439
-0.0133517
-0.0376033
-0.0129572
-0.0280696
0.0135832
0.0350393
-0.0424388
0.0446181
0.0473247
-0.0499352
0.0191005
-0.0113208
0.0268431
-0.0248133
0.0097397
-0.0542711
-0.0443351
0.0103858
0.0127998
-0.0510083
0.0494631
-0.0314095
0.0317168
0.0289443
-0.0083794
-0.0378873
-0.0101220
-0.0486414
0.0271851
-0.0152786
0.0168121
0.0280195
-0.0004482
0.0272862
-0.0229116
0.0433455
0.0534267
-0.0343275
0.0299067
0.0016727
0.0475814
0.0532127
0.0572474
-0.0421543
-0.0106845
-0.0645978
-0.0227903
-0.0618383
-0.0524046
-0.0758303
-0.0510528
-0.0369339
0.0399991
0.0345083
0.0926839
0.0067942
0.0818304
0.0983860
-0.0043932
-0.0112495
0.0228658
-0.1156890
-0.1807910
-0.1962295
-0.2115938
-0.0900579
0.1433974
0.3077176
0.3579824
0.2880108
0.0796957
-0.0619114
-0.1420772
-0.2200351
-0.1794700
-0.1237566
-0.0062677
0.0094415
0.0222316
0.0373794
0.0875328
0.0763042
0.0040035
0.0433881
-0.0022795
-0.0347981
-0.0536576
0.0237331
-0.0322955
-0.0423488
-0.0047727
-0.0440729
-0.0049328
0.0061433
0.0271705
0.0504520
-0.0200509
0.0273379
0.0029375
0.0514865
-0.0216768
-0.0028648
-0.0180470
0.0392840
0.0040843
-0.0154342
-0.0541124
-0.0183834
0.0313292
0.0412811
0.0457905
-0.0291839
0.0145787
-0.0217190
0.0461476
-0.0164204
-0.0261698
0.0526426
-0.0513322
-0.0138650
-0.0016977
0.0361001
-0.0147263
-0.0074739
0.0221387
0.0359155
0.0323482
0.0403824
0.0312237
0.0056475
-0.0030091
0.0291132
0.0236101
-0.0193861
-0.0496222
0.0255152
-0.0022753
0.0305027
-0.0163504
-0.0465490
0.0489876
0.0219778
0.0251034
0.0440579
-0.0433704
0.0085758
-0.0240278
0.0186230
0.0204246
-0.0602688
-0.0026243
-0.0519857
0.0058141
-0.0213949
0.0330628
-0.0025238
0.0319167
-0.0437126
0.0042428
0.0219539
-0.0337070
0.0495458
0.0432114
-0.0282460
0.0343960
-0.0146206
-0.0368625
0.0351617
-0.0218092
-0.0392459
-0.0082486
-0.0365024
-0.0387557
0.0130056
0.0260990
0.0318285
-0.0131748
0.0330854
-0.0436639
-0.0139136
-0.0024122
0.0289563
-0.0494795
-0.0433839
0.0135344
-0.0051137
-0.0148341
0.0409977
-0.0541012
-0.0249615
0.0171648
-0.0276537
0.0313241
-0.0330364
-0.0573262
0.0483085
0.0418907
0.0145689
-0.0254834
-0.0136572
0.0091319
-0.0524366
0.0345845
-0.0214504
0.0248483
-0.0383128
-0.0395402
-0.0267913
-0.0320195
0.0088812
0.0304827
0.0322479
-0.0220844
-0.0145598
0.0310010
-0.0039977
0.0314645
0.0116346
-0.0389021
-0.0390488
0.0255504
-0.0362950
-0.0271245
0.0368500
-0.0258691
-0.0102520
-0.0430398
-0.0551124
0.0004515
-0.0292778
-0.0144558
0.0439734
-0.0325137
-0.0041140
-0.0294479
0.0091704
0.0473629
0.0298570
0.0063211
-0.0066750
-0.0235839
-0.0172872
0.0354566
-0.0581547
0.0228223
-0.0053028
0.0389036
0.0040513
-0.0385794
0.0245778
-0.0539825
0.0112666
-0.0383387
0.0547413
-0.0548349
0.0141939
0.0403262
0.0168105
0.0264231
0.0004341
0.0130962
0.0223829
-0.0058704
0.0174759
-0.0056640
-0.0313333
-0.0110817
-0.0325486
-0.0296795
0.0525650
0.0305985
0.0207454
0.0492547
-0.0425401
-0.0440318
0.0282501
0.0026262
0.0160915
-0.0561354
-0.0525099
-0.0079616
-0.0433533
0.0060085
-0.0304603
-0.0496581
-0.0425191
0.0242996
-0.0167021
0.0378928
0.0578682
0.0654777
0.0224435
-0.0049470
-0.0486308
-0.0227996
-0.0476233
-0.0718378
-0.0501281
-0.0496093
-0.0734405
-0.0454062
-0.0170792
-0.0001545
0.0369849
0.0897438
0.0554068
0.0516485
