0.3320044
0.2089268
0.0457586
-0.0927685
-0.2042227
-0.2190353
-0.1842309
-0.1119386
-0.0667640
-0.0591983
0.0056002
0.0413040
-0.0058129
0.0092743
0.0955788
0.1167666
0.0711027
0.0574068
0.0507692
-0.0078011
-0.0076648
0.0344840
-0.0199898
-0.0449539
0.0015894
-0.0214663
-0.0532608
-0.0120393
0.0480211
0.0537906
0.0066079
-0.0051344
-0.0009968
0.0357561
0.0313246
-0.0276095
-0.0137200
-0.0021181
-0.0124112
0.0003714
0.0225811
-0.0388099
-0.0379792
0.0221287
-0.0042766
0.0376405
0.0331286
-0.0397832
0.0131561
0.0244753
-0.0272008
0.0150485
0.0051011
-0.0083810
0.0436144
-0.0152962
0.0043115
0.0553498
0.0160615
0.0070191
-0.0407146
-0.0420308
-0.0038111
0.0031669
-0.0095529
0.0428376
0.0187919
-0.0316890
0.0452084
0.0386129
0.0293285
-0.0253971
0.0038103
-0.0047417
-0.0279326
0.0469974
-0.0371486
-0.0014601
0.0063713
-0.0234941
-0.0250122
-0.0495855
0.0212366
0.0393627
0.0018048
-0.0000407
-0.0045022
-0.0068992
0.0293564
0.0417966
0.0518755
0.0404909
-0.0217329
-0.0006440
0.0315402
0.0047482
-0.0179233
-0.0210499
-0.0058387
0.0217044
0.0289563
-0.0098481
0.0008543
0.0434716
-0.0173373
0.0023083
0.0278370
-0.0656875
-0.0224346
0.0072536
0.0160901
0.0005404
-0.0048196
0.0647857
0.0241757
-0.0144311
0.0239393
0.0224414
-0.0230196
0.0465776
0.0077520
-0.0322138
0.0092521
-0.0801897
-0.0248284
-0.0238197
-0.0139522
-0.0073522
-0.0689138
0.0230766
0.0253911
-0.0079308
0.0559363
0.0419944
0.0249768
0.0592076
0.0655508
0.0663050
-0.0036232
-0.0528348
-0.0431212
-0.1400680
-0.1868274
-0.1568756
-0.1426019
-0.0223274
0.1432654
0.2939835
0.3967803
0.3569845
0.2235427
0.0641102
-0.0731019
-0.1927136
-0.2122369
-0.1054769
-0.1004192
-0.0356441
-0.0210286
-0.0314037
0.0453344
0.0330566
0.0702288
0.0765103
0.0388334
0.0175439
0.0471607
0.0033230
-0.0173237
0.0275937
-0.0495380
-0.0027862
0.0367318
-0.0213771
-0.0427652
-0.0655013
-0.0236722
-0.0017075
-0.0361419
0.0198488
0.0417010
0.0046533
0.0032658
0.0256785
0.0531173
0.0489212
0.0588851
0.0573997
0.0189248
-0.0107564
-0.0603815
-0.0442846
0.0305536
-0.0038567
-0.0351095
-0.0014257
-0.0034739
-0.0173628
0.0195132
0.0215455
-0.0323571
-0.0232721
-0.0019446
-0.0115210
0.0264955
-0.0065057
-0.0291927
0.0028314
-0.0275648
0.0136121
0.0477219
-0.0031515
-0.0335427
-0.0297271
0.0040052
-0.0045095
-0.0458507
0.0080308
0.0430270
0.0083009
-0.0068155
0.0076669
-0.0482112
-0.0235902
0.0118643
-0.0566338
0.0423635
-0.0196686
-0.0404338
-0.0023256
-0.0184247
0.0433686
-0.0468099
-0.0365443
-0.0051012
-0.0278943
-0.0371813
0.0271600
0.0313841
-0.0275351
0.0451048
0.0186120
-0.0261434
-0.0098266
0.0098971
0.0477577
0.0178350
-0.0145120
-0.0027961
-0.0355426
-0.0475905
-0.0155553
-0.0017611
-0.0346778
-0.0210844
0.0220849
0.0023366
0.0108276
-0.0153158
0.0088950
0.0404786
-0.0178788
0.0016808
0.0185427
-0.0239024
0.0015923
0.0437078
0.0645367
0.0405866
0.0324095
0.0439962
-0.0433302
-0.0578834
0.0183423
0.0025473
-0.0578515
-0.0208389
-0.0171450
-0.0241864
0.0052028
-0.0412171
0.0232680
0.0541700
-0.0250694
0.0187996
0.0207480
-0.0348030
0.0048128
0.0457187
0.0579685
-0.0297184
0.0084403
0.0120345
-0.0495545
0.0319894
-0.0350477
-0.0445800
0.0000537
0.0084511
-0.0049104
0.0006097
-0.0003561
-0.0457133
-0.0250422
-0.0391639
0.0075943
0.0114895
-0.0667531
-0.0078597
0.0062749
-0.0511880
-0.0214064
-0.0093963
0.0310396
0.0134960
0.0015906
0.0112734
-0.0245823
0.0142594
0.0050980
0.0202867
0.0188779
-0.0128144
-0.0133892
-0.0473511
-0.0393702
0.0537010
0.0570909
-0.0461409
0.0054418
-0.0029572
-0.0132607
0.0525572
0.0324968
0.0355019
-0.0194391
-0.0067656
-0.0389926
-0.0099313
0.0169016
-0.0516082
0.0232950
0.0111366
-0.0087787
0.0402409
0.0321185
0.0496569
0.0262713
-0.0356527
-0.0238463
-0.0324814
-0.0295932
-0.0217787
-0.0469966
-0.0130650
-0.0059747
-0.0070427
0.0473141
0.0359311
0.0111423
-0.0051593
0.0230409
0.0541972
-0.0390206
-0.0203533
0.0445619
-0.0269850
0.0331135
0.0109850
-0.0634312
-0.0502934
-0.0426830
0.0154187
-0.0174867
-0.0360540
0.0326260
0.0493325
0.0380090
-0.0012507
-0.0285237
0.0062068
-0.0274370
-0.0526919
0.0196041
0.0627562
-0.0178817
-0.0341778
-0.0126760
-0.0440521
0.0014191
-0.0038350
0.0010704
0.0519759
-0.0132700
-0.0325200
0.0036915
-0.0421044
-0.0301144
-0.0136425
-0.0602773
-0.0219435
0.0215328
0.0421376
0.0182573
-0.0437288
-0.0250674
-0.0511725
-0.0024206
0.0541512
0.0073251
0.0250637
0.0077432
-0.0070790
0.0498336
-0.0137143
-0.0603749
0.0034849
-0.0191724
-0.0351314
0.0205866
0.0208924
0.0064785
0.0214251
0.0373763
0.0205711
0.0282686
-0.0193934
-0.0461325
0.0405171
-0.0224354
-0.0279052
0.0265970
0.0302068
0.0468265
0.0532056
0.0462051
-0.0165329
0.0225037
0.0725255
-0.0263123
-0.0080470
0.0289062
-0.0377091
-0.0016141
0.0030254
-0.0023448
0.0315781
0.0032718
-0.0341613
-0.0023887
0.0497460
0.0190032
-0.0072142
0.0421008
0.0054295
-0.0147018
0.0020673
-0.0054244
0.0368780
0.0221848
-0.0291853
-0.0181220
0.0545367
0.0157748
-0.0241878
0.0060480
-0.0578668
-0.0695790
0.0056256
0.0291806
-0.0105914
-0.0197382
0.0001059
-0.0318721
-0.0166666
0.0334498
0.0078977
0.0469106
0.0761327
0.0781551
0.0919170
-0.0179646
-0.0447504
0.0106243
-0.1189411
-0.1987807
-0.1585493
-0.1449456
-0.0861303
0.0477359
0.1904714
0.2540211
0.2493486
0.1628710
0.0613301
-0.0134376
-0.1150616
-0.1966459
-0.1980984
-0.1466604
