0.3029489
0.2602332
0.1294631
-0.0660600
-0.1742963
-0.1496709
-0.1421039
-0.1516748
-0.1133798
-0.0496363
0.0013460
0.0121760
0.0172427
0.0394759
0.0609487
0.0553620
0.0014424
-0.0176694
0.0549209
0.0682408
0.0335939
0.0013769
-0.0197327
0.0339987
-0.0208589
-0.0434034
0.0163157
-0.0113825
-0.0028601
-0.0362386
-0.0194715
0.0597590
0.0431079
0.0268311
-0.0024214
-0.0326667
-0.0227898
-0.0213511
0.0199870
0.0586373
0.0083938
0.0022428
0.0175376
0.0164852
0.0208815
-0.0361134
-0.0192396
0.0420241
0.0301887
-0.0035108
-0.0179831
-0.0036832
-0.0147327
-0.0218525
-0.0435915
-0.0316884
0.0127172
-0.0384536
-0.0238606
-0.0150088
-0.0336477
0.0180268
-0.0164094
-0.0122247
0.0320470
0.0423682
0.0197667
-0.0026102
0.0459508
0.0188127
0.0243799
0.0336183
-0.0219180
0.0380224
0.0295643
-0.0586757
-0.0211970
-0.0043793
-0.0286962
-0.0004918
-0.0197120
0.0042569
0.0442440
-0.0100789
-0.0132448
0.0222649
0.0138060
-0.0000651
0.0430542
0.0342166
-0.0310521
0.0079395
0.0151983
-0.0458925
-0.0310719
-0.0285642
-0.0427100
-0.0077484
-0.0197112
-0.0010418
0.0293834
-0.0211855
0.0092692
0.0396070
-0.0248855
0.0076213
0.0042919
-0.0501098
0.0334896
-0.0054234
-0.0546276
0.0173928
0.0167192
0.0481341
0.0617561
0.0327249
0.0217926
-0.0181858
-0.0181654
0.0547220
0.0582987
-0.0433108
-0.0356864
0.0136519
-0.0432634
-0.0607937
-0.0443297
-0.0073055
-0.0237273
-0.0190267
0.0510027
-0.0268228
-0.0007104
0.0505841
-0.0166512
0.0438823
0.0399033
-0.0424652
-0.0014571
0.0209429
0.0047348
0.0359134
0.0140799
-0.0209105
-0.0238885
-0.0429009
-0.0543146
-0.0563137
-0.0461106
-0.0411076
-0.0478875
-0.0298769
-0.0270457
-0.0374950
0.0073217
0.0129837
0.0127984
0.0468563
0.0543664
0.0352612
-0.0225551
0.0560350
0.0652953
-0.0339780
-0.0331059
-0.1614317
-0.2253554
-0.2449010
-0.2658468
-0.1375538
-0.0175986
0.1969552
0.3494025
0.3752020
0.3284110
0.1360934
-0.0222511
-0.1836977
-0.2865584
-0.1940695
-0.1390798
-0.1132989
-0.0072988
-0.0113700
0.0166080
0.0609100
0.0264000
0.0871795
0.0621596
0.0370518
0.0963908
0.0254949
-0.0211263
0.0251682
0.0023083
-0.0063439
-0.0066888
-0.0760727
-0.0885074
-0.0371277
0.0033208
-0.0237109
-0.0067568
0.0264927
-0.0348820
-0.0285840
-0.0233877
-0.0050019
0.0697732
0.0649235
0.0193430
-0.0349778
-0.0109558
0.0487285
-0.0303690
-0.0443211
0.0521687
-0.0171462
-0.0295436
0.0587101
0.0116456
-0.0051737
0.0248210
0.0279078
0.0130503
-0.0171662
0.0070727
0.0400901
0.0266675
0.0292077
0.0136469
-0.0149393
0.0240187
0.0278656
-0.0095472
0.0126644
0.0075051
-0.0454279
-0.0167755
0.0337112
-0.0005359
-0.0351041
-0.0323398
-0.0237094
0.0106339
0.0288628
-0.0077820
-0.0363636
0.0106435
0.0319948
-0.0365067
-0.0212015
0.0472185
0.0260528
-0.0346806
-0.0286024
0.0131799
-0.0393312
-0.0458447
0.0078967
0.0291082
0.0481250
-0.0165607
-0.0081904
0.0547619
0.0432865
0.0244822
-0.0037278
0.0315466
0.0205529
-0.0617880
-0.0063491
0.0206160
-0.0588177
0.0001777
0.0302785
-0.0059041
0.0475560
0.0188659
-0.0013836
0.0540965
0.0125986
-0.0240561
-0.0068664
-0.0400507
-0.0207397
0.0175618
-0.0234920
-0.0473162
0.0042645
0.0370243
-0.0366437
-0.0220752
0.0466989
0.0130128
-0.0076166
-0.0114604
0.0199570
0.0451393
-0.0101000
-0.0406108
0.0053483
0.0477918
-0.0032616
-0.0336562
0.0244184
0.0458181
0.0316877
0.0124900
-0.0328248
0.0198940
0.0410721
-0.0389483
0.0159947
0.0200720
-0.0024404
0.0437900
-0.0085127
-0.0327085
-0.0287524
-0.0430698
-0.0485805
-0.0380540
0.0221921
0.0264390
-0.0248904
0.0108995
0.0163161
-0.0569367
-0.0399730
0.0204146
0.0563309
0.0312184
0.0050086
0.0184389
-0.0005704
0.0001140
-0.0146271
0.0227181
0.0154999
-0.0533247
0.0364806
0.0279887
-0.0116491
0.0781307
0.0406597
-0.0376108
-0.0114392
0.0245509
0.0223329
-0.0225907
-0.0571257
-0.0248573
-0.0199511
-0.0334777
-0.0003175
0.0023828
-0.0449903
-0.0512603
-0.0053065
0.0052090
-0.0223509
0.0084619
0.0290197
0.0056722
0.0595040
0.0272664
-0.0281554
0.0385119
-0.0087661
-0.0635410
0.0038406
-0.0061370
-0.0261589
0.0008564
-0.0385520
-0.0352017
-0.0073028
-0.0178489
0.0358205
0.0760658
0.0637879
0.0722468
0.0513064
0.0194723
0.0482770
0.0294291
-0.0095914
0.0348375
-0.0369290
-0.1720984
-0.1675824
-0.1728560
-0.1900489
-0.1293766
-0.0082070
0.0991229
0.2080769
0.3383063
0.2873179
0.1678850
0.0608245
-0.0664419
-0.1307236
-0.1861396
-0.1272098
-0.0744309
-0.0663485
0.0032410
-0.0128106
0.0111293
0.0570739
0.0088622
0.0730900
0.1136020
0.0057426
0.0457069
0.0719214
0.0168970
0.0203098
-0.0453431
-0.0246029
0.0382261
-0.0081001
-0.0044974
-0.0015470
-0.0608104
-0.0243768
0.0201637
-0.0374185
-0.0078395
0.0395190
-0.0157356
0.0057065
0.0214242
0.0294070
0.0393019
-0.0055987
0.0362872
-0.0094423
-0.0284173
0.0298333
-0.0255719
-0.0089735
-0.0118008
-0.0675891
-0.0135993
0.0469647
0.0154127
0.0047668
0.0481319
-0.0026903
0.0220130
0.0399171
-0.0420885
0.0370891
0.0183716
-0.0124827
0.0121135
-0.0465440
0.0225630
0.0143673
-0.0216355
0.0485864
0.0343010
0.0102514
-0.0081981
-0.0547543
0.0117774
0.0393194
-0.0158126
0.0270803
0.0302002
0.0235944
0.0526947
0.0148528
-0.0417861
-0.0419190
0.0247547
0.0521888
0.0178807
0.0000354
0.0053369
0.0457605
0.0664316
-0.0220809
-0.0333814
0.0268497
-0.0204563
-0.0296614
0.0072567
0.0113238
-0.0288985
-0.0218565
0.0503457
0.0078327
-0.0195586
-0.0238965
-0.0179618
0.0264934
