0.5589291
0.4567649
0.2220056
-0.0567932
-0.2791631
-0.4296398
-0.4310624
-0.2841719
-0.1191370
0.0489577
0.0857964
0.0550202
0.1263961
0.2188245
0.1985862
0.0920568
0.0587626
0.0600426
-0.0002260
-0.1017921
-0.0976744
-0.0408654
-0.0860577
-0.0438545
-0.0651882
-0.0624292
-0.0483622
-0.0805679
0.0680970
-0.0155192
0.0008100
0.0792710
-0.0561945
0.0661429
0.1104512
-0.0293881
-0.0009644
0.0526161
-0.0046806
0.0153492
0.0108247
-0.0902973
-0.0223182
0.0181568
-0.0283846
-0.0137006
-0.0316027
0.0268530
0.0860523
0.0074974
-0.0534069
0.0012374
0.0524986
0.0291162
0.0054505
-0.0308742
-0.0705589
-0.0165581
0.0411555
-0.0123926
-0.0595138
-0.0622120
-0.0814286
0.0082362
0.0599929
0.0079063
0.0426746
-0.0031963
-0.0241254
0.0372405
-0.0499485
-0.0553694
0.0399411
0.0193269
0.0462138
-0.0074799
-0.0717321
0.0286245
-0.0193539
-0.0474207
0.0623477
0.0059062
-0.0900983
-0.0569453
-0.0772454
-0.0793031
-0.0139410
-0.0572008
-0.0296699
0.0225718
-0.0735309
-0.0290858
0.0751964
0.0043650
-0.0171988
0.0588524
0.0585947
0.0593593
0.0576902
-0.0242552
-0.0140699
-0.0258107
0.0003404
0.0679489
-0.0262253
-0.0032797
-0.0248218
-0.0084532
0.0342730
-0.0802054
-0.0454108
-0.0283331
0.0002379
0.0448712
0.0749264
0.0360708
-0.0697079
0.0216430
0.0174140
-0.0259943
0.0184967
0.0609237
0.0654784
-0.0352411
0.0174320
0.0708400
-0.0024279
-0.0636490
-0.0431848
0.0414329
-0.0280603
-0.0968275
-0.0200771
0.0565975
0.0427950
0.0118378
0.0240177
-0.0021174
0.0266723
0.0572440
-0.0202999
-0.0191670
0.0343979
-0.0224799
-0.0615653
0.0149097
0.0220971
-0.0172035
-0.0319216
-0.0515708
0.0436576
0.0484556
-0.0173253
-0.0022767
-0.0251203
0.0169492
0.0051774
-0.0897133
0.0021820
0.0443337
-0.0485460
0.0526538
0.1028191
-0.0042064
0.0550695
0.0708396
-0.0011585
0.0580003
0.0064307
-0.0807502
-0.0100755
0.0121105
-0.0403493
-0.0461227
-0.0397823
-0.0203239
0.0196698
-0.0539090
-0.0675013
0.0274547
0.0053810
-0.0197075
-0.0214185
0.0134349
0.0532105
0.1076073
0.1428634
0.0175800
0.0383550
0.0997592
-0.0066156
-0.0904203
-0.1406452
-0.1658805
-0.2197463
-0.3006671
-0.1834247
-0.0510644
0.0584603
0.3349240
0.4860435
0.5512836
0.5053983
0.2569148
-0.0875236
-0.4175574
-0.4765795
-0.3970767
-0.3046604
-0.1519981
-0.0313194
0.0501861
0.0974209
0.0948291
0.1375712
0.1862053
0.1726383
0.1627200
0.1114705
-0.0258575
-0.1053375
-0.0324749
-0.0033715
-0.0612383
-0.0267103
-0.0125907
-0.0707168
-0.0184150
-0.0404388
-0.0585423
0.0298248
-0.0195791
-0.0330809
-0.0256838
0.0105682
0.0279576
-0.0321537
0.0118834
0.0314859
0.0492760
0.0033297
-0.0544842
-0.0305468
0.0043388
0.0632503
-0.0208520
-0.0840238
-0.0317680
-0.0343225
0.0035287
0.0543572
-0.0132580
-0.0791481
-0.0215704
0.0013941
-0.0254500
-0.0095073
0.0145245
0.0616609
0.0179204
-0.0606004
0.0154256
0.0341247
-0.0383946
0.0132523
0.0520144
0.0344126
0.0222491
-0.0701749
-0.0253064
0.0919398
-0.0411316
-0.0114338
0.0497758
-0.0509379
0.0473418
0.0656576
0.0125862
-0.0161614
-0.0135683
0.0779150
0.0486808
-0.0127822
-0.0145742
-0.0694321
-0.0452183
0.0205872
0.0068849
0.0398284
0.0119620
-0.0540357
-0.0113253
-0.0038472
-0.0327723
0.0227727
0.0351361
-0.0036594
0.0169362
-0.0210350
-0.0643109
0.0211045
0.0334386
-0.0416306
-0.0079610
0.0174303
-0.0426244
-0.0068527
0.0268975
-0.0105303
0.0576038
0.0308225
-0.0075442
0.0558323
-0.0354821
-0.0591200
0.0205970
-0.0335666
-0.0144201
0.0378449
-0.0198543
0.0418363
0.0910965
0.0212484
0.0728500
0.0505814
-0.0121400
0.0577916
-0.0234738
-0.0521375
0.0208440
-0.0381955
-0.0771680
-0.0194516
0.0057972
-0.0462336
0.0066774
0.0908221
-0.0043715
-0.0317912
0.0311455
-0.0300689
0.0402177
0.0329964
-0.0682633
-0.0024746
0.0417078
0.0317711
-0.0625717
0.0191113
0.0317413
-0.0463295
0.0668985
-0.0001347
-0.0150014
0.0174840
-0.0633427
-0.0505828
0.0038158
0.0466030
0.0183524
-0.0356370
0.0078417
0.0226074
-0.0523190
-0.0186176
0.0588425
0.0607934
0.0916874
0.0190428
-0.0504368
0.0636889
0.0493073
-0.0365291
-0.0090577
-0.0469004
-0.1172364
-0.0732905
-0.0277314
-0.0121097
0.0386584
0.0157181
0.0226015
0.0765541
0.0486130
0.0548531
0.0564916
0.0444276
0.0411731
0.0152688
0.0306159
0.0509206
0.0177762
-0.0623355
-0.1044338
-0.1472387
-0.2207261
-0.2290914
-0.1508313
0.0200430
0.1969986
0.3952787
0.5557511
0.5188007
0.3499842
0.0458314
-0.2886674
-0.3969527
-0.4771172
-0.4429972
-0.1878216
-0.1155715
0.0525471
0.1728244
0.0702734
0.0777914
0.1004745
0.1204126
0.0469992
0.0558015
0.0168304
-0.0324054
0.0474561
-0.0406038
-0.0073229
-0.0398703
-0.0918252
-0.0398024
-0.1006466
-0.0213074
0.0321673
0.0390329
0.0537904
0.0336655
0.0395103
0.0492088
0.0394130
-0.0476642
0.0243595
0.0906197
0.0443170
0.0379723
-0.0422971
-0.0005112
0.0141534
-0.0854088
-0.0757771
-0.0416710
-0.0158482
-0.0181025
-0.0463661
0.0015139
0.0720241
0.0621402
0.0207730
0.0085852
0.0124730
-0.0377536
-0.0486249
0.0092810
0.0382388
0.0433481
-0.0278423
-0.0794686
0.0313450
0.0215513
-0.0386142
0.0524489
0.0490861
0.0679102
-0.0087209
-0.0181683
0.0475936
-0.0401273
0.0398746
0.0149718
0.0403323
0.0318094
-0.0425760
0.0463717
-0.0534928
-0.0002963
0.0905980
-0.0131200
-0.0636343
-0.0379802
0.0373069
0.0336762
0.0125781
0.0220559
0.0432040
0.0261326
-0.0101673
-0.0199581
-0.0733108
-0.0094028
-0.0063255
-0.0554741
0.0523979
0.0501803
0.0487032
