0.5292555
0.5874197
0.3775024
0.0295216
-0.3196677
-0.4467084
-0.4737335
-0.2665348
-0.0022849
0.0954373
0.1731755
0.1645253
0.0682146
0.1454936
0.0540195
-0.0150504
0.0360218
0.0297442
0.0052245
-0.0304902
-0.0521133
-0.0782831
-0.1113095
-0.0897239
-0.0225132
-0.0072079
0.1019432
-0.0064209
0.0677001
0.0284184
-0.0101992
0.0904954
0.0127136
0.0218653
-0.0412298
-0.0291960
-0.0047721
-0.0093660
0.0566438
-0.0477818
0.0086942
0.0413446
-0.0326281
0.0795845
0.0391947
0.0601721
0.0414888
-0.0414310
-0.0465879
-0.0642331
-0.0525369
0.0479543
0.0395956
0.0438592
0.0682764
-0.0114159
-0.0300814
0.0622972
0.0198095
-0.0146464
-0.0260041
-0.0235819
0.0196306
0.0376002
0.0267155
-0.0184352
-0.0041474
0.0259485
0.0174934
0.0595063
0.0342221
-0.0304005
-0.0173023
0.0017960
-0.0287137
-0.0061402
0.0403001
0.0564713
-0.0699714
0.0332029
-0.0380717
-0.0477531
-0.0062753
-0.0561168
-0.0084098
0.0015073
0.0787780
0.0234036
0.0574191
0.0714796
0.0284642
-0.0636542
-0.0211532
-0.0580904
-0.0320264
0.0666112
0.0422954
-0.0623778
0.0417601
0.0079649
-0.0121184
-0.0393155
0.0845740
0.0879615
0.0203828
-0.0452001
0.0348877
-0.1158719
-0.0128142
-0.0315283
0.0090161
0.0479409
-0.0165188
0.0662790
0.0203301
-0.0403890
-0.0223640
-0.0190145
-0.0372507
0.0491288
0.0456018
-0.0627745
0.0114204
0.0414788
-0.0366289
0.0022352
0.0734452
-0.0560783
0.0143129
-0.0461731
0.0421401
0.0602025
-0.0423081
-0.0206164
-0.0325153
-0.0125744
0.0486846
-0.0275703
-0.0015119
-0.0133741
-0.0400968
-0.0095320
-0.0429943
-0.0166354
0.0465047
-0.0739039
0.0378621
0.0334886
-0.0204670
0.0110535
0.0685620
-0.0712824
-0.0114636
0.0357898
-0.0093934
-0.0275664
-0.0926659
-0.0741656
-0.0858096
-0.0872895
0.0288571
0.0467343
0.0331995
0.0219489
0.1382325
0.0382492
0.0151935
0.0375615
-0.1202586
-0.1829924
-0.1950776
-0.3702168
-0.3635743
-0.2105577
0.0248583
0.3579263
0.6403653
0.5774312
0.4015812
-0.0576893
-0.3801852
-0.5270150
-0.5243233
-0.2022962
0.0491913
0.1502453
0.1230864
0.0762855
0.1121383
0.2069067
0.0998915
0.1018496
-0.0091441
-0.0888050
-0.0399459
-0.1197643
-0.0613358
-0.1274102
-0.0182689
0.0257282
-0.0415067
0.0680145
0.0987222
-0.0214904
0.0891681
0.0514629
-0.0477960
0.0472210
0.0056114
-0.0273438
-0.0499888
-0.0489131
0.0318993
-0.0420878
-0.0022357
-0.0068110
0.0408653
0.0701717
0.0591691
0.0032391
0.0595542
0.0246273
0.0019840
-0.0673926
0.0237211
-0.0320756
-0.0061381
-0.0007188
0.0150076
0.0062071
-0.0757700
0.0392054
-0.0390347
-0.0468769
0.0126954
0.0652769
-0.0050436
0.0533530
0.0484440
-0.0393049
-0.0318221
0.0291942
0.0304664
-0.0212593
-0.0616924
-0.0121064
0.0543038
-0.0237448
-0.0284657
0.0145668
-0.0565526
-0.0040872
-0.0052951
0.0019215
0.0363293
-0.0294721
-0.0285389
-0.0508423
-0.0414464
-0.0694027
-0.0088800
0.0488174
-0.0050413
-0.0060500
-0.0214890
-0.0190346
0.0613281
0.0042867
0.0036378
0.0138120
0.0706544
-0.0131253
0.0348934
0.0702112
0.0333395
0.0781068
-0.0646048
-0.0642618
-0.0413789
0.0537520
0.0180319
0.0629622
-0.0737407
0.0052974
0.0136477
-0.0821851
-0.0496290
-0.0000512
0.0447316
-0.0041253
-0.0661680
0.0059811
-0.0174560
-0.0602114
0.0043074
-0.0654522
-0.0077751
-0.0003033
0.0032468
0.0564327
-0.0519655
0.0628398
-0.0349410
0.0000017
0.0242341
0.0503532
-0.0155695
-0.0431381
-0.0057579
0.0444793
-0.0534460
0.0667913
0.0005362
-0.0139953
0.0590396
0.0636832
0.0305519
-0.0766721
0.0280732
-0.0635807
-0.0615610
-0.0474957
0.0178232
0.0153360
0.0083767
0.0672826
0.0400690
0.0414460
-0.0886649
0.0249129
-0.0294400
-0.0671433
0.0019122
-0.0108717
-0.0192098
-0.0499137
-0.0022156
-0.0219673
0.0684900
0.0989067
0.1227057
0.0930904
0.0344025
0.0724523
-0.0313937
0.0261622
-0.0493535
-0.0862447
-0.2729494
-0.2888848
-0.1926289
-0.1720835
0.0936512
0.3968231
0.5263901
0.4738632
0.1506324
-0.1966921
-0.4532834
-0.4708521
-0.4051957
-0.1516646
-0.0053102
0.0923637
0.1798833
0.1901741
0.1549739
0.1310830
0.0816700
-0.0236707
-0.0693477
-0.0435489
-0.0271500
-0.0557371
-0.1316967
-0.0538216
-0.0266889
-0.0161821
0.0019363
0.0563032
0.0189636
0.0702384
0.0791629
-0.0091264
-0.0068129
-0.0504254
0.0072653
-0.0347525
-0.0057336
-0.0176875
-0.0018473
0.0123787
0.0142083
-0.0449571
0.0523377
-0.0987037
0.0575219
0.0357411
-0.0251890
-0.0084278
0.0387290
0.0467872
-0.0032621
0.0704365
0.0336398
-0.0169469
-0.1108165
0.0609754
-0.0530218
0.0296767
-0.0250663
0.0096007
0.0593973
-0.0627921
-0.0168581
-0.0045069
0.0433094
0.0101738
0.0541870
-0.0222525
0.0534159
0.0064094
-0.0643750
-0.0683507
0.0031278
-0.0029547
0.0126828
-0.0301565
-0.0429759
-0.0085091
-0.0867169
0.0160015
0.0483646
0.0096657
-0.0254283
-0.0316012
0.0560303
0.0018223
0.0806806
0.0303614
-0.0540998
-0.0177205
0.0735472
0.0356969
-0.0329942
-0.0089681
0.0621338
-0.0361339
-0.0230844
0.0283665
0.0038669
-0.0506873
-0.0274123
0.0085335
-0.0171546
0.0066691
0.0059061
0.0182760
-0.0805951
-0.0773088
0.0464735
-0.0060946
-0.0041374
-0.0119043
-0.0053275
0.0371301
-0.0661063
-0.0368406
-0.0203735
-0.0544889
-0.0123126
-0.0269489
-0.0379593
0.0238282
-0.0614686
-0.0430677
-0.0009488
0.0111519
-0.0693987
-0.0310968
0.0016089
0.0221593
-0.0391212
-0.0471168
0.0537742
0.0030146
0.0550677
-0.0188205
-0.0237109
-0.0184901
0.0081955
0.0187187
-0.0101726
0.0164084
0.0285582
0.0619730
0.0093112
-0.0388969
-0.0295979
-0.0358882
