0.2640481
0.1982083
0.0982855
0.0517886
0.0242755
-0.0121905
-0.0942192
-0.1849504
-0.2130384
-0.1294547
-0.0664007
0.0596115
0.1024270
0.0904122
0.1005600
0.0444228
0.0435461
0.0436445
-0.0033897
-0.0122506
-0.0019682
-0.0361024
-0.0532361
-0.0307050
-0.0115162
-0.0174684
0.0127848
0.0000432
-0.0137363
0.0028570
0.0047521
-0.0026114
0.0017981
0.0203235
0.0169363
0.0218789
0.0082374
0.0180989
-0.0055648
-0.0325635
-0.0233767
-0.0223624
0.0230759
0.0075045
0.0108354
0.0227057
-0.0015735
-0.0112885
0.0128086
0.0167946
0.0044236
0.0280304
0.0135904
-0.0045123
0.0095346
0.0173109
-0.0300019
0.0023389
0.0209114
0.0118060
0.0282244
0.0040394
-0.0019361
0.0005658
-0.0267522
0.0052572
0.0123261
0.0138218
0.0042767
-0.0017144
0.0171734
0.0145450
-0.0048211
-0.0240485
0.0042683
0.0126951
0.0039737
0.0088457
-0.0071356
-0.0247034
0.0057278
0.0163179
-0.0092049
-0.0191061
-0.0102520
-0.0071268
-0.0179717
0.0047903
-0.0186738
-0.0111777
0.0197434
0.0201756
0.0121338
-0.0125420
0.0091751
-0.0067835
-0.0175085
-0.0044928
0.0285202
-0.0097531
-0.0205096
-0.0299468
0.0040514
-0.0010611
-0.0205883
0.0100311
0.0153895
-0.0118638
-0.0043190
-0.0027486
-0.0038438
0.0207562
0.0067948
0.0016572
-0.0153088
-0.0222143
0.0000290
0.0110990
-0.0218150
-0.0105765
-0.0151637
-0.0133865
0.0202917
-0.0058746
0.0147463
-0.0201093
0.0171458
0.0114267
0.0198623
0.0010318
-0.0151058
0.0146538
-0.0038662
-0.0158476
0.0205415
0.0048071
0.0133353
0.0129449
0.0110902
0.0095414
0.0093256
0.0176872
-0.0017940
-0.0173847
-0.0026444
-0.0182287
0.0120770
-0.0060825
0.0012482
0.0044054
0.0030821
0.0173178
-0.0029669
0.0309734
-0.0061079
0.0159863
0.0115208
-0.0265831
-0.0212089
-0.0358049
-0.0262724
0.0179592
0.0034995
-0.0108600
-0.0142742
0.0077263
0.0165755
-0.0104269
0.0138998
0.0172554
0.0344890
0.0297914
-0.0144080
0.0095261
-0.0018032
-0.0190392
-0.0003085
0.0025811
-0.0197813
-0.0241983
0.0089962
0.0144623
0.0315351
0.0395678
0.0330555
0.0254318
0.0737683
0.0632239
0.0032096
-0.0220059
-0.0232933
-0.0510158
-0.1203782
-0.1604957
-0.2023592
-0.1055371
0.0633646
0.1998367
0.2097694
0.1585497
0.0418419
-0.0052533
0.0378958
-0.0115397
-0.1094124
-0.1713145
-0.1813891
-0.1209324
-0.0081384
0.0483316
0.0568665
0.0766581
0.0816012
0.0360314
0.0333250
0.0075248
-0.0038919
-0.0145429
-0.0425885
-0.0476981
-0.0356482
-0.0297944
-0.0448039
-0.0243334
-0.0099924
0.0132631
0.0287269
0.0139058
0.0249095
0.0216112
0.0290251
0.0057551
-0.0130763
-0.0052816
-0.0098178
-0.0077374
-0.0221215
-0.0116552
-0.0244271
0.0031466
-0.0100052
-0.0027779
-0.0195222
-0.0146250
0.0093202
0.0265364
0.0301317
-0.0188592
0.0151510
-0.0038024
-0.0091472
0.0144133
0.0211969
0.0243427
0.0058642
-0.0144440
0.0072865
0.0033120
-0.0171432
0.0162554
0.0243836
0.0194170
0.0225221
0.0106066
-0.0018977
-0.0169235
-0.0172007
-0.0020393
0.0148284
0.0087778
-0.0205281
-0.0007177
0.0292950
0.0134837
0.0239905
0.0179113
0.0097651
-0.0026037
-0.0171747
0.0114730
-0.0040081
0.0115505
-0.0168654
0.0149617
-0.0139058
-0.0027836
-0.0036180
-0.0220519
0.0229481
0.0305733
0.0155253
-0.0241593
-0.0042094
-0.0011349
-0.0009449
0.0167688
0.0196315
-0.0004216
0.0135111
0.0269953
0.0283375
-0.0012999
-0.0129034
-0.0013350
-0.0062171
0.0000893
-0.0225449
0.0033406
0.0125659
0.0069643
0.0063804
-0.0310033
-0.0106056
0.0222365
0.0154337
0.0189226
-0.0112095
-0.0040932
-0.0032216
0.0134153
0.0258714
0.0294719
0.0183534
-0.0109001
0.0121415
-0.0088041
-0.0268006
-0.0065401
0.0242851
-0.0161051
0.0081624
-0.0118972
-0.0134510
0.0048721
0.0041401
-0.0026512
-0.0208539
0.0099409
0.0192749
-0.0136862
-0.0058563
0.0112404
-0.0055340
-0.0104978
-0.0158508
-0.0157179
-0.0173596
-0.0105800
0.0075361
-0.0084781
-0.0064207
0.0000861
-0.0198034
-0.0073185
-0.0031129
0.0187524
0.0180783
-0.0194673
-0.0113986
0.0207408
0.0095134
-0.0149670
-0.0249205
-0.0231169
-0.0319290
0.0151755
0.0039153
-0.0019090
0.0146195
-0.0004078
0.0235764
0.0364180
0.0475689
0.0052817
-0.0014998
0.0204014
-0.0134908
-0.0057168
0.0005237
-0.0013717
-0.0173485
-0.0143640
-0.0101014
-0.0292069
0.0219676
0.0501770
0.0561233
0.0566342
0.0700975
0.0598692
0.0070016
0.0156348
-0.0370263
-0.0545075
-0.1106433
-0.1944174
-0.1979776
-0.1033236
0.1040195
0.2182529
0.2255133
0.1755120
0.1036909
0.0473799
0.0063552
-0.0757154
-0.1530600
-0.1967269
-0.1994456
-0.0964020
0.0214970
0.0793473
0.1017714
0.1008672
0.0549394
0.0382484
0.0598790
0.0141170
-0.0046329
-0.0283662
-0.0332440
-0.0131586
-0.0444620
-0.0146421
-0.0037229
0.0112413
0.0090350
-0.0060977
0.0368341
0.0245936
0.0220238
0.0328504
0.0396083
0.0177085
-0.0029619
-0.0177757
-0.0071576
-0.0268584
-0.0050708
-0.0108677
0.0054729
0.0107245
0.0223089
0.0045564
-0.0030783
-0.0112565
0.0182745
0.0127215
0.0084367
-0.0124842
0.0034819
-0.0082169
-0.0039195
-0.0012289
-0.0041290
0.0230866
-0.0035941
0.0062966
-0.0170588
-0.0178260
0.0133160
0.0073944
0.0230657
0.0065016
0.0031854
0.0005384
-0.0117589
0.0014435
-0.0140603
0.0176463
0.0033403
-0.0204968
-0.0149251
-0.0105910
0.0104352
-0.0152788
0.0156684
-0.0186394
0.0013401
0.0120488
-0.0008231
-0.0071481
-0.0164115
0.0079329
0.0238670
0.0204037
0.0153598
0.0152618
-0.0154849
-0.0073811
0.0110880
0.0132727
0.0250925
0.0113991
-0.0039861
0.0142527
0.0095555
-0.0207968
-0.0029688
0.0146536
