0.7620055
0.6754272
0.2773153
-0.1973866
-0.5483778
-0.6552483
-0.5685575
-0.3363391
-0.0716761
0.0707282
0.1019499
0.0626723
0.1485296
0.2032383
0.1116795
0.1781754
0.2097873
0.0575960
-0.0084180
0.0209653
-0.0350277
-0.1169431
-0.1148554
-0.1167641
-0.0697163
-0.0606811
-0.1307507
-0.0542982
0.0124877
0.0217680
0.0582711
0.0639525
0.1052845
0.1130999
0.0517173
-0.0018620
-0.0340810
-0.0273810
0.0166825
0.0033875
-0.0732816
-0.0452525
0.0612331
0.0179970
-0.0764296
-0.0322172
-0.0358508
-0.0336113
0.0084285
-0.0590639
-0.0428608
0.0214733
0.0575648
0.0739183
-0.0205841
-0.0616024
0.0217224
0.0694988
0.0292545
0.0211877
0.0397798
0.0233928
0.0278433
-0.0160045
-0.0451481
0.0007294
0.0051233
0.0168755
0.0116942
-0.0221780
0.0036518
0.0541087
0.0652989
0.0480010
0.0612858
0.0520272
0.0429429
0.0528656
0.0290998
0.0526120
0.0177441
-0.0804152
-0.0426638
0.0342407
0.0214672
-0.0023691
0.0072124
-0.0510524
-0.0461431
0.0684091
0.0243702
-0.0205439
0.0676085
0.0543148
-0.0285472
-0.0397329
0.0134315
0.0689949
-0.0189055
-0.0503268
0.0700877
0.0274972
-0.0158203
0.0179019
0.0284364
0.0498205
0.0197560
0.0395532
0.0465355
-0.0469968
-0.0463571
-0.0073613
-0.0647935
-0.0765816
-0.0604907
-0.0536853
0.0126269
-0.0059800
-0.0580923
0.0272672
0.0505523
0.0046422
0.0539482
0.0477537
0.0080812
0.0560005
0.0453144
0.0315500
0.0625260
0.0311412
0.0206232
-0.0324228
-0.0360182
0.0732297
0.0577103
0.0099580
0.0041632
-0.0352293
-0.0485236
0.0453546
0.0688901
-0.0525022
-0.0112222
0.0468519
-0.0051120
-0.0034615
-0.0335143
-0.0577385
-0.0555353
0.0203716
0.0283269
-0.0661984
0.0135911
0.0312358
-0.0498194
-0.0612510
-0.0479747
0.0389657
0.0821554
0.0343617
0.0220431
0.0332970
0.0481204
0.0669512
-0.0023269
-0.0724680
0.0087452
0.0282253
-0.1027625
-0.1323052
-0.0796906
-0.0865310
-0.0974596
-0.1112586
-0.0945586
-0.0097907
0.0220253
0.0586928
0.1458110
0.1486475
0.1266260
0.1567185
0.1784910
0.1627889
0.0945070
-0.0053753
-0.0628604
-0.1268847
-0.2669793
-0.3922868
-0.4221608
-0.3657227
-0.2071718
0.0286299
0.2676358
0.5637489
0.8170747
0.7743886
0.4707627
0.0633794
-0.3254680
-0.5578063
-0.6531672
-0.5798905
-0.2842906
-0.0592235
0.0375479
0.1020242
0.1213952
0.1671970
0.1299930
0.1298040
0.1859964
0.1082811
0.0398745
0.0393985
0.0399229
-0.0017737
-0.0269498
-0.0584476
-0.1364611
-0.0759708
0.0223400
-0.0172838
-0.0072373
-0.0001163
-0.0702280
0.0156193
0.0676895
0.0414424
0.0936688
0.0308344
-0.0213582
0.0595679
0.0859086
0.0184171
0.0037686
0.0216098
-0.0385909
-0.0473467
-0.0496852
-0.0826029
-0.0461147
-0.0326363
-0.0140393
0.0207124
0.0614648
0.0183943
-0.0293466
0.0706545
0.0076405
-0.0150785
0.0594669
-0.0128198
0.0507500
0.0746905
-0.0497517
0.0029159
0.0239568
-0.0622865
-0.0057981
-0.0095381
-0.0305700
0.0496500
0.0133807
-0.0595633
-0.0369367
-0.0032936
-0.0427956
-0.0699336
0.0047023
0.0168891
-0.0578300
0.0063448
0.0334912
-0.0309127
0.0060703
-0.0075406
-0.0359374
-0.0016267
-0.0109384
-0.0441059
-0.0187579
0.0334860
0.0244929
0.0215272
-0.0295176
-0.0584973
0.0585113
0.0872409
0.0513301
0.0386141
-0.0169717
-0.0354755
-0.0211048
0.0019297
0.0322774
-0.0054921
-0.0710201
-0.0431687
0.0211212
0.0418067
0.0601830
0.0484419
0.0594539
0.0775711
-0.0281135
-0.0514797
0.0449098
0.0435908
0.0296370
0.0341289
-0.0283625
-0.0373283
-0.0004733
0.0097928
-0.0022870
-0.0466332
-0.0128816
0.0146010
0.0118192
0.0282376
0.0008903
0.0143556
0.0140575
-0.0076637
0.0571280
0.0344999
-0.0338089
0.0352645
0.0123820
0.0351997
0.0526081
-0.0543229
0.0408734
0.0287133
-0.0385532
0.0227211
-0.0372332
-0.0054699
0.0918823
0.0173866
-0.0119155
0.0651246
0.0793011
0.0720976
0.0013302
-0.0995169
-0.0625825
0.0116423
-0.0489043
-0.1051010
-0.0126472
0.0005185
-0.0945817
-0.0398750
0.0822983
0.0370638
-0.0557681
-0.0028237
0.0207353
-0.0122552
0.0607431
0.0580603
-0.0408219
-0.0495730
-0.0404125
-0.0742238
-0.0430881
0.0176122
-0.0363316
-0.1176108
-0.0581635
0.0219211
-0.0015228
-0.0102772
0.0178827
0.0306823
0.1468544
0.1975156
0.0672983
0.1134102
0.1004688
0.0152397
0.0704952
-0.0604618
-0.1386211
-0.1459708
-0.3182720
-0.3523369
-0.2870441
-0.2253064
0.0612937
0.3471140
0.4983666
0.6751038
0.6941446
0.4803212
0.1115563
-0.2555186
-0.5194514
-0.6578507
-0.5474604
-0.2797398
-0.0655695
0.0393486
0.0379699
0.0589832
0.1568438
0.1375646
0.0788763
0.0923807
0.1120362
0.1051787
0.0106983
-0.0312693
0.0096531
-0.0743286
-0.1435036
-0.0492857
-0.0196349
-0.0608179
-0.0272998
-0.0019871
-0.0180254
-0.0397150
-0.0399894
0.0383050
0.0751999
-0.0008592
-0.0367296
-0.0013746
0.0330681
-0.0064424
0.0146010
0.0401684
-0.0172287
0.0259862
-0.0428594
-0.0620925
0.0242879
-0.0451649
0.0270687
0.0865118
-0.0172155
0.0509618
0.0561366
-0.0528167
0.0398701
0.0123728
-0.0605515
0.0093938
0.0182195
0.0296913
-0.0215968
-0.0388866
0.0226607
0.0516513
0.0711062
0.0301369
0.0061014
0.0310504
0.0108757
-0.0561218
-0.0647469
0.0004961
0.0038123
-0.0366327
-0.0150843
-0.0392403
-0.0673422
0.0133579
0.0057627
0.0247622
0.0152664
-0.0454314
0.0597061
0.0009492
-0.0413836
-0.0099732
-0.0132449
0.0738798
0.0112467
0.0202175
0.0416173
-0.0243387
0.0224043
0.0059132
-0.0150843
0.0293802
0.0666037
0.0598827
0.0113036
0.0291432
0.0619469
0.0360517
0.0605686
0.0715738
-0.0334896
-0.0466547
