0.5778402
0.6202435
0.4825110
0.1077372
-0.3204292
-0.4818893
-0.5660882
-0.2938248
0.0009787
0.1409825
0.1338917
0.0852009
0.0915592
0.2047193
0.1184103
0.0968447
0.0185431
-0.0959414
-0.0352263
-0.1180953
-0.0638420
-0.1233969
-0.0291646
0.0303570
-0.0431379
0.0671073
0.0977038
-0.0207251
0.0916688
0.0452157
-0.0462624
0.0519187
-0.0031454
-0.0240989
-0.0591034
-0.0332254
0.0245217
-0.0426642
0.0016069
-0.0044847
0.0515731
0.0715546
0.0459862
0.0075299
0.0648631
0.0120639
-0.0126107
-0.0608822
0.0376752
-0.0571300
0.0251277
-0.0238085
0.0478122
-0.0550169
-0.0244386
0.0227027
-0.0590634
-0.0263341
0.0494045
0.0357796
0.0039751
0.0770864
-0.0033727
-0.0469818
0.0004101
0.0417070
0.0025158
-0.0487602
-0.0481932
0.0440834
0.0135961
-0.0456985
0.0126059
-0.0324553
-0.0358800
0.0141114
-0.0205642
0.0466768
-0.0204983
-0.0247666
-0.0505742
-0.0389028
-0.0674383
-0.0281379
0.0471073
0.0063228
-0.0112146
-0.0132717
-0.0295842
0.0587687
0.0110665
0.0016839
0.0112097
0.0695294
-0.0079163
0.0294317
0.0717317
0.0337228
0.0761893
-0.0633257
-0.0667385
-0.0345095
0.0509363
0.0227331
0.0553909
-0.0783662
0.0187917
-0.0008342
-0.0844779
-0.0408658
0.0080881
0.0460454
-0.0240248
-0.0585460
0.0170301
-0.0402345
-0.0422657
-0.0044772
-0.0702983
0.0174929
-0.0222517
0.0432716
0.0105143
-0.0210504
0.0524251
-0.0519496
0.0263597
0.0286711
0.0385757
-0.0423304
-0.0341207
0.0338293
-0.0058164
-0.0138888
0.0726614
-0.0472008
0.0453300
0.0513656
0.0727924
-0.0572740
-0.0130059
-0.0084376
-0.0859567
-0.0415436
-0.0208948
0.0417945
-0.0161626
0.0699125
0.0337389
0.0645612
-0.0717119
-0.0093158
0.0046387
-0.0795734
-0.0051970
-0.0082811
-0.0140235
-0.0503332
-0.0078002
-0.0206497
0.0514838
0.1020971
0.1162327
0.1040651
0.0311568
0.0756655
-0.0285121
0.0235092
-0.0452925
-0.0868276
-0.2712527
-0.2884133
-0.1910456
-0.1681437
0.1149042
0.4093550
0.5327963
0.4504395
0.1112326
-0.2385433
-0.4677438
-0.4658877
-0.3759157
-0.1062196
0.0050078
0.1220574
0.1811289
0.1916112
0.1384475
0.1330438
0.0459283
-0.0396501
-0.0719651
-0.0294458
-0.0328117
-0.0832723
-0.1230267
-0.0245698
-0.0316328
-0.0062642
0.0213315
0.0541661
0.0166028
0.1074739
0.0197977
0.0014534
-0.0425326
-0.0138806
-0.0158455
-0.0194366
-0.0146675
-0.0034228
-0.0064626
0.0400477
-0.0536174
0.0419168
-0.0525955
-0.0201601
0.0834778
-0.0317776
-0.0044629
0.0110766
0.0680800
-0.0111550
0.0628724
0.0406396
0.0083518
-0.1164065
0.0374409
-0.0257550
0.0019065
0.0015725
-0.0180993
0.0765104
-0.0618671
-0.0186050
-0.0086439
0.0434722
0.0103134
0.0533653
-0.0196165
0.0503851
0.0083616
-0.0666150
-0.0654996
0.0036095
-0.0025406
0.0122703
-0.0350308
-0.0382074
-0.0131563
-0.0890306
0.0378545
0.0337359
0.0151090
-0.0452065
-0.0023749
0.0415937
0.0156278
0.0823482
0.0066312
-0.0624785
0.0164905
0.0722863
0.0146998
-0.0439158
0.0281195
0.0381738
-0.0537016
0.0063104
0.0244683
-0.0178124
-0.0560880
0.0005722
-0.0064312
-0.0071623
0.0063727
0.0167922
-0.0190206
-0.1118846
0.0006995
0.0330815
-0.0232281
0.0088584
-0.0315294
0.0454295
-0.0338305
-0.0566730
-0.0194344
-0.0410469
-0.0392933
0.0002863
-0.0619145
0.0296249
-0.0463642
-0.0502812
-0.0170400
0.0241408
-0.0602638
-0.0426677
-0.0035903
0.0222456
-0.0243459
-0.0597961
0.0487162
0.0076975
0.0493746
-0.0072183
-0.0293538
-0.0156064
0.0036729
0.0214881
-0.0113472
0.0170319
0.0275694
0.0633161
0.0050785
-0.0361047
-0.0339121
-0.0283165
0.0184599
0.0110399
0.0605160
-0.0063058
0.0818478
0.0741507
-0.0262679
0.0002358
-0.0050343
-0.0344872
-0.0389596
-0.0108173
0.0330780
-0.0495068
-0.0917509
-0.0845194
-0.0622056
0.0040733
0.0817061
0.0973256
0.1370601
0.0208881
0.1353453
0.0683101
0.0078670
-0.0850008
-0.1839814
-0.1873554
-0.2447477
-0.2802098
-0.1634746
-0.0167004
0.3104254
0.4681716
0.4570069
0.2909585
-0.1163540
-0.3068087
-0.4845344
-0.3407729
-0.1566616
0.0564240
0.0951871
0.0906266
0.1415921
0.1353001
0.0649591
0.0260255
-0.0248817
0.0365662
-0.0603623
-0.1304636
-0.0653527
0.0475334
-0.0598342
-0.0850211
-0.0719362
0.0169568
0.0652563
-0.0092741
0.0815935
-0.0185989
-0.0245820
-0.0507817
-0.0139447
0.0143973
-0.0094005
0.0317204
0.0157891
-0.0373505
0.0217765
0.0612034
0.0104292
-0.0452747
-0.0044283
-0.0236357
0.0004183
-0.0537830
-0.0318739
0.0747559
0.0145443
-0.0249565
0.0009430
0.0080178
0.0307367
0.0155873
-0.0528757
-0.0746646
-0.0673244
-0.0154961
-0.0184845
0.0130340
0.0679511
-0.0239200
0.0169925
0.0513401
0.0105568
-0.0213286
-0.0259852
0.0847137
-0.0098072
-0.0136809
0.0610182
-0.0188114
-0.0121545
-0.0585419
-0.0106857
0.0354277
-0.0504003
-0.0079337
0.0606924
-0.0582099
0.0125700
0.0658917
0.0646824
-0.0213500
-0.0324719
0.0129155
-0.0592010
-0.0418229
-0.0059494
0.0007391
-0.0740855
-0.0544196
-0.0408552
0.0809674
-0.0193472
0.0008650
0.0642183
0.0116589
0.0345669
0.0252097
0.0113244
-0.0382196
-0.0594968
-0.0580923
0.0100889
-0.0343774
-0.0916456
-0.0329302
0.0237100
0.0211678
0.0314501
0.0126496
0.0236326
-0.0219740
0.0417292
-0.0353729
-0.0418306
-0.0932081
0.0077620
0.0738472
-0.0237053
-0.0595695
0.0342843
0.0763492
0.0253685
-0.0578922
-0.0280055
-0.0380684
0.0164531
-0.0065945
0.0234951
-0.0172711
0.0056171
0.0206406
0.0338751
-0.0288706
0.0496246
0.0383668
0.0143535
0.0215936
0.0025340
0.0465448
-0.0527184
-0.0106262
0.0140792
-0.0377390
-0.0810650
0.0192559
