0.3680307
0.3268727
0.1147556
-0.0925811
-0.2005390
-0.2690311
-0.1563055
-0.1158341
-0.0280883
0.0223480
0.0770008
0.0400189
0.0658520
0.0517369
0.0609553
0.0527819
0.0368152
-0.0239779
-0.0196081
-0.0311242
-0.0074026
-0.0268775
-0.0539319
-0.0011792
0.0130934
-0.0360272
0.0118583
0.0246034
0.0203659
-0.0031252
0.0417093
0.0126702
-0.0167724
-0.0194264
-0.0172733
0.0128785
-0.0236392
-0.0191736
-0.0149306
-0.0250729
0.0184727
0.0271891
0.0064684
0.0310285
-0.0229723
-0.0000917
0.0077209
0.0062233
0.0026203
0.0267005
0.0155646
-0.0229855
0.0161513
-0.0149653
0.0070059
0.0034200
-0.0192559
0.0062273
-0.0252210
0.0229941
-0.0285383
-0.0070254
0.0133664
0.0029783
0.0116925
0.0325189
0.0051605
-0.0313168
0.0195889
0.0061098
-0.0150649
0.0249610
-0.0174487
0.0185509
0.0067821
-0.0310218
0.0275184
-0.0135814
0.0151677
0.0137826
0.0292720
0.0328285
-0.0016540
0.0094812
-0.0344867
0.0169543
-0.0075185
-0.0278632
-0.0264798
0.0039643
0.0206695
-0.0004298
0.0104063
0.0335023
0.0272412
-0.0144234
0.0230568
-0.0277010
-0.0241585
0.0170474
-0.0168345
-0.0088567
-0.0230705
0.0018041
0.0063571
-0.0252987
-0.0189517
-0.0116537
0.0268002
-0.0124206
-0.0133398
0.0179229
-0.0132878
-0.0137241
0.0070087
-0.0229075
-0.0266053
0.0166399
0.0108857
0.0014294
-0.0035037
0.0307957
-0.0316762
-0.0111656
0.0209780
0.0049724
0.0168444
-0.0232109
0.0257096
0.0031516
-0.0077641
0.0075273
-0.0167901
-0.0121674
-0.0283539
0.0245834
0.0007167
-0.0000365
0.0239123
-0.0168532
0.0042074
0.0247089
-0.0289852
-0.0145833
-0.0266988
-0.0204083
0.0008477
0.0156758
-0.0239961
0.0287570
-0.0229134
0.0028113
0.0126562
-0.0291320
-0.0215446
0.0349102
0.0395359
0.0287753
-0.0249472
-0.0400686
-0.0009232
-0.0116895
0.0294748
0.0005223
0.0045346
-0.0136902
0.0008912
-0.0080950
-0.0175192
0.0364817
0.0411689
0.0007504
0.0097151
-0.0040783
0.0021845
-0.0363043
0.0045170
-0.0443465
-0.0572045
-0.0138190
-0.0489185
-0.0323104
-0.0018910
0.0049197
0.0408297
0.0371165
0.0637401
0.0689327
0.0367504
0.0023072
0.0012502
-0.0287160
-0.1157127
-0.1304710
-0.1577083
-0.1613048
-0.0603011
0.0929868
0.2959801
0.3298209
0.2598962
0.0973027
-0.0954295
-0.2269435
-0.2560503
-0.1587513
-0.0654504
-0.0117543
0.0326937
0.0182659
0.0824813
0.0809382
0.0899503
0.0288922
0.0450952
-0.0125000
-0.0322021
-0.0178141
-0.0411668
-0.0558091
-0.0549284
-0.0521074
-0.0244467
-0.0105011
-0.0201098
0.0355306
0.0359787
0.0236587
0.0118204
-0.0113645
0.0165948
-0.0111460
-0.0285652
-0.0127364
0.0227718
0.0123554
-0.0282955
-0.0161818
-0.0054344
-0.0312072
-0.0294948
0.0313610
-0.0116414
-0.0056060
0.0102778
0.0087449
0.0319254
0.0112216
0.0268315
0.0322452
0.0054689
0.0108813
0.0187998
-0.0074127
-0.0223799
0.0183789
0.0183432
0.0002805
0.0119174
-0.0242441
0.0053428
-0.0174447
-0.0090191
-0.0249814
0.0073246
0.0147464
-0.0049489
0.0198844
0.0058794
0.0027749
-0.0317475
0.0037615
-0.0344576
-0.0089305
0.0000364
-0.0082836
-0.0139985
0.0274980
-0.0281516
-0.0241050
-0.0072459
0.0227084
0.0185695
0.0225460
0.0046755
-0.0279898
-0.0339499
-0.0228074
-0.0210343
0.0276938
0.0032108
0.0102674
0.0001268
0.0232877
0.0219858
-0.0127935
-0.0031305
0.0201001
-0.0224024
-0.0248528
-0.0038862
0.0335645
-0.0103728
0.0150136
-0.0297208
-0.0092905
-0.0150061
-0.0087162
0.0161197
-0.0251536
0.0264013
0.0311744
0.0332816
0.0158433
-0.0102383
-0.0010780
0.0022395
-0.0277783
-0.0006741
-0.0026943
0.0169910
-0.0067641
-0.0190532
-0.0198505
0.0036817
0.0372348
-0.0285090
-0.0272193
-0.0335253
0.0167320
0.0109447
-0.0273672
0.0113486
-0.0115170
0.0281991
0.0166008
0.0015158
0.0141321
0.0051215
0.0307847
0.0310213
0.0093924
0.0241774
-0.0068882
-0.0314406
0.0061135
0.0095412
0.0146327
0.0106192
0.0160346
-0.0217871
0.0286517
0.0197315
-0.0018671
0.0379240
0.0070777
0.0130223
0.0017305
-0.0405295
0.0016062
-0.0235349
-0.0243847
0.0096891
-0.0308342
-0.0267784
-0.0167242
-0.0201104
0.0051169
0.0230642
0.0257628
0.0314867
0.0210751
0.0222268
-0.0244634
0.0043259
-0.0181523
-0.0490222
-0.0234390
-0.0419019
-0.0388961
-0.0162618
0.0002606
0.0131350
0.0274044
0.0262803
0.0693179
0.0821743
0.0335878
0.0548215
0.0158140
-0.0634325
-0.0638023
-0.1654194
-0.1855539
-0.1904240
-0.0733925
0.0953772
0.2618886
0.3456366
0.2924428
0.0984551
-0.0792422
-0.1821660
-0.2035568
-0.1351375
-0.1105082
-0.0225352
0.0178665
0.0420978
0.0927243
0.0735726
0.0833726
0.0482574
0.0115774
0.0253834
-0.0147469
0.0048468
-0.0066254
-0.0316880
-0.0289733
-0.0166248
-0.0327706
-0.0110190
0.0279621
0.0090260
0.0352995
0.0384845
0.0060328
0.0102210
0.0088076
-0.0185838
0.0294654
0.0067010
-0.0021217
0.0055760
0.0148578
-0.0436181
-0.0087028
-0.0001566
-0.0150238
-0.0077141
0.0260728
0.0115958
0.0108173
0.0130491
-0.0106388
0.0060284
-0.0194987
-0.0091338
0.0269955
-0.0209413
-0.0075161
0.0117693
-0.0093811
0.0148612
-0.0067746
-0.0301168
-0.0372034
0.0017123
-0.0229634
-0.0055240
0.0210117
0.0121765
0.0087909
-0.0220564
0.0010122
-0.0071320
0.0166963
0.0079557
-0.0119743
0.0175975
-0.0245724
0.0232432
0.0045544
0.0238837
0.0326286
0.0151186
-0.0067975
-0.0037874
0.0103568
0.0157246
0.0102855
0.0046741
-0.0083965
-0.0092570
-0.0148791
0.0161619
-0.0167336
-0.0163758
0.0177496
0.0212995
-0.0060299
-0.0176770
-0.0218487
-0.0348965
-0.0078373
0.0148072
-0.0066008
0.0271901
-0.0145866
