0.2765072
0.2723017
0.1777142
-0.0055105
-0.1133330
-0.1448237
-0.1676591
-0.1516136
-0.1194285
-0.0665116
-0.0165805
0.0328431
0.0850139
0.0625866
0.0350619
0.0555426
0.0472956
0.0253812
0.0127729
0.0236926
0.0176057
-0.0031892
-0.0266931
-0.0302197
-0.0007983
-0.0199427
-0.0390005
0.0001439
0.0177359
0.0148373
-0.0090987
0.0033448
0.0069399
-0.0093060
0.0331984
-0.0052211
0.0038421
0.0357227
0.0177980
0.0280884
0.0162403
-0.0085586
-0.0094564
-0.0086585
-0.0221078
0.0027060
0.0138949
0.0104299
-0.0090819
-0.0027167
0.0303518
-0.0150991
-0.0103381
0.0163272
-0.0201255
-0.0203361
-0.0210226
-0.0137951
0.0077606
-0.0145369
0.0085367
0.0135982
-0.0148086
0.0078040
0.0215549
0.0004788
0.0146206
0.0068678
-0.0233951
0.0138808
0.0095191
-0.0026119
0.0371269
0.0059105
0.0122570
0.0305442
-0.0118349
0.0216192
-0.0038716
-0.0238258
-0.0013270
-0.0034671
0.0254549
0.0014008
-0.0251691
0.0034234
-0.0031848
0.0032874
0.0049426
0.0062305
0.0215965
-0.0047089
-0.0166311
0.0082152
0.0200603
0.0027715
0.0194944
0.0248788
0.0011517
-0.0057920
0.0152671
0.0085799
-0.0288593
0.0044266
0.0083460
-0.0189365
-0.0008358
0.0067362
-0.0015423
-0.0017057
-0.0007967
-0.0104968
-0.0217347
-0.0201096
-0.0199338
0.0002745
0.0284485
0.0027534
-0.0289409
-0.0275767
-0.0165063
0.0019881
-0.0073665
0.0225697
0.0243266
-0.0209545
0.0002907
0.0175255
0.0174810
-0.0153092
-0.0368919
0.0098524
0.0047697
-0.0116254
0.0158218
0.0077868
0.0230940
0.0118053
-0.0325001
0.0140553
0.0105167
-0.0399851
-0.0114854
0.0089153
0.0025073
-0.0074146
-0.0104866
-0.0168340
-0.0010203
0.0180146
-0.0210858
-0.0097207
0.0199373
-0.0127859
0.0151452
0.0169202
0.0102319
0.0119995
-0.0325754
-0.0227381
-0.0223327
-0.0201511
0.0259704
-0.0097547
-0.0031727
0.0004463
-0.0421977
-0.0045246
0.0188794
0.0287886
0.0390425
-0.0081969
-0.0166298
0.0183070
0.0032908
-0.0280897
-0.0111601
0.0109705
-0.0158617
-0.0193497
-0.0014880
-0.0245050
-0.0392165
-0.0294620
-0.0233966
-0.0099064
0.0256477
0.0561253
0.0413749
0.0358493
0.0329002
0.0283878
0.0045600
-0.0006121
0.0083207
-0.0323522
-0.0411800
-0.0691563
-0.1222954
-0.1592215
-0.1554944
-0.0580743
0.0854345
0.2179246
0.2785737
0.2277185
0.1227261
-0.0323182
-0.1454116
-0.1686137
-0.1773544
-0.1408884
-0.0853015
-0.0429942
0.0127251
0.0256346
0.0230512
0.0373436
0.0279763
0.0402798
0.0582103
0.0249163
-0.0106567
-0.0133867
-0.0038633
-0.0291031
-0.0325287
-0.0331533
-0.0414342
-0.0093201
-0.0237092
-0.0240981
-0.0134836
0.0095446
0.0337455
0.0395960
0.0376713
0.0087238
0.0140254
0.0149678
-0.0049277
-0.0019155
-0.0076825
-0.0205441
-0.0250939
-0.0304492
-0.0098173
0.0066882
0.0016704
0.0054013
-0.0215147
0.0065329
0.0211276
-0.0117680
0.0293213
0.0122561
-0.0190683
0.0043148
0.0000457
0.0036371
0.0156740
0.0022513
0.0088932
0.0079845
-0.0106584
-0.0050005
-0.0001195
0.0016386
0.0241381
0.0030615
-0.0210479
-0.0088622
-0.0158526
-0.0102443
-0.0210916
-0.0052688
0.0160629
0.0152649
0.0004868
-0.0215283
-0.0120856
-0.0236472
-0.0002993
0.0215771
-0.0068554
0.0120910
0.0160815
-0.0269039
-0.0134643
0.0055549
0.0132353
0.0285067
-0.0074008
-0.0103735
0.0277731
0.0116604
-0.0007416
0.0031887
-0.0015010
0.0026126
-0.0132977
-0.0088907
-0.0010394
-0.0013826
-0.0050750
-0.0263915
-0.0026154
0.0155241
0.0058543
-0.0122302
-0.0060129
0.0006742
-0.0276457
-0.0098141
0.0180406
-0.0093152
-0.0001558
0.0194646
-0.0194031
-0.0162902
-0.0069673
-0.0053746
0.0226312
-0.0005124
0.0055244
0.0242411
-0.0074380
-0.0145073
-0.0082826
0.0145458
0.0273824
0.0073060
0.0257441
0.0029717
-0.0239605
0.0055350
-0.0137096
-0.0057441
0.0253755
0.0058685
0.0016581
-0.0182468
0.0154113
0.0499165
-0.0004363
-0.0186079
-0.0193254
-0.0387085
-0.0155084
-0.0103579
-0.0287965
-0.0006644
-0.0139510
-0.0187568
0.0243937
0.0226254
0.0416724
0.0413212
-0.0067384
0.0200574
0.0041047
-0.0391774
-0.0049818
0.0056588
-0.0070091
-0.0160006
-0.0262694
-0.0285150
-0.0392690
-0.0281086
-0.0107623
0.0207884
0.0370336
0.0126263
0.0390876
0.0508184
0.0424080
0.0551085
0.0546751
0.0317025
-0.0196054
-0.0445766
-0.0559398
-0.1291049
-0.1786680
-0.1894724
-0.1558034
-0.0035587
0.1575715
0.2336453
0.2720478
0.2367450
0.1014028
-0.0468383
-0.1569419
-0.2148608
-0.1931873
-0.1175790
-0.0801301
-0.0474725
0.0090624
0.0144352
0.0560995
0.0626547
0.0309743
0.0698952
0.0556767
0.0177405
0.0186798
-0.0227797
-0.0414494
-0.0253710
-0.0205213
-0.0051972
-0.0070743
-0.0326251
-0.0364457
-0.0209204
-0.0116977
0.0214974
0.0104954
0.0076857
0.0084267
0.0085829
0.0372340
0.0077107
0.0019652
-0.0210699
-0.0083590
-0.0200318
-0.0267279
-0.0056962
-0.0122211
0.0228677
-0.0135682
-0.0093706
0.0091607
-0.0193760
-0.0095100
-0.0081121
-0.0115660
0.0007383
0.0027164
0.0020333
-0.0204654
-0.0170733
-0.0027864
0.0003041
-0.0023778
-0.0042985
0.0124235
-0.0224016
-0.0335403
0.0148223
0.0164905
0.0033373
0.0195159
0.0072812
-0.0081752
0.0027193
0.0165438
0.0237886
-0.0085363
0.0130446
0.0172505
-0.0289656
-0.0245572
0.0027686
0.0323130
-0.0112069
0.0056471
0.0213980
0.0160503
0.0203444
-0.0010503
0.0263113
0.0128700
0.0021787
0.0168769
-0.0063603
0.0246514
0.0118608
-0.0153790
-0.0003891
-0.0278045
0.0142982
0.0022083
-0.0116205
0.0185674
0.0097079
0.0284227
0.0094831
-0.0168504
0.0199256
0.0121538
0.0045614
-0.0008910
-0.0318258
-0.0008650
0.0004914
