0.3947831
0.5053392
0.3233929
0.0426609
-0.2871570
-0.3908244
-0.2300995
-0.0600035
0.0346563
0.0253507
0.0230301
0.0159424
0.0183084
0.0599757
0.0972521
0.0520869
0.0137336
0.0219785
-0.0011576
0.0066774
-0.0072974
-0.0653417
-0.0516950
-0.0674952
-0.0429022
-0.0360375
-0.0082749
0.0014787
-0.0455627
0.0253822
0.0491516
-0.0021179
-0.0251939
-0.0253538
0.0176719
0.0423257
-0.0084192
-0.0421405
0.0092125
0.0066582
-0.0194532
-0.0350069
-0.0190753
0.0275215
-0.0175684
0.0298956
-0.0005581
-0.0153636
0.0062189
-0.0493882
0.0084599
-0.0310533
-0.0209818
0.0206693
-0.0487541
0.0005429
0.0190588
-0.0102771
0.0109421
-0.0032736
-0.0081725
-0.0167986
0.0096672
0.0001811
-0.0126272
-0.0105307
0.0131615
-0.0005472
0.0236863
0.0213069
0.0190896
-0.0041212
-0.0082743
0.0385518
-0.0326771
0.0488283
-0.0288712
-0.0331131
-0.0324742
-0.0283350
-0.0310628
-0.0299779
-0.0080184
-0.0429054
0.0068923
0.0329499
-0.0122673
0.0501619
-0.0114872
-0.0208401
0.0157595
-0.0447166
0.0027793
0.0374682
0.0268033
-0.0382731
-0.0113300
-0.0179676
0.0167927
-0.0215654
-0.0012136
-0.0390386
0.0281127
-0.0016761
-0.0276776
0.0051657
-0.0188095
0.0188016
-0.0008995
0.0003328
0.0094035
-0.0028926
0.0338252
0.0006148
-0.0363123
0.0429023
0.0366919
0.0021689
-0.0002322
0.0446389
-0.0024409
0.0269228
0.0363343
0.0011872
0.0212685
0.0273456
0.0243889
-0.0333721
-0.0162517
-0.0014774
-0.0147455
0.0249914
-0.0147189
-0.0100294
0.0265273
0.0036219
-0.0342032
0.0169206
0.0413314
-0.0041670
-0.0345754
0.0420414
-0.0385003
0.0115880
0.0074279
-0.0341005
-0.0177146
-0.0001122
0.0164863
-0.0295405
-0.0229484
-0.0383316
-0.0137547
-0.0340772
0.0198111
-0.0007854
-0.0452029
-0.0230433
-0.0038105
0.0300395
0.0349613
-0.0189110
0.0107881
0.0333545
0.0082738
-0.0013651
-0.0221633
0.0324348
0.0141671
-0.0082268
0.0115079
0.0027789
0.0445376
0.0100713
0.0244680
0.0430540
0.0420876
-0.0227426
0.0037338
-0.0378084
-0.0116406
0.0060661
-0.0123078
-0.0563505
-0.0097177
-0.0231653
-0.0673819
-0.0293294
-0.0098639
0.0169139
0.0209891
0.0745690
0.0708049
0.0415551
-0.0109389
-0.0020984
-0.0110915
-0.0575857
-0.0597655
-0.1066209
-0.1466507
-0.1738433
-0.1763829
0.0153471
0.3390272
0.4789288
0.3460292
0.0249474
-0.2515675
-0.3446879
-0.2673353
-0.0701789
0.0205791
-0.0177809
-0.0109824
0.0718999
0.0273498
0.0707983
0.0331409
0.0142805
-0.0103726
-0.0418771
-0.0002836
0.0219562
-0.0344769
-0.0411536
-0.0252640
-0.0121000
0.0196727
0.0125914
0.0120300
0.0169889
0.0332772
-0.0134682
0.0043842
0.0335836
0.0127954
-0.0033262
-0.0007699
-0.0418624
0.0093149
0.0581929
-0.0300362
-0.0301491
0.0331441
-0.0099930
-0.0105420
0.0150715
0.0068545
-0.0278016
-0.0063146
0.0461947
-0.0487506
-0.0312168
-0.0188255
-0.0299267
0.0459750
-0.0348432
-0.0281538
-0.0087847
-0.0337650
-0.0325297
-0.0597833
0.0111021
0.0492431
0.0098719
0.0002024
0.0515167
0.0055847
-0.0382346
0.0208990
0.0101850
0.0376409
0.0228320
0.0442114
-0.0170316
-0.0434112
-0.0128424
0.0084780
-0.0339095
-0.0003238
0.0037820
-0.0278300
0.0164128
-0.0165947
-0.0400124
0.0044455
0.0121358
-0.0216692
-0.0115210
0.0242300
0.0029615
0.0348847
0.0265211
-0.0270863
0.0351781
0.0531320
-0.0066646
-0.0370424
0.0028165
0.0036067
-0.0342456
0.0345892
0.0191444
-0.0385043
-0.0225293
-0.0008279
0.0543013
-0.0267962
-0.0225989
0.0301279
-0.0278659
0.0244415
-0.0240966
0.0457027
0.0511770
-0.0223131
0.0101617
0.0426804
0.0211949
0.0011054
0.0253914
0.0174855
0.0057780
0.0247096
0.0496677
0.0065014
-0.0216923
0.0296868
-0.0099267
-0.0026680
0.0153551
-0.0333684
-0.0137589
0.0056780
0.0183537
-0.0313312
-0.0163783
0.0369478
-0.0220977
-0.0166003
-0.0020367
0.0092851
0.0113560
0.0494835
0.0102419
0.0011180
0.0454729
-0.0397333
-0.0176486
-0.0120101
-0.0145917
-0.0130022
0.0228581
0.0435864
0.0013017
0.0080808
0.0295256
-0.0290799
0.0050827
0.0343333
-0.0105734
0.0147824
0.0684235
-0.0174207
-0.0010512
0.0227539
-0.0359536
0.0198927
0.0024779
0.0037221
-0.0042635
-0.0127767
-0.0398736
-0.0187303
0.0317144
-0.0216717
-0.0146155
0.0024232
-0.0306792
0.0062137
-0.0156245
0.0022366
0.0066332
-0.0423232
-0.0063116
0.0215509
-0.0307687
-0.0160368
0.0139626
-0.0526664
0.0053243
0.0543781
0.0684598
0.0010529
0.0355313
0.0636814
0.0177868
0.0078143
0.0021104
-0.0031902
0.0220774
-0.0315841
-0.1487394
-0.1818093
-0.2145569
-0.1162223
0.1032776
0.3436004
0.4769974
0.2094779
-0.0530702
-0.2359672
-0.3062622
-0.1564987
-0.0955662
-0.0191460
0.0299250
0.0206102
0.0844491
0.0515510
0.0191709
0.0301916
0.0264377
0.0021574
-0.0182290
-0.0030017
0.0136578
-0.0094293
-0.0555612
-0.0070696
0.0055299
0.0195263
-0.0041864
-0.0512871
-0.0343207
0.0020657
0.0255353
-0.0157082
0.0055014
0.0036288
0.0268761
0.0069593
0.0046897
0.0422567
-0.0261239
-0.0347190
-0.0205176
0.0061909
0.0372264
0.0342269
-0.0245954
-0.0442934
-0.0092923
0.0452324
0.0308656
0.0493653
-0.0027761
-0.0462965
0.0268086
0.0481174
-0.0293481
-0.0206191
-0.0075725
-0.0212078
-0.0535305
-0.0171848
0.0278701
0.0023410
0.0340598
-0.0382722
0.0274474
0.0105288
-0.0042018
-0.0087343
0.0328444
0.0112760
0.0190633
0.0190062
-0.0416629
-0.0129673
0.0099109
-0.0103543
-0.0383950
-0.0324402
-0.0133449
-0.0048175
-0.0256297
-0.0158284
0.0022988
-0.0380293
0.0137990
0.0007405
0.0488314
-0.0371367
0.0209099
0.0054556
-0.0048374
0.0380486
-0.0200196
