0.4476352
0.4115542
0.2080689
-0.1167690
-0.2860204
-0.1948109
-0.1157921
-0.0496995
0.0066025
0.0240441
0.0087700
0.0099645
0.0930519
0.0637804
0.0081817
0.0428434
0.0107495
-0.0175245
-0.0413713
0.0186468
-0.0023071
-0.0144316
0.0136071
0.0159537
-0.0147595
-0.0647687
-0.0157084
-0.0235042
-0.0388897
-0.0145011
-0.0345105
-0.0170304
-0.0091218
-0.0290153
-0.0152124
0.0317512
0.0349763
-0.0349541
-0.0259495
-0.0149849
0.0019515
0.0016504
-0.0332832
-0.0065093
0.0522702
0.0306776
-0.0324524
0.0408962
-0.0220672
0.0327015
0.0274438
0.0109764
0.0025076
-0.0233107
-0.0227361
-0.0343787
0.0197940
-0.0040635
-0.0272939
0.0154476
0.0292804
0.0145648
-0.0102242
0.0033052
-0.0375131
0.0276692
0.0058207
0.0438201
-0.0012678
0.0123427
0.0129934
-0.0548086
-0.0187153
-0.0113202
0.0182783
0.0232926
0.0210758
0.0216686
0.0049434
-0.0003226
0.0330537
0.0362760
0.0228574
0.0261631
0.0239693
0.0247812
0.0102585
0.0280669
0.0460411
0.0147005
-0.0022396
-0.0052185
0.0316142
0.0045516
-0.0332328
-0.0091352
-0.0405860
0.0444629
-0.0109689
0.0247234
-0.0275113
-0.0156424
0.0385192
0.0241955
0.0453786
0.0360532
0.0340793
0.0100652
-0.0007559
-0.0175906
0.0420952
-0.0132201
-0.0325461
0.0192427
0.0182373
-0.0460731
0.0004318
-0.0087697
-0.0241347
0.0073614
0.0139344
-0.0202064
0.0020279
0.0311544
-0.0325625
0.0049064
-0.0071557
0.0323275
0.0419714
-0.0304409
-0.0231503
0.0063828
-0.0270494
0.0100904
-0.0095584
0.0238351
-0.0041122
-0.0303508
0.0304231
-0.0102846
0.0418127
-0.0012862
-0.0203317
0.0373710
-0.0190405
-0.0254081
0.0146214
0.0398143
0.0310037
-0.0029140
-0.0108758
-0.0141245
0.0234662
-0.0019391
-0.0468702
-0.0301521
0.0205841
0.0248818
-0.0340979
0.0385167
0.0274731
0.0394380
0.0272132
0.0320926
0.0274466
-0.0118250
-0.0104750
-0.0412973
-0.0260790
0.0000966
-0.0083248
-0.0374023
-0.0220343
-0.0101085
-0.0512615
0.0240839
-0.0208980
-0.0078163
0.0221866
-0.0084672
-0.0087308
0.0036001
0.0129015
0.0024472
-0.0300249
-0.0336927
-0.0537794
-0.0526131
-0.0219786
-0.1216146
-0.2314655
-0.2140305
-0.0606333
0.2017747
0.4762310
0.4317518
0.1579110
-0.1361950
-0.2945966
-0.2659296
-0.1778012
-0.0483193
-0.0103865
-0.0196014
0.0228430
0.0586783
0.0830631
0.0414725
0.0779706
0.0752569
-0.0141764
0.0410857
-0.0066027
-0.0128460
0.0257185
-0.0201818
-0.0544265
-0.0769119
-0.0192255
0.0289088
0.0095685
-0.0028196
0.0113232
0.0003014
0.0352143
0.0281392
0.0124731
-0.0024498
-0.0170420
-0.0464108
0.0129529
0.0126800
-0.0234174
-0.0168661
-0.0461218
-0.0425901
-0.0389478
-0.0168717
-0.0231694
-0.0048030
0.0072647
0.0413003
0.0391315
0.0261715
0.0045544
-0.0435658
0.0154334
-0.0188828
-0.0275963
0.0104581
-0.0410198
0.0000907
-0.0134893
-0.0144500
0.0024501
-0.0282798
-0.0010203
-0.0220078
-0.0255288
-0.0033986
0.0162718
0.0028177
0.0099329
0.0128321
0.0236366
0.0131932
-0.0687341
-0.0106953
0.0261242
-0.0101736
0.0419248
0.0006425
-0.0109551
0.0461149
-0.0156177
0.0146133
-0.0151781
-0.0076135
0.0573539
0.0016415
0.0214896
0.0465720
0.0088646
0.0212938
0.0131399
-0.0177393
-0.0036018
-0.0013326
0.0429429
0.0485081
-0.0348252
-0.0177031
-0.0218497
0.0091042
0.0341765
-0.0079120
-0.0047703
-0.0367992
0.0034061
0.0140516
-0.0171532
0.0366711
0.0174894
-0.0097491
-0.0423164
0.0164853
0.0059508
-0.0191122
-0.0444430
-0.0203677
-0.0185008
-0.0472611
0.0234517
0.0391845
-0.0152441
-0.0363437
-0.0283344
-0.0350913
-0.0064368
0.0196732
-0.0013651
0.0269910
-0.0289401
-0.0490960
-0.0180971
0.0172094
0.0328817
0.0155656
-0.0181406
0.0145634
0.0132584
0.0031707
0.0402928
-0.0318809
-0.0024657
0.0015357
0.0003975
0.0390532
0.0269088
-0.0124798
-0.0171185
0.0151577
0.0087664
0.0125316
0.0671675
0.0020281
-0.0234789
0.0051006
-0.0105144
0.0069639
-0.0231108
0.0031478
-0.0373535
-0.0296538
-0.0275002
-0.0505444
-0.0473279
-0.0361014
-0.0075758
0.0390540
0.0382309
0.0402739
0.0140635
-0.0281473
-0.0261595
-0.0210456
0.0459523
0.0023476
-0.0200960
0.0166607
-0.0262687
-0.0591613
-0.0189090
0.0197236
-0.0270408
-0.0389236
0.0212802
-0.0139104
-0.0418379
0.0216586
0.0484256
0.0268553
0.0347506
0.0445577
0.0113101
0.0249405
0.0116128
-0.0038222
-0.0866910
-0.0579123
-0.1693243
-0.2735097
-0.1921106
-0.0246698
0.3670354
0.5357486
0.4011890
0.1383675
-0.2140559
-0.3528835
-0.2581176
-0.1641242
-0.0132054
-0.0067695
-0.0437734
0.0175664
0.0816791
0.1202297
0.0404363
0.0155893
0.0365855
0.0024769
0.0009073
0.0198597
0.0164122
-0.0450251
-0.0322026
-0.0661550
0.0086347
-0.0360661
-0.0270887
0.0672729
0.0034711
0.0253738
0.0480290
0.0023605
0.0157202
-0.0055889
-0.0287067
0.0202724
0.0527661
-0.0074049
-0.0502106
0.0062184
-0.0106528
-0.0247810
-0.0156552
0.0099788
0.0395934
0.0132494
-0.0011948
0.0144956
0.0600776
0.0248219
-0.0245176
0.0040549
-0.0300158
-0.0017998
0.0304119
0.0186343
0.0436827
-0.0263435
-0.0280896
-0.0320861
-0.0240863
0.0113708
-0.0283225
-0.0066035
0.0288768
0.0230234
0.0283973
0.0125813
-0.0245047
-0.0138490
-0.0189788
0.0255222
0.0419553
-0.0088811
0.0330868
-0.0035983
-0.0162485
-0.0218690
0.0041412
0.0399551
0.0064227
0.0185198
-0.0285173
-0.0374635
-0.0233081
0.0071104
-0.0040947
0.0036315
0.0192081
0.0020253
0.0097820
-0.0573058
0.0154169
0.0143971
-0.0092852
0.0048579
-0.0259987
0.0624247
0.0107602
0.0288116
0.0318748
-0.0470492
0.0103251
0.0058753
-0.0290506
-0.0237538
