0.4470751
0.4129636
0.1538942
-0.1161661
-0.2799122
-0.2133855
-0.0843073
-0.0035365
-0.0383798
-0.0438767
0.0173203
0.0746352
0.0867749
0.0401017
0.0637250
0.0389230
-0.0267727
0.0149959
0.0195880
-0.0492207
-0.0622824
0.0139425
-0.0025045
-0.0350246
0.0265314
-0.0275500
-0.0437300
-0.0376248
0.0057802
0.0401296
0.0368108
0.0460493
0.0296756
0.0575867
0.0016936
-0.0309767
0.0314479
-0.0332522
-0.0215536
0.0319537
0.0123676
0.0314782
-0.0428304
-0.0064676
0.0110502
0.0382377
0.0236083
-0.0065855
-0.0256571
-0.0090214
0.0288480
0.0134788
0.0332907
-0.0343969
0.0295774
0.0363743
0.0050304
0.0436488
0.0091071
-0.0543769
0.0040171
0.0237411
0.0068717
0.0425069
0.0239786
-0.0017746
-0.0003476
-0.0275951
-0.0052390
0.0220949
-0.0174604
-0.0242556
-0.0388624
-0.0211631
0.0352697
-0.0067113
0.0174665
0.0387348
-0.0299236
-0.0233848
-0.0147037
0.0227871
-0.0052060
-0.0195806
0.0118452
-0.0058871
0.0373741
-0.0435220
-0.0084216
-0.0197522
0.0125081
-0.0316253
-0.0177900
-0.0140997
-0.0465525
-0.0297671
-0.0336141
-0.0212423
-0.0422005
-0.0059801
0.0038433
0.0208708
0.0274556
-0.0410041
0.0114505
-0.0165377
0.0119366
0.0536467
0.0187744
0.0201489
0.0210826
0.0371696
0.0047956
0.0217615
0.0278609
-0.0196204
-0.0243879
-0.0183085
0.0424187
-0.0323603
-0.0303939
0.0403435
0.0377280
0.0047737
0.0172060
0.0364692
0.0175445
-0.0055228
0.0058661
-0.0227448
-0.0340792
-0.0252584
-0.0156780
0.0213405
-0.0152509
-0.0191215
-0.0178396
0.0171190
-0.0477404
0.0193281
0.0392984
0.0166051
-0.0039097
-0.0394777
0.0353659
0.0228317
0.0225427
0.0263435
0.0183037
0.0420077
-0.0376395
-0.0208314
0.0312502
0.0389844
-0.0241417
-0.0205805
-0.0268302
-0.0185229
-0.0120254
-0.0048768
0.0067415
0.0089164
0.0412065
0.0442583
0.0600540
0.0489972
0.0159847
0.0360260
0.0480507
-0.0464085
0.0000767
-0.0412103
-0.0101060
-0.0317813
-0.0216408
0.0262249
-0.0301935
0.0201989
-0.0127171
-0.0122983
0.0272994
-0.0036529
0.0502304
0.0624712
0.0158089
-0.0033243
-0.0106089
0.0164347
-0.0343973
-0.0409129
-0.0550225
-0.2236248
-0.2634366
-0.1563497
0.0710570
0.3696076
0.4404868
0.3055526
0.0526858
-0.2278011
-0.3104699
-0.1858717
-0.0970662
-0.0337059
-0.0273328
-0.0160986
-0.0202614
0.0041725
0.0392653
0.0661950
0.0688199
0.0027027
0.0146732
0.0134561
-0.0274831
-0.0543452
-0.0341026
-0.0403820
-0.0057826
-0.0524515
-0.0574332
-0.0396086
0.0077913
0.0301346
0.0308006
0.0424519
-0.0318002
0.0224673
0.0375036
-0.0246447
-0.0054299
-0.0415384
-0.0105808
0.0276883
0.0302439
-0.0393561
-0.0234860
-0.0059889
-0.0232165
-0.0114217
0.0143495
-0.0000773
-0.0005295
0.0228991
0.0123490
0.0381921
-0.0139241
-0.0293597
-0.0293844
0.0155380
0.0068789
0.0106195
-0.0062404
-0.0513076
0.0022224
0.0063161
0.0129363
0.0476002
-0.0172422
0.0073824
0.0134298
-0.0438033
0.0002954
-0.0289125
-0.0229849
-0.0168806
-0.0318616
-0.0226611
-0.0057132
-0.0118617
-0.0337634
-0.0288119
-0.0058457
0.0258373
0.0480618
0.0340770
-0.0078653
0.0093002
0.0098914
-0.0317430
0.0298243
0.0077146
0.0054687
-0.0074934
0.0020886
-0.0188900
-0.0557622
0.0273373
0.0087920
-0.0216196
0.0154019
0.0305214
0.0412946
0.0121806
0.0040646
-0.0061627
0.0281283
-0.0009911
-0.0307783
0.0165557
-0.0008235
0.0365019
-0.0005883
-0.0536085
-0.0176212
-0.0119196
-0.0054289
-0.0062541
-0.0199632
-0.0079656
0.0299977
0.0010415
0.0195251
-0.0327461
-0.0001899
0.0383940
-0.0185364
-0.0229017
0.0160797
0.0193177
-0.0136011
-0.0304484
0.0092579
0.0471069
0.0029160
-0.0304281
-0.0337837
-0.0237462
0.0394836
0.0064390
-0.0440272
0.0276725
0.0000149
-0.0202371
0.0044922
-0.0172445
-0.0192795
-0.0180594
-0.0204263
-0.0110720
0.0119160
-0.0323714
-0.0166748
0.0509511
-0.0071644
-0.0017842
-0.0214042
0.0241243
-0.0060888
0.0072049
0.0187002
-0.0512073
0.0140362
-0.0045140
-0.0472672
0.0212523
-0.0012793
-0.0269427
0.0059279
-0.0240209
0.0097249
0.0108896
-0.0095536
0.0444992
-0.0248044
-0.0232759
-0.0122829
-0.0210110
-0.0108303
-0.0329351
-0.0012754
0.0108558
-0.0127740
-0.0067053
0.0369753
-0.0317425
-0.0079045
0.0359315
0.0231679
0.0962294
0.0482395
0.0469664
0.0039447
-0.0728675
-0.0720754
-0.0729100
-0.0798551
-0.2480284
-0.2851625
-0.1344565
0.0817466
0.4019408
0.5211464
0.3506785
-0.0035345
-0.2836121
-0.3057508
-0.2170794
-0.0430601
0.0518878
0.0290715
0.0036433
-0.0166457
0.0097234
0.0544517
0.1068876
0.0695914
0.0101000
-0.0008670
-0.0165640
-0.0180266
-0.0222852
-0.0166650
0.0036902
-0.0558816
-0.0293045
-0.0414130
-0.0146299
0.0121923
-0.0324450
0.0494139
0.0300833
0.0373583
-0.0101355
0.0047318
0.0461815
-0.0445260
0.0052993
-0.0129042
-0.0450767
0.0443158
0.0032813
0.0288717
-0.0074402
-0.0405972
0.0599761
0.0293543
-0.0074655
-0.0359553
-0.0082989
-0.0291055
-0.0167764
0.0398710
0.0129544
-0.0112575
-0.0137228
0.0347657
0.0068970
-0.0150407
0.0117217
-0.0032714
-0.0490502
-0.0289762
0.0166549
-0.0372825
0.0519188
-0.0173181
-0.0093217
0.0115458
-0.0222047
-0.0374140
-0.0148339
-0.0279491
-0.0019615
0.0500704
0.0345667
0.0287315
0.0184219
0.0092654
0.0188411
0.0431517
0.0015088
0.0247132
0.0345521
-0.0172578
0.0003169
0.0184524
-0.0372094
0.0018851
0.0346821
-0.0193264
-0.0245929
-0.0071811
0.0241012
0.0039987
0.0103660
0.0279107
-0.0345909
0.0329151
0.0328912
0.0233804
-0.0215629
-0.0128691
0.0210459
0.0287515
0.0106392
-0.0508806
-0.0060020
0.0351020
0.0036312
