0.3686379
0.3950243
0.2595039
-0.0704797
-0.2809243
-0.3058053
-0.1787532
-0.0249661
-0.0056314
-0.0504696
0.0430750
0.0605033
0.1043360
0.0491446
0.0170730
0.0771478
-0.0091610
0.0030813
0.0106752
-0.0229557
-0.0631836
-0.0258014
0.0069630
-0.0308810
-0.0018287
0.0019306
0.0095654
0.0283490
-0.0013399
-0.0201059
0.0144898
0.0220821
0.0112225
0.0361834
-0.0009164
-0.0236982
0.0309783
0.0445809
-0.0209210
-0.0138567
0.0201394
-0.0404726
0.0183405
0.0420100
0.0182699
0.0079923
0.0142236
-0.0387150
0.0075087
0.0168038
0.0253932
0.0158366
0.0056248
0.0405544
0.0027959
-0.0493642
-0.0057433
0.0120243
-0.0409147
0.0032483
0.0315870
0.0389412
-0.0309743
-0.0378816
0.0288700
0.0545714
-0.0005466
0.0491508
-0.0240596
-0.0125747
0.0254167
0.0008573
-0.0158072
-0.0367257
0.0011314
-0.0261709
0.0096761
-0.0006354
-0.0312592
-0.0062406
-0.0395378
0.0241486
0.0176440
0.0277699
0.0412726
0.0122679
0.0119681
0.0326413
-0.0265398
-0.0232162
0.0333121
-0.0014242
0.0043134
-0.0121534
0.0037073
0.0471342
-0.0034607
-0.0002578
0.0113076
0.0026563
0.0016672
-0.0062748
-0.0202932
-0.0194302
-0.0007548
0.0404512
-0.0372238
-0.0166861
-0.0270842
-0.0102870
0.0074103
-0.0007188
-0.0290969
-0.0336287
0.0201360
-0.0073534
-0.0055130
-0.0364980
-0.0238219
0.0310556
-0.0270837
-0.0346689
0.0367362
0.0098389
0.0068557
-0.0203671
-0.0501365
0.0097846
0.0425201
-0.0077419
-0.0729449
0.0187440
-0.0036059
-0.0150620
0.0412541
-0.0068010
0.0181535
0.0240701
0.0274751
-0.0009063
0.0194845
0.0008671
-0.0371646
-0.0297130
-0.0022081
0.0214221
-0.0096151
0.0389446
0.0142474
-0.0167256
0.0323605
-0.0009024
0.0207008
0.0228790
-0.0480510
-0.0360967
-0.0143445
-0.0037999
-0.0204941
-0.0464209
-0.0240112
-0.0450614
-0.0208049
0.0031287
-0.0316108
-0.0220212
-0.0054760
-0.0115474
0.0160231
0.0400768
0.0305680
0.0277107
0.0030856
0.0186318
-0.0131222
-0.0547544
-0.0035247
-0.0050327
-0.0266795
-0.0415919
0.0293962
0.0348039
0.0026786
0.0684920
0.0627777
0.0340231
0.0048344
0.0403601
-0.0029593
-0.0736352
0.0140845
-0.0796576
-0.1968034
-0.2715620
-0.2355342
0.0392691
0.2765045
0.4155123
0.3377181
0.1161092
-0.1577699
-0.2186571
-0.1681121
-0.0537888
-0.0234658
-0.0314997
0.0078822
0.0404346
0.0387545
0.0204010
0.0461537
0.0655334
0.0399000
0.0168257
0.0340842
0.0211051
-0.0105938
0.0255797
-0.0135312
-0.0588452
-0.0045000
-0.0122660
-0.0282123
-0.0076228
-0.0165628
-0.0065568
0.0386831
0.0346994
0.0411961
-0.0276824
0.0165175
0.0022859
-0.0158539
0.0224188
-0.0570057
0.0010740
0.0123722
-0.0189850
-0.0313574
-0.0077864
-0.0171669
-0.0338479
-0.0300604
-0.0317040
0.0458117
-0.0073345
-0.0120882
-0.0037246
-0.0475753
-0.0262358
-0.0219796
-0.0542335
-0.0139855
0.0444367
0.0172422
0.0118035
-0.0107118
-0.0324343
0.0012654
0.0046738
-0.0217976
0.0225190
0.0442012
0.0207867
0.0306436
0.0141013
-0.0355004
0.0235701
0.0209438
-0.0464511
0.0024303
0.0203861
-0.0153721
-0.0389883
-0.0160043
0.0089520
-0.0410148
-0.0083784
0.0232178
-0.0105354
0.0028583
-0.0410129
-0.0333988
-0.0196615
-0.0441756
0.0245387
-0.0044086
-0.0043607
0.0209781
0.0115651
-0.0054516
-0.0063231
0.0478068
0.0345840
-0.0042125
0.0061075
-0.0101833
-0.0372582
0.0208944
0.0054007
0.0347395
0.0418050
-0.0237906
-0.0259490
-0.0071533
0.0039219
-0.0088946
-0.0222074
0.0084361
0.0455710
0.0088338
-0.0553595
0.0031335
0.0058591
0.0046147
0.0085898
-0.0300800
0.0066856
-0.0376395
0.0369254
-0.0093966
-0.0248201
-0.0122781
-0.0474531
0.0259745
-0.0074345
-0.0294940
0.0339939
-0.0105068
-0.0259779
0.0016615
-0.0130614
-0.0011750
0.0282856
-0.0025912
-0.0439787
-0.0136225
-0.0130633
-0.0146940
0.0314809
-0.0278014
-0.0345554
0.0103829
0.0146065
-0.0327708
-0.0061513
0.0204594
-0.0032894
-0.0207133
-0.0144601
0.0397038
0.0086531
-0.0211224
0.0354160
-0.0094792
-0.0277409
0.0028114
-0.0189236
0.0320723
0.0244680
0.0128438
0.0098968
0.0290787
0.0365252
0.0160983
-0.0308606
-0.0207350
-0.0394956
-0.0263277
-0.0037078
-0.0694344
-0.0168264
0.0195951
0.0217418
0.0794893
0.0694477
0.0748857
0.0452673
0.0143548
0.0449835
0.0243788
0.0147533
-0.0549511
-0.0615407
-0.0347082
-0.1958372
-0.2795035
-0.2070875
0.0467991
0.3401938
0.4869885
0.3780782
0.0275359
-0.2068189
-0.2902344
-0.2180583
-0.0709697
-0.0439893
-0.0227365
0.0341913
-0.0048511
0.0812815
0.0406620
0.0676194
0.1120035
-0.0059368
-0.0142739
-0.0329271
-0.0078380
-0.0179760
-0.0228676
0.0242379
-0.0059352
-0.0071464
-0.0527857
-0.0151130
0.0332942
0.0228859
0.0080109
-0.0142722
-0.0063320
0.0262186
-0.0075299
-0.0143098
-0.0008004
0.0270680
-0.0194266
0.0255131
-0.0135814
-0.0272128
0.0131101
-0.0370060
-0.0030183
-0.0005954
-0.0024370
-0.0228269
0.0553371
0.0043377
-0.0307402
0.0010154
-0.0388920
-0.0454913
-0.0300795
0.0017852
0.0188463
0.0280310
-0.0384343
-0.0111159
0.0371654
0.0452197
0.0089336
-0.0046067
0.0367709
-0.0161159
0.0568976
0.0314179
-0.0186931
0.0068719
-0.0005848
0.0303770
0.0146117
0.0170137
0.0290394
0.0141096
0.0167508
0.0104815
0.0222113
0.0529187
0.0148035
0.0143353
0.0328942
0.0030823
0.0006728
0.0001010
0.0215507
-0.0296663
-0.0126667
0.0404810
-0.0473768
0.0036248
-0.0405044
-0.0122218
-0.0144158
-0.0381763
0.0496366
0.0016810
0.0285606
0.0261401
-0.0565061
-0.0046786
0.0466984
0.0000985
0.0215103
0.0256798
-0.0284543
0.0429262
-0.0450828
-0.0179143
0.0141274
-0.0436300
