0.4366107
0.3943288
0.1274674
-0.1476862
-0.3115792
-0.2981127
-0.1309940
-0.0431987
-0.0357747
0.0136023
0.0108381
-0.0028643
0.0820840
0.0643271
0.0329745
0.0684891
-0.0037247
-0.0076752
0.0102707
-0.0241194
-0.0177913
-0.0365075
0.0134477
-0.0293818
-0.0730853
0.0082304
0.0244133
0.0528582
0.0152247
-0.0239810
0.0002296
-0.0296738
-0.0039333
0.0262527
0.0045924
-0.0246095
0.0082208
0.0013030
-0.0478835
-0.0090410
-0.0269179
-0.0192779
-0.0422512
0.0073082
-0.0176686
-0.0348617
-0.0478379
-0.0043897
0.0103858
-0.0349800
0.0198620
-0.0017477
0.0019347
-0.0133663
0.0218601
-0.0029728
-0.0271507
-0.0061409
0.0025524
-0.0168763
-0.0080520
-0.0256091
-0.0007826
0.0006761
0.0032362
0.0307304
-0.0231722
-0.0472646
0.0167544
0.0284068
-0.0228816
0.0068215
0.0066069
-0.0387615
0.0148832
0.0319267
-0.0106539
-0.0052788
0.0379117
-0.0237198
-0.0119913
0.0389375
-0.0032861
-0.0340260
-0.0175773
0.0019518
0.0280802
-0.0198040
-0.0104017
0.0179943
-0.0289664
0.0094852
0.0178125
-0.0070499
0.0049448
0.0095107
0.0077880
0.0417973
-0.0248986
0.0336389
-0.0300218
0.0264732
0.0008926
-0.0428744
-0.0315199
0.0052223
-0.0168377
-0.0051236
0.0127358
-0.0324740
0.0402465
-0.0229433
0.0281777
0.0314544
-0.0158271
0.0230423
0.0211433
0.0406536
-0.0071743
0.0306547
0.0288017
0.0102322
0.0060045
-0.0348059
-0.0114398
-0.0027162
0.0041420
0.0086703
0.0225651
-0.0104544
-0.0391859
0.0279093
0.0351222
0.0269717
-0.0388773
-0.0179661
0.0376520
-0.0337030
0.0238239
-0.0340068
0.0241624
-0.0208419
-0.0164975
0.0440986
0.0061691
0.0085248
0.0019613
0.0047253
-0.0097093
-0.0139789
-0.0040305
-0.0064703
-0.0151569
0.0402745
-0.0064610
-0.0493853
-0.0305991
-0.0368190
0.0155221
-0.0430898
0.0172744
0.0409253
0.0264989
0.0624995
0.0065382
-0.0416105
0.0137401
0.0521480
-0.0304789
-0.0206389
-0.0293973
-0.0236532
0.0107837
-0.0521420
-0.0045280
-0.0463162
0.0024516
-0.0379864
-0.0499820
0.0355105
-0.0056314
0.0413024
0.0468845
-0.0135664
0.0450846
0.0427390
-0.0117840
-0.0216001
-0.0218477
-0.0099519
-0.0477592
-0.1543327
-0.2174676
-0.2040369
-0.0397355
0.2831353
0.4908077
0.4348357
0.1859254
-0.1338888
-0.3467946
-0.2976610
-0.1091000
-0.0084105
-0.0086865
-0.0292795
0.0181336
0.0751326
0.0608695
0.0736293
0.0958997
0.0371213
0.0196662
0.0292386
-0.0205732
0.0068389
-0.0372003
-0.0480389
-0.0459191
-0.0304935
0.0313008
0.0061216
0.0211716
0.0242369
-0.0109115
0.0397005
0.0430860
0.0387344
0.0158947
-0.0043031
0.0087410
-0.0095523
0.0344611
0.0069856
-0.0366919
-0.0410176
0.0012331
-0.0434875
-0.0261517
-0.0102224
-0.0049934
-0.0315229
0.0078188
0.0099768
-0.0163945
0.0323575
0.0375613
0.0360864
-0.0346090
-0.0310114
0.0285588
-0.0223493
-0.0339787
-0.0127607
-0.0172735
-0.0252519
-0.0054617
0.0326698
-0.0158502
-0.0161206
0.0276990
0.0013780
-0.0236173
-0.0466173
0.0021596
-0.0031648
0.0163594
0.0408468
0.0023945
0.0206459
-0.0181205
-0.0107046
-0.0255825
-0.0110009
-0.0110348
0.0111427
-0.0199188
-0.0011608
-0.0077872
-0.0311396
-0.0233947
-0.0305245
0.0382787
-0.0043100
-0.0044989
0.0316326
-0.0356174
-0.0112352
0.0299728
0.0107366
-0.0131732
0.0246083
0.0192908
0.0362547
0.0119204
0.0102299
0.0382532
0.0393544
-0.0051515
-0.0054231
-0.0154727
0.0195266
0.0489891
0.0070024
-0.0344346
-0.0272090
0.0181482
0.0153186
0.0305851
0.0235828
-0.0179017
-0.0170560
-0.0368758
-0.0316440
-0.0002280
-0.0122956
0.0358681
0.0215489
-0.0267721
0.0159112
-0.0035277
-0.0544423
-0.0361316
-0.0446576
-0.0211263
0.0175727
0.0385629
-0.0082515
-0.0307374
0.0357698
0.0164191
0.0227771
0.0178752
0.0204674
-0.0261316
0.0313802
0.0089104
-0.0223067
-0.0231044
0.0059881
0.0745660
-0.0342207
-0.0011854
0.0124670
-0.0262721
0.0157896
-0.0028395
-0.0070927
-0.0157066
0.0229156
-0.0264598
-0.0411403
-0.0402042
-0.0113347
-0.0409530
-0.0212109
-0.0173413
-0.0203715
-0.0222200
-0.0091944
-0.0110341
0.0339938
0.0296323
-0.0099320
0.0412753
0.0465578
0.0209381
-0.0313059
-0.0145500
0.0387358
0.0151095
0.0303772
0.0085429
-0.0143108
-0.0270906
-0.0001831
0.0341228
-0.0045574
-0.0276387
0.0341645
0.0303214
0.0413279
0.0287415
0.0192744
0.0709062
0.0729992
0.0249784
-0.0526943
-0.0680311
-0.0704336
-0.1258877
-0.2184704
-0.2454861
-0.1799743
0.0839014
0.3794541
0.5091468
0.3095706
-0.0495707
-0.3309487
-0.3584035
-0.1616854
-0.0768464
-0.0003885
0.0505247
-0.0345590
0.0080348
0.0368160
0.0482769
0.0873866
0.0412499
0.0291474
-0.0095982
0.0316726
-0.0424945
-0.0104753
-0.0557269
-0.0233673
-0.0004925
-0.0092802
-0.0273193
-0.0013706
0.0322020
0.0318915
0.0462129
0.0150303
-0.0152543
0.0113581
0.0463673
-0.0288366
0.0203952
0.0071337
0.0338740
0.0317134
0.0338267
-0.0219502
0.0082621
0.0188181
0.0021338
-0.0254745
-0.0239413
-0.0024291
-0.0097805
0.0475016
0.0237365
0.0120011
-0.0229887
-0.0198801
0.0387075
-0.0191301
0.0300130
-0.0365525
-0.0052733
0.0260338
-0.0195054
0.0318423
0.0329379
-0.0218715
-0.0309728
0.0005308
-0.0054288
-0.0257361
-0.0174298
0.0343921
0.0092754
-0.0007218
0.0262583
-0.0431478
-0.0290511
-0.0310253
-0.0109944
0.0087784
0.0174720
0.0206776
0.0296471
-0.0040470
0.0273642
-0.0303668
-0.0076053
0.0119876
0.0180932
-0.0035367
-0.0525716
-0.0236218
-0.0069318
0.0364367
-0.0074044
0.0004009
0.0466195
0.0264928
-0.0137221
-0.0475099
0.0203690
0.0482246
-0.0002310
0.0436165
-0.0054166
0.0079910
0.0357225
-0.0223718
