0.4690958
0.3515444
0.1320662
-0.0994935
-0.2464284
-0.1919267
-0.1347603
-0.0024649
0.0082883
-0.0490903
0.0348350
0.0330491
0.0871113
0.0582336
0.0190804
0.0111914
-0.0134810
-0.0130045
0.0003317
-0.0314062
-0.0120582
-0.0037197
0.0177309
-0.0312890
-0.0226870
-0.0442573
-0.0088877
0.0331211
-0.0158725
0.0274303
-0.0037790
-0.0033967
0.0409880
0.0046401
-0.0198638
-0.0286979
-0.0072252
0.0179394
-0.0274564
-0.0268003
-0.0375088
0.0274374
0.0031380
-0.0322269
0.0054791
-0.0263349
0.0157516
-0.0216858
-0.0290989
-0.0230951
-0.0315663
-0.0224388
0.0108414
0.0323406
0.0146069
0.0479820
0.0166530
0.0066260
-0.0062046
-0.0398376
-0.0175138
-0.0264696
0.0122841
0.0050298
-0.0152718
0.0351807
0.0083929
-0.0036886
0.0010224
0.0399753
-0.0013028
0.0150058
0.0447649
-0.0236929
0.0089670
-0.0097408
-0.0251601
0.0402183
0.0338231
-0.0178722
-0.0455788
-0.0247372
-0.0316083
-0.0399434
-0.0575566
-0.0280906
0.0253057
0.0240311
0.0242548
0.0041705
0.0223250
-0.0210611
0.0457366
0.0161914
-0.0346806
-0.0060867
0.0365366
0.0504948
-0.0273882
-0.0205028
-0.0298508
-0.0340594
0.0325417
0.0320460
-0.0221512
-0.0209229
0.0466002
-0.0162556
-0.0058355
0.0369791
0.0185500
0.0430791
-0.0633189
-0.0180773
0.0336090
-0.0287432
0.0278732
-0.0006243
-0.0468268
0.0433210
0.0364128
0.0452458
0.0393111
0.0215150
-0.0372222
-0.0271339
-0.0395761
0.0048032
0.0000792
-0.0504806
0.0476472
0.0013178
-0.0312048
-0.0066022
-0.0020227
0.0087828
-0.0190771
0.0170608
0.0151647
0.0027986
-0.0006010
0.0151149
-0.0291422
-0.0160134
0.0268850
-0.0160193
0.0111247
0.0150340
0.0103110
0.0464144
0.0359801
0.0043070
-0.0040284
0.0340372
-0.0135252
-0.0053111
-0.0189275
-0.0377259
0.0213350
0.0053121
-0.0132532
-0.0161496
-0.0246370
0.0114911
-0.0086857
-0.0170502
0.0371044
-0.0339202
-0.0286550
-0.0379998
0.0169522
-0.0606520
-0.0140121
-0.0529189
-0.0076566
0.0132545
0.0024140
0.0079020
0.0079594
0.0134361
0.0174812
0.0510135
0.0447430
-0.0358451
-0.0334502
-0.0267331
-0.0527690
-0.1227176
-0.2464560
-0.2050443
-0.0555530
0.2253725
0.4249312
0.4404456
0.2170946
-0.1869932
-0.2952036
-0.3182721
-0.1139183
-0.0426204
0.0135570
-0.0088495
0.0005705
0.0597281
0.0678155
0.0951585
0.0629617
0.0372159
-0.0065552
-0.0216451
-0.0302275
-0.0145393
-0.0054193
-0.0534049
0.0107613
-0.0060605
-0.0373565
0.0231804
-0.0087181
-0.0111427
0.0257465
-0.0105783
-0.0178864
0.0507462
-0.0046594
-0.0331969
-0.0232998
-0.0366605
-0.0131747
-0.0118822
0.0032450
0.0282095
-0.0239133
-0.0034539
0.0307199
-0.0305723
0.0090575
0.0489329
0.0321933
0.0214604
-0.0093373
-0.0340938
-0.0059854
0.0413456
-0.0228697
-0.0030534
0.0119732
-0.0289640
-0.0008928
-0.0066747
-0.0020661
0.0174998
-0.0226408
-0.0290553
-0.0610548
0.0295945
-0.0167271
0.0038063
0.0067374
-0.0567502
0.0075954
-0.0140804
-0.0327059
-0.0237342
-0.0145780
0.0039976
-0.0134146
0.0242338
0.0129265
-0.0149049
0.0339080
-0.0236814
-0.0026250
-0.0155343
0.0052628
0.0370904
-0.0090156
-0.0397153
-0.0382923
-0.0005421
0.0496260
0.0183984
-0.0213394
0.0061883
0.0031541
0.0330741
-0.0064042
-0.0103399
0.0241796
-0.0260762
0.0293159
-0.0284513
-0.0073401
0.0370833
-0.0182693
0.0437892
-0.0071008
0.0259219
-0.0242360
-0.0372812
-0.0233184
-0.0035144
0.0263219
0.0102065
0.0215340
-0.0260914
0.0255217
-0.0160660
-0.0028409
-0.0067529
0.0102231
0.0402127
0.0316399
0.0081113
-0.0307350
-0.0105877
-0.0062386
0.0294553
-0.0214755
-0.0149524
0.0321956
-0.0363939
-0.0237452
0.0117558
0.0054771
-0.0270700
-0.0404658
0.0437711
0.0364319
0.0338540
-0.0329430
-0.0523916
0.0244611
0.0053796
-0.0007837
-0.0381663
0.0081832
0.0321151
-0.0103755
0.0296682
-0.0001688
0.0199175
0.0115484
-0.0144997
0.0502123
0.0013303
-0.0004092
0.0174488
-0.0508592
-0.0387251
-0.0156029
-0.0218046
-0.0347427
-0.0329942
0.0020838
-0.0197471
-0.0381461
-0.0294928
-0.0467309
0.0442154
-0.0015716
-0.0259353
0.0310184
-0.0103636
-0.0493150
-0.0241098
0.0110775
0.0250886
-0.0018861
0.0040688
0.0301515
-0.0062209
0.0126588
0.0314506
0.0211811
-0.0073688
0.0131491
0.0272679
0.0506524
0.0559445
0.0687009
0.0416449
-0.0267479
-0.0847247
-0.0497469
-0.0545456
-0.2307381
-0.2658516
-0.1181254
0.1198265
0.4573615
0.5029840
0.2103174
-0.1352917
-0.3800617
-0.3427163
-0.1695524
-0.0619110
0.0262688
0.0516148
0.0033925
0.0105919
0.0538817
0.0728226
0.0479430
0.0033903
0.0305978
0.0522185
0.0347762
0.0156350
-0.0520407
-0.0683153
0.0039545
-0.0059077
-0.0104181
-0.0233234
-0.0097614
0.0220413
0.0780852
0.0058993
0.0086295
0.0199109
-0.0178199
0.0346746
-0.0304563
0.0009097
-0.0456803
0.0322639
-0.0493759
-0.0457540
0.0356964
-0.0402066
0.0210042
-0.0086383
-0.0479640
0.0304345
0.0068560
-0.0275029
0.0082611
-0.0044069
0.0093095
-0.0052433
0.0017943
0.0438015
-0.0050245
-0.0165715
0.0187413
0.0117675
0.0185759
-0.0205385
-0.0259313
0.0508338
0.0111739
0.0098590
-0.0016241
-0.0267003
0.0077467
0.0188062
0.0100706
0.0128893
0.0077507
-0.0160793
-0.0028760
-0.0059833
-0.0359275
-0.0050223
0.0156319
-0.0233795
-0.0309052
-0.0073865
0.0202603
0.0224491
0.0390280
0.0114244
-0.0246946
-0.0146500
-0.0439314
-0.0176692
-0.0074861
0.0322485
0.0305921
-0.0126813
0.0480437
0.0440362
0.0147109
0.0381028
0.0405208
0.0003673
0.0256597
0.0416712
-0.0091102
-0.0561457
-0.0195144
-0.0311397
-0.0178832
-0.0268845
-0.0229445
0.0395033
0.0219686
0.0422203
