0.2520415
0.2981883
0.1299492
-0.0302381
-0.1390395
-0.1157621
-0.0749932
-0.0415836
-0.0333172
0.0238885
0.0127180
0.0232161
0.0350543
0.0227900
0.0144536
0.0069515
-0.0052305
-0.0042880
-0.0474006
-0.0258797
0.0018588
-0.0184690
-0.0028503
0.0052069
0.0274278
0.0156704
0.0298811
0.0133518
-0.0015035
-0.0124322
-0.0071698
-0.0187748
-0.0139640
0.0044144
-0.0427273
0.0012726
0.0161664
0.0137028
0.0224525
-0.0090855
-0.0119328
-0.0105612
-0.0236166
0.0127382
0.0090522
-0.0092748
-0.0006884
-0.0005000
-0.0188296
-0.0319713
-0.0070063
0.0162651
0.0059209
-0.0074310
-0.0139922
0.0016842
-0.0098408
-0.0219546
0.0229204
0.0238362
-0.0154353
-0.0187807
-0.0065335
0.0048862
0.0095690
-0.0144867
0.0181306
0.0104025
0.0406138
-0.0096708
-0.0120063
-0.0046442
-0.0134797
0.0137189
0.0089997
-0.0003031
-0.0281035
-0.0126236
-0.0285265
-0.0071700
-0.0032541
0.0226139
0.0045538
-0.0041266
0.0202250
-0.0190452
-0.0085813
-0.0154301
-0.0091823
0.0071376
-0.0151558
-0.0204407
0.0220931
-0.0001933
-0.0076874
0.0278008
-0.0187063
0.0171802
-0.0128818
0.0019175
-0.0029801
0.0036448
0.0222779
-0.0152261
-0.0273703
0.0017340
0.0107150
-0.0228301
0.0026983
-0.0012113
-0.0058350
-0.0146568
-0.0089629
-0.0170956
0.0055011
0.0322732
0.0050409
-0.0168458
-0.0156780
-0.0255381
-0.0034913
0.0027009
-0.0023450
0.0190970
0.0141945
-0.0025554
-0.0231656
0.0104500
-0.0005455
0.0032169
0.0058513
-0.0068237
-0.0065929
0.0302838
-0.0012975
0.0219473
0.0185649
-0.0094893
0.0262190
0.0063832
-0.0125984
-0.0091905
-0.0145376
0.0027545
0.0107128
0.0130817
0.0038982
-0.0288023
-0.0041927
-0.0081471
0.0117878
0.0313332
0.0060754
0.0193489
0.0173185
0.0213682
-0.0093426
0.0044531
-0.0025097
0.0019057
-0.0308965
-0.0116557
0.0246556
-0.0039527
0.0086775
0.0088296
-0.0020950
0.0028148
-0.0073750
0.0242658
0.0081120
-0.0141956
-0.0218288
0.0009180
-0.0210806
-0.0368920
-0.0242712
-0.0124881
0.0034382
0.0095308
0.0441467
0.0404616
0.0577995
0.0341564
0.0127356
-0.0080683
-0.0513339
-0.1263025
-0.1844060
-0.1108331
0.0780987
0.2552230
0.2761780
0.1425750
-0.0543642
-0.1290602
-0.1075983
-0.0786407
-0.0420863
-0.0334265
0.0217681
0.0339902
0.0444623
0.0506806
0.0355527
0.0437311
0.0069271
0.0154790
0.0076873
-0.0134466
0.0102157
-0.0111530
-0.0065401
0.0073806
-0.0209172
-0.0046236
0.0227067
0.0226676
0.0335568
-0.0011654
-0.0145839
0.0099841
0.0186985
0.0098069
-0.0149704
-0.0195436
-0.0088808
-0.0024580
-0.0340484
0.0050048
0.0318475
0.0239586
-0.0011564
-0.0260361
-0.0001790
0.0033981
0.0042160
0.0080427
-0.0165397
-0.0081770
0.0148213
0.0041617
0.0047735
0.0016776
0.0008617
0.0139170
0.0045284
-0.0182930
-0.0115315
0.0194310
0.0135279
0.0055350
-0.0027404
0.0082679
0.0100761
-0.0113563
0.0051319
0.0165987
0.0159431
0.0010274
0.0328861
0.0023066
-0.0116735
-0.0110532
-0.0022682
0.0065237
0.0113915
0.0055806
-0.0030081
0.0307419
-0.0105677
-0.0253055
0.0252414
0.0087096
0.0201627
-0.0113803
0.0091319
0.0236756
0.0258743
0.0049210
0.0018965
0.0096499
0.0258347
0.0237288
0.0229747
0.0160437
0.0003597
-0.0027904
0.0174160
0.0096176
0.0043152
-0.0203783
-0.0223015
0.0012411
-0.0040461
0.0138250
0.0033946
0.0030878
0.0198040
0.0207981
-0.0133957
-0.0122993
-0.0177366
0.0102110
0.0267967
-0.0012778
-0.0027377
0.0206709
0.0039893
0.0060226
0.0079184
0.0167695
0.0144924
0.0142877
0.0230270
-0.0069329
-0.0014247
0.0045448
-0.0137092
-0.0036478
-0.0006481
-0.0004082
-0.0067990
0.0060797
-0.0048006
-0.0007381
0.0201284
0.0254195
-0.0133353
-0.0233522
0.0120537
-0.0068019
0.0119461
-0.0073195
0.0169139
-0.0072571
-0.0134480
-0.0234192
-0.0047646
-0.0031348
0.0134813
0.0335668
0.0062784
0.0186758
0.0086823
0.0055990
-0.0018913
0.0116267
0.0262285
0.0018072
0.0143711
0.0086267
0.0052318
0.0224290
0.0086414
-0.0136601
-0.0036693
-0.0094432
-0.0133050
0.0045844
0.0075248
-0.0164768
-0.0014961
-0.0128151
-0.0108164
-0.0067646
-0.0051145
-0.0238322
-0.0004301
-0.0267502
-0.0065498
-0.0014442
0.0109023
0.0173629
0.0217749
0.0371505
0.0534389
0.0615556
0.0182506
0.0076341
-0.0037368
-0.1022116
-0.1661766
-0.1982659
-0.0952220
0.1557586
0.2868589
0.2026194
0.0765839
-0.0787519
-0.1468266
-0.0998215
-0.0740177
-0.0715775
-0.0181718
0.0036691
0.0444709
0.0462512
0.0516819
0.0369166
0.0043568
-0.0195958
0.0076395
0.0014424
-0.0249756
-0.0097788
-0.0177156
-0.0129965
0.0099366
-0.0148869
0.0057129
0.0098190
0.0021417
0.0245580
-0.0194551
-0.0096940
0.0043458
0.0014530
0.0001317
-0.0287540
0.0064613
0.0042546
0.0159247
-0.0004431
-0.0288343
0.0139714
0.0161334
0.0054047
-0.0078239
-0.0039387
0.0042409
-0.0146562
0.0089856
-0.0229213
-0.0177463
0.0229621
-0.0212604
0.0079142
-0.0057019
-0.0059526
0.0023662
0.0094219
0.0037618
-0.0076274
0.0094557
-0.0104256
0.0102900
0.0135075
0.0088581
-0.0158767
0.0052857
0.0172703
0.0053349
-0.0069266
-0.0105384
0.0103846
0.0133220
0.0013697
-0.0210607
-0.0130883
0.0285893
-0.0054848
0.0215113
-0.0004391
0.0005106
-0.0074158
-0.0136969
0.0070926
0.0061468
0.0182024
-0.0038476
0.0028765
0.0100825
0.0209624
0.0244150
-0.0038270
-0.0203037
0.0068896
0.0159527
0.0118573
-0.0141258
-0.0005363
0.0293449
-0.0133245
-0.0135840
0.0237923
-0.0034933
-0.0317194
-0.0034896
-0.0142938
0.0088029
0.0006909
-0.0273090
-0.0139274
-0.0050763
0.0007415
-0.0121937
-0.0168018
-0.0165115
0.0174635
