0.3003969
0.3011618
0.1328324
-0.0778807
-0.1302224
-0.1541431
-0.1106260
-0.0600191
-0.0674297
-0.0034032
-0.0068240
0.0404642
0.0629110
0.0321910
0.0327927
0.0399793
-0.0085243
0.0150445
-0.0315090
0.0000044
-0.0288172
-0.0548205
-0.0332007
-0.0262397
-0.0250959
0.0244142
0.0284662
0.0141238
0.0050852
0.0082452
0.0054233
0.0299564
0.0249366
0.0149402
-0.0089416
0.0062419
-0.0079432
0.0003710
-0.0089130
-0.0179626
0.0101322
0.0102015
-0.0154496
-0.0153508
0.0280606
0.0255988
-0.0072510
0.0120733
0.0131082
-0.0047719
0.0389315
-0.0066013
-0.0281750
-0.0277761
0.0011471
0.0150872
-0.0159968
0.0340159
-0.0146505
-0.0213845
0.0150099
0.0319984
0.0264862
0.0228474
-0.0328170
-0.0046066
0.0192520
0.0180194
0.0168191
0.0027399
0.0118978
0.0048096
0.0156736
-0.0204603
-0.0167384
-0.0138487
-0.0141748
-0.0158605
-0.0055864
0.0217275
0.0020351
0.0366976
-0.0003735
0.0052504
-0.0015340
-0.0079126
0.0074985
0.0106536
0.0035051
-0.0174620
-0.0095313
0.0200312
0.0052638
-0.0252946
0.0083272
-0.0124128
0.0078804
0.0174013
0.0085428
-0.0175851
0.0016263
0.0110450
-0.0227063
0.0097118
-0.0144640
-0.0233361
-0.0075539
-0.0136930
-0.0082264
-0.0221697
-0.0066590
-0.0222684
-0.0253601
-0.0106446
-0.0182541
-0.0123060
0.0047916
0.0248546
-0.0224717
0.0037054
-0.0227645
0.0080457
-0.0339713
-0.0003578
-0.0105543
0.0038939
0.0330093
0.0129450
-0.0073840
0.0148391
0.0036785
-0.0192711
-0.0083429
-0.0033881
0.0105223
0.0358874
-0.0039784
-0.0220409
0.0171237
-0.0163471
-0.0267732
0.0257286
-0.0267161
0.0227388
0.0079843
0.0081208
0.0243581
0.0093661
0.0193731
0.0126680
-0.0110119
0.0078896
0.0030838
0.0050333
0.0241930
-0.0095202
0.0263502
-0.0074206
-0.0054466
-0.0039501
0.0003011
0.0353419
0.0040990
0.0206826
0.0063822
0.0120172
-0.0123979
0.0249876
0.0134092
0.0178326
0.0127169
0.0113119
0.0106678
-0.0019544
0.0044035
-0.0264541
-0.0092861
-0.0256680
-0.0234502
-0.0130088
-0.0416909
-0.0343403
-0.0044362
-0.0170055
0.0088126
0.0334770
0.0582756
0.0435016
0.0474887
0.0602634
0.0710444
0.0227002
-0.0140884
-0.0382987
-0.1257122
-0.1230126
-0.1749829
-0.1272756
0.0893886
0.2783416
0.3131374
0.2167458
0.0029630
-0.1269221
-0.1653925
-0.1170368
-0.0481260
-0.0418167
-0.0409616
-0.0003970
0.0340658
0.0486542
0.0553168
0.0418424
0.0629316
0.0075916
0.0238274
-0.0327556
-0.0460707
-0.0458898
-0.0065189
-0.0009525
-0.0093598
-0.0077679
-0.0159379
0.0252274
0.0288693
-0.0063270
0.0232312
0.0022278
-0.0002215
0.0189567
-0.0061469
-0.0095348
0.0136255
-0.0199740
-0.0021151
-0.0063910
-0.0026393
0.0143418
-0.0258763
-0.0067193
0.0237381
0.0227749
-0.0196894
0.0011041
0.0030687
0.0057327
0.0221700
-0.0238925
0.0027987
0.0193179
0.0244057
-0.0044027
-0.0115671
0.0275308
0.0050286
0.0179801
-0.0059446
-0.0114876
-0.0128326
0.0273841
0.0036702
-0.0132550
0.0034496
-0.0211989
-0.0058570
-0.0005199
-0.0090684
-0.0268635
0.0224575
0.0044328
-0.0160867
0.0090030
0.0163314
-0.0092831
-0.0053934
-0.0128685
0.0065148
0.0184186
-0.0254879
0.0125587
0.0286934
0.0028445
-0.0124700
-0.0134865
0.0101902
-0.0089596
0.0085132
0.0053192
-0.0178339
0.0011971
-0.0068488
0.0076806
0.0335697
0.0010762
-0.0126901
-0.0032637
-0.0187084
-0.0046199
-0.0036465
0.0219269
0.0062951
-0.0082925
0.0160930
0.0334361
0.0303275
0.0223034
-0.0122300
-0.0092340
0.0249028
-0.0068869
0.0032144
0.0271070
0.0096499
0.0260371
-0.0177856
-0.0022123
0.0099778
-0.0373476
-0.0047225
0.0340246
0.0139701
0.0248863
-0.0066288
-0.0259159
-0.0247761
0.0038339
0.0064847
-0.0111375
0.0180929
0.0233697
-0.0015342
-0.0229193
0.0041095
-0.0044733
0.0058507
-0.0036989
-0.0010576
-0.0160601
0.0147181
-0.0357066
-0.0109612
-0.0110077
0.0067267
0.0139924
0.0033149
0.0068864
-0.0249366
0.0201091
-0.0218125
-0.0091856
0.0383023
-0.0071580
0.0063746
-0.0154050
-0.0090814
0.0362361
0.0184535
-0.0262299
-0.0153736
-0.0358097
-0.0147298
0.0068660
0.0096242
0.0298008
0.0275077
0.0022994
0.0040747
0.0307673
0.0115760
0.0238270
0.0237849
0.0153027
0.0135843
-0.0072896
-0.0386351
-0.0363148
-0.0539077
-0.0552484
-0.0267592
-0.0142053
0.0150029
0.0145384
0.0343314
0.0612545
0.0656498
0.0481837
0.0762821
0.0502140
-0.0254339
-0.0354110
-0.0428597
-0.1004386
-0.1673900
-0.1793314
-0.1229104
0.0999424
0.3153659
0.3332400
0.2199379
0.0177136
-0.1032307
-0.1701417
-0.1704206
-0.0895527
-0.0488523
-0.0427070
-0.0102729
0.0376526
0.0736479
0.0455640
0.0343537
0.0309434
0.0035272
-0.0006094
0.0205607
-0.0244322
-0.0284101
-0.0337924
-0.0537159
0.0011094
-0.0221862
-0.0390643
0.0168049
0.0393169
0.0361141
0.0089644
0.0034821
0.0119372
0.0330943
0.0146236
-0.0173977
-0.0081626
-0.0124186
-0.0005895
-0.0083522
0.0078425
-0.0147144
0.0156971
-0.0003338
0.0031518
-0.0071686
0.0087515
-0.0181766
0.0206374
0.0028891
0.0127606
0.0243275
0.0033718
-0.0208718
-0.0141329
0.0161909
0.0147318
-0.0209062
0.0063689
-0.0140688
0.0211046
0.0149389
-0.0016360
0.0091148
-0.0127506
0.0241473
0.0075218
0.0097589
0.0207956
-0.0005186
-0.0055945
-0.0241219
0.0207708
0.0254553
0.0085775
-0.0373651
0.0072244
-0.0225547
0.0203611
-0.0015689
-0.0256731
-0.0008660
0.0116411
0.0241276
0.0256959
-0.0172353
0.0249161
-0.0038775
-0.0110511
0.0048462
-0.0291179
-0.0033911
-0.0199207
0.0078184
-0.0288647
-0.0037436
-0.0101069
0.0176724
-0.0011046
-0.0264959
0.0272244
-0.0177933
-0.0013456
