0.3871946
0.3535880
0.2334227
0.1493769
-0.0727302
-0.2568759
-0.2101736
-0.0952719
-0.0512303
-0.0791988
-0.1220487
-0.0266672
0.0483023
-0.0117265
0.0113254
-0.0009122
0.0131345
0.0703022
0.0483371
0.0629093
0.0299565
0.0039409
0.0199141
-0.0141874
-0.0490763
-0.0573152
-0.0544310
-0.0411833
-0.0383070
-0.0042390
0.0340008
0.0182420
-0.0223375
0.0016235
0.0373830
-0.0532714
0.0039661
0.0775221
-0.0011741
0.0010333
0.0260178
0.0479528
-0.0260145
-0.0562583
0.0326793
0.0220024
-0.0690523
-0.0807917
0.0254830
0.0387351
0.0093748
0.0347848
-0.0186861
-0.0451721
0.0060136
-0.0099904
-0.0238158
-0.0012678
-0.0337142
0.0000242
0.0575722
0.0216789
0.0333826
-0.0208543
-0.0363086
-0.0173946
-0.0467612
0.0396759
-0.0221170
-0.0876550
-0.0401516
-0.0528477
-0.0366922
0.0130577
0.0019360
-0.0434973
-0.0117241
-0.0453434
-0.0125373
0.0633599
-0.0310841
-0.0306381
0.0181497
0.0421537
0.0245724
0.0128438
0.0126947
-0.0236088
0.0468005
0.0134986
-0.0238106
-0.0208799
-0.0053882
0.0155817
-0.0533019
0.0166875
0.0092198
-0.0311090
-0.0221310
-0.0711807
-0.0226831
0.0218794
0.0224938
-0.0117872
-0.0492749
-0.0000812
0.0120650
-0.0377161
-0.0102565
0.0306374
0.0197428
-0.0459791
-0.0152822
0.0651646
-0.0307436
-0.0691091
0.0206932
0.0362344
0.0023975
0.0330449
0.0432489
0.0347913
0.0415038
-0.0408828
0.0244791
0.0181242
-0.0642810
0.0294644
-0.0350417
-0.0260839
0.0814888
-0.0173791
-0.0476956
0.0250856
0.0200645
0.0353772
0.0250902
-0.0156286
-0.0474978
-0.0494934
0.0306393
0.0566751
0.0446140
0.0694741
-0.0169112
-0.0499075
0.0089114
0.0498557
0.0489330
-0.0547056
0.0254348
0.0395605
-0.0852271
-0.0285862
-0.0388242
-0.0689189
0.0181489
-0.0269767
-0.0592388
-0.0092902
-0.0372340
-0.0476346
-0.0306068
0.0211100
0.0359004
-0.0062230
0.0187674
0.0497837
0.0566593
0.0860909
0.0455421
0.0019605
-0.0192016
0.0451731
0.0432048
-0.0678334
0.0229346
-0.0136598
-0.0976742
0.0265407
0.0072549
-0.0674022
-0.0242201
-0.0506493
-0.0707594
-0.0101617
-0.0064578
0.0417157
0.0747851
0.0099013
0.0768010
0.1361308
0.0465614
-0.0383893
-0.0530410
-0.0132469
-0.0226072
-0.1099404
-0.2116420
-0.2157822
-0.1834493
-0.0693599
0.1772793
0.3501328
0.4209175
0.2782121
0.1126214
-0.0307283
-0.1694860
-0.1507057
-0.1911837
-0.0917069
-0.0216851
-0.1010016
-0.0756842
-0.0587503
-0.0168955
0.0145146
-0.0059998
0.0184300
0.0142735
-0.0217050
0.0360029
0.0602387
-0.0204402
-0.0577897
-0.0952344
-0.0514986
0.0075166
-0.0126246
0.0365822
-0.0434625
-0.0674901
0.0012136
0.0419525
0.0467074
-0.0257389
0.0455482
0.0333626
0.0329927
0.0992796
0.0421080
-0.0242262
-0.0541172
0.0099784
0.0073927
-0.0258071
-0.0115861
0.0246257
0.0507742
-0.0507447
-0.0868586
-0.0212126
-0.0438904
-0.0375569
-0.0614118
-0.0694915
0.0558129
-0.0218443
-0.0346224
0.0764967
-0.0238635
-0.0389254
0.0210081
-0.0372154
-0.0051045
0.0382313
0.0256460
0.0015314
-0.0404417
-0.0515021
-0.0666589
0.0397670
0.0350015
0.0307193
0.0484631
-0.0703574
0.0206186
0.0162329
-0.1047803
0.0218423
0.0214352
-0.0429254
0.0617752
0.0444665
0.0309534
-0.0095674
-0.0139981
0.0895448
0.0444213
0.0136113
0.0272898
-0.0381092
-0.0505377
-0.0398915
-0.0110190
0.0232981
-0.0348393
0.0101663
0.0778395
0.0507671
0.0739323
0.0346278
-0.0461818
0.0320709
0.0663723
-0.0151488
0.0228186
0.0208988
-0.0322670
-0.0039659
0.0031523
0.0427194
-0.0013106
-0.0210544
0.0601236
-0.0034297
-0.0360919
0.0018155
-0.0284834
0.0400504
0.0043077
-0.0556936
0.0609035
-0.0052654
-0.0716937
0.0078470
0.0188331
0.0353703
0.0299615
-0.0321836
0.0463364
0.0934399
-0.0370300
0.0003677
-0.0103416
-0.0477856
0.0289024
-0.0344850
0.0465868
0.0022687
-0.0621534
-0.0180247
-0.0440157
0.0306151
-0.0017671
0.0287112
0.0577422
0.0066227
-0.0015455
-0.0520092
-0.0501772
-0.0128612
0.0151152
0.0652007
0.0122716
0.0253461
0.0557230
-0.0469940
0.0071695
-0.0226946
-0.0488586
0.0632220
-0.0268242
-0.0692518
0.0116282
-0.0129265
0.0347002
0.0243758
0.0159515
0.0508553
-0.0296050
0.0233922
-0.0097555
-0.0551772
0.0546259
0.0416934
-0.0278319
-0.0076498
0.0001021
-0.0395703
-0.0260970
-0.0167127
-0.0174826
-0.0355022
-0.0728123
-0.0126085
0.0144318
-0.0274365
0.0585844
0.0316120
-0.0192152
0.0916903
0.0136497
0.0370204
0.1057024
-0.0278563
0.0297761
0.0708353
-0.0755782
-0.0556653
-0.0389891
-0.1664365
-0.2519524
-0.2889091
-0.2312677
-0.0249196
0.2545097
0.3856433
0.3575160
0.2999005
0.1113534
-0.0940161
-0.1524086
-0.2217945
-0.1492573
-0.0584969
-0.0584337
0.0173303
-0.0298516
-0.0385785
0.0761927
0.0491199
0.0399934
0.1190672
0.0775263
0.0227157
0.0577025
0.0879095
0.0098224
-0.0297088
0.0399202
0.0038844
-0.0699133
-0.0468725
-0.0287241
-0.0198489
0.0037139
0.0155181
0.0188950
0.0088813
0.0149229
-0.0303090
0.0108541
0.0781337
0.0373631
0.0231212
-0.0048656
0.0356951
-0.0041754
-0.0034878
0.0176257
-0.0733557
0.0071618
-0.0193945
-0.0820548
-0.0625087
-0.0499815
-0.0201455
0.0111495
0.0670726
-0.0085069
-0.0240817
-0.0049843
-0.0029072
0.0478855
0.0304486
0.0548133
0.0145032
-0.0445716
-0.0267500
0.0327777
0.0301329
-0.0499741
0.0114436
0.0074422
-0.0713251
-0.0551809
-0.0518402
-0.0621563
-0.0427029
0.0037799
0.0404572
0.0675770
0.0032055
-0.0212272
0.0415747
0.0448743
0.0683720
-0.0312567
-0.0292161
0.0513391
-0.0727054
-0.0718015
0.0240792
0.0463118
0.0416362
-0.0556336
-0.0029371
0.0576951
