0.3211827
0.4112965
0.2169151
-0.0145309
-0.1889648
-0.2170154
-0.1726050
-0.1251838
-0.0548582
-0.0484246
-0.0032145
0.0283971
0.0035478
0.0572686
0.0785522
0.0517693
0.0459920
0.0240678
0.0056120
-0.0269105
-0.0059607
-0.0295140
-0.0147861
-0.0234585
-0.0168121
-0.0387631
0.0109411
0.0378083
0.0245239
0.0052026
0.0428327
-0.0026447
-0.0004502
-0.0024612
0.0013099
-0.0026787
-0.0018016
0.0310643
0.0020090
0.0134383
-0.0126161
-0.0085397
-0.0263251
-0.0330872
-0.0163339
-0.0225472
0.0010921
0.0056376
0.0138270
-0.0244547
-0.0090407
0.0227060
0.0028077
0.0008217
-0.0200751
0.0082187
0.0165498
0.0245809
0.0248293
0.0120040
0.0268629
-0.0206785
-0.0170657
0.0374426
-0.0104847
-0.0047943
0.0331145
0.0404149
0.0189907
-0.0196068
0.0236314
-0.0109369
-0.0134654
-0.0210465
0.0110956
0.0189008
-0.0129424
-0.0296768
0.0140521
-0.0110197
-0.0012746
0.0269112
0.0156928
0.0223336
0.0053371
0.0330959
0.0189022
-0.0346371
0.0131859
-0.0022774
-0.0278297
0.0000554
-0.0071054
-0.0142533
-0.0181984
0.0277000
0.0148586
-0.0316705
-0.0411029
-0.0302925
0.0255242
0.0010721
0.0072488
0.0000579
0.0013722
-0.0178897
0.0138519
-0.0205869
-0.0094656
-0.0117215
-0.0448958
-0.0208129
-0.0142049
-0.0013358
0.0039343
0.0182645
0.0221469
-0.0096078
-0.0380598
0.0087367
0.0178599
-0.0397047
0.0006490
0.0108023
-0.0039071
0.0310396
0.0160027
0.0017353
0.0122323
0.0032455
0.0297364
0.0179166
0.0207714
-0.0241935
0.0261095
0.0120100
0.0042097
-0.0098936
-0.0173840
-0.0111683
0.0017385
0.0021041
0.0022757
0.0302202
-0.0077408
0.0268444
0.0102101
0.0400983
0.0227399
-0.0033947
0.0044699
-0.0141744
0.0261326
-0.0181907
0.0284982
0.0267912
-0.0273088
-0.0303120
0.0120570
0.0173118
0.0059314
-0.0039121
-0.0217179
0.0169216
-0.0053766
-0.0356888
-0.0235914
-0.0237696
0.0027353
0.0096344
0.0062282
-0.0090075
-0.0051025
-0.0262576
-0.0193496
0.0265567
-0.0071333
0.0309157
-0.0095858
-0.0195609
-0.0450824
-0.0590807
-0.0375626
-0.0175766
0.0267010
-0.0169377
0.0423028
0.0478292
0.0574949
0.0581818
0.0129617
0.0409219
0.0422829
0.0039178
-0.0778020
-0.0637353
-0.1046362
-0.1834093
-0.1809309
-0.1488669
0.0483473
0.1958325
0.2873680
0.2979219
0.1157315
-0.0401420
-0.1347977
-0.1485406
-0.0904825
-0.0777341
-0.0743303
-0.0283313
-0.0385728
0.0139131
0.0784017
0.0360416
0.0174210
0.0254188
0.0386588
-0.0100146
-0.0084426
-0.0170537
-0.0565953
0.0019766
-0.0202054
0.0093494
0.0114873
-0.0426367
-0.0360204
-0.0231850
0.0316986
0.0238558
0.0214883
0.0252752
0.0240311
0.0035015
-0.0249362
-0.0244683
-0.0247605
-0.0311492
-0.0065905
-0.0003908
-0.0293691
-0.0208227
-0.0000843
-0.0342554
-0.0007144
-0.0012162
-0.0248934
0.0076077
-0.0003662
0.0063324
-0.0043593
0.0118299
-0.0389164
-0.0177438
0.0058552
0.0237253
-0.0287019
0.0212159
0.0325123
-0.0027615
0.0189025
0.0189787
-0.0109691
0.0102744
0.0124974
0.0126919
0.0427836
0.0232704
0.0322818
0.0033938
-0.0183695
0.0026390
0.0232288
0.0240082
-0.0269064
-0.0303392
-0.0328709
0.0325426
0.0141352
-0.0094465
0.0220815
-0.0261227
-0.0160159
-0.0127781
-0.0165437
-0.0168864
-0.0171599
0.0029929
0.0292298
-0.0024417
-0.0167349
-0.0064672
0.0234714
-0.0250570
-0.0034084
0.0014484
-0.0092203
0.0315161
-0.0231365
-0.0116476
-0.0112618
0.0280601
-0.0006172
-0.0330730
-0.0247238
0.0069939
0.0276112
-0.0109474
0.0155974
-0.0163880
-0.0205868
-0.0120971
-0.0172753
-0.0058263
-0.0256923
-0.0079146
-0.0121826
0.0140917
0.0283052
0.0308621
0.0089853
-0.0345291
-0.0202656
-0.0341144
-0.0183868
0.0008077
-0.0050723
-0.0007851
0.0256456
0.0010182
-0.0217753
0.0334968
0.0189385
0.0209809
0.0025255
-0.0054292
-0.0027370
-0.0331139
-0.0169951
-0.0149050
0.0319965
-0.0070520
-0.0233743
-0.0209016
0.0058730
0.0047082
0.0025447
0.0390200
0.0086009
0.0474570
0.0061028
-0.0167436
0.0031276
-0.0341492
0.0034682
0.0185304
-0.0024356
-0.0010271
0.0020554
0.0054233
-0.0149072
-0.0382997
0.0197653
0.0038023
0.0079307
-0.0215214
-0.0063378
0.0397353
0.0415720
0.0431467
0.0138293
-0.0129266
0.0270422
0.0366082
0.0431417
0.0179985
-0.0296205
0.0313280
-0.0244119
-0.0344006
-0.0088285
-0.0510340
-0.0154144
-0.0496722
-0.0155564
0.0112133
0.0318883
0.0241222
0.0044929
0.0697933
0.0355479
0.0400535
0.0404689
-0.0211634
-0.0760308
-0.0568349
-0.1190496
-0.1856506
-0.2076222
-0.1206833
0.0795571
0.2703217
0.3470711
0.2322961
0.0792728
-0.1469827
-0.1664718
-0.1405002
-0.0840390
-0.0350109
-0.0730016
-0.0334791
0.0092281
0.0476879
0.0795290
0.0601458
0.0387706
0.0619789
0.0603206
0.0446139
-0.0206028
-0.0252051
-0.0036434
-0.0197114
-0.0171853
-0.0355171
-0.0339649
0.0004017
0.0034251
-0.0292590
-0.0067876
-0.0232476
-0.0001522
0.0427452
-0.0206702
0.0213455
0.0024320
-0.0128261
0.0111135
-0.0068794
0.0229462
0.0386249
-0.0268710
-0.0392631
-0.0260273
0.0161810
-0.0059292
-0.0074930
0.0309917
-0.0143965
0.0238006
0.0263764
-0.0372218
-0.0152799
-0.0250558
-0.0037293
0.0310372
-0.0275862
-0.0209690
0.0127757
-0.0372985
-0.0182737
0.0281124
-0.0319927
0.0229100
0.0296631
0.0040185
0.0088269
0.0260006
-0.0040510
0.0029861
-0.0339093
0.0114000
0.0021345
-0.0149100
0.0175977
0.0252121
0.0094244
-0.0349325
0.0155269
0.0066523
-0.0009320
0.0321183
0.0154676
-0.0252757
-0.0050470
-0.0046040
0.0102594
0.0129733
-0.0265098
0.0028244
0.0205855
0.0146191
-0.0291482
-0.0281709
-0.0038690
-0.0155781
-0.0352075
