0.3371633
0.1374618
-0.0077567
-0.1624619
-0.1715170
-0.1372134
-0.0854988
-0.0226265
-0.0349323
-0.0110211
0.0569882
0.0513461
0.0541761
0.0237821
0.0527297
0.0423580
-0.0118565
-0.0171471
-0.0229785
0.0019009
-0.0325086
-0.0410182
-0.0070350
-0.0208477
-0.0108281
0.0037326
-0.0258770
-0.0061456
-0.0160284
0.0162384
0.0327115
-0.0280093
0.0262210
0.0294570
0.0211798
0.0049294
0.0272311
-0.0094602
-0.0214685
-0.0333661
-0.0035417
-0.0129424
0.0073768
0.0380026
0.0319023
0.0107557
0.0021568
-0.0019873
0.0231245
-0.0100514
-0.0274089
0.0283985
-0.0055254
-0.0036322
-0.0260595
-0.0082568
0.0282632
0.0020988
-0.0182782
0.0055431
0.0242102
0.0210325
0.0008677
-0.0254410
0.0185439
-0.0018740
-0.0147069
0.0226425
0.0368506
0.0369650
-0.0108193
0.0070090
0.0133965
-0.0195401
-0.0306452
-0.0226186
0.0012402
-0.0470647
-0.0232797
0.0130677
0.0260992
0.0101472
-0.0282460
-0.0158997
0.0247807
-0.0031751
0.0020195
-0.0166350
-0.0104768
-0.0000402
-0.0008676
0.0214909
0.0132448
-0.0079771
0.0108300
-0.0105113
-0.0043308
0.0415734
-0.0111520
0.0290509
0.0171897
0.0074373
-0.0010821
-0.0154532
-0.0004585
-0.0241968
0.0222374
0.0172670
-0.0303205
0.0244210
0.0123490
0.0084352
0.0174505
0.0279577
0.0190768
-0.0288120
0.0095326
0.0293588
0.0274704
-0.0220590
-0.0370557
-0.0094571
-0.0267411
-0.0312507
-0.0041032
-0.0348535
-0.0096981
-0.0208639
0.0034879
0.0312225
-0.0230213
-0.0120107
0.0185385
-0.0144789
0.0141667
0.0031947
-0.0397756
-0.0231879
0.0147491
0.0011296
0.0279149
0.0025419
0.0074260
-0.0309610
-0.0262992
-0.0280717
0.0065602
0.0157133
-0.0005584
-0.0080693
0.0181305
0.0036706
0.0107948
0.0040063
-0.0116172
0.0389029
0.0012783
-0.0110274
-0.0266679
-0.0139906
0.0285506
-0.0239008
-0.0093989
0.0066660
-0.0033903
0.0225110
-0.0001248
0.0193566
0.0473341
0.0119805
0.0087263
0.0210426
0.0242954
0.0071506
-0.0149209
-0.0023809
-0.0136457
-0.0344599
-0.0545546
-0.0549051
-0.0061338
0.0258059
0.0305866
0.0285545
0.0734483
0.0895559
0.0424136
0.0226859
0.0509028
-0.0065307
-0.0662225
-0.1047018
-0.1833426
-0.2167900
-0.1981097
0.0124273
0.2673192
0.4607100
0.3715163
0.1103572
-0.1663174
-0.2401924
-0.1770868
-0.0904512
-0.0662096
-0.0596514
-0.0309325
0.0426572
0.0523864
0.0732617
0.0494158
0.0140106
0.0407968
0.0425160
-0.0276958
-0.0329297
-0.0304797
-0.0385654
-0.0388806
-0.0436193
0.0054414
0.0157843
0.0352768
-0.0110729
-0.0039394
0.0312721
0.0474301
0.0024547
0.0018533
0.0435944
-0.0096635
-0.0081963
0.0209830
-0.0096497
0.0004963
-0.0102912
-0.0495474
-0.0182728
0.0101442
0.0365982
-0.0093931
0.0201706
0.0087665
0.0170714
0.0030671
-0.0306830
-0.0107129
0.0077603
0.0458882
-0.0122505
0.0171624
-0.0131733
-0.0356451
-0.0237646
-0.0400902
-0.0275435
0.0086045
-0.0219326
-0.0277339
0.0318963
0.0003117
-0.0191615
0.0255929
-0.0181559
0.0169579
-0.0041076
-0.0148109
0.0318364
0.0240808
0.0110479
-0.0390944
-0.0018035
0.0255114
0.0250354
0.0058172
0.0335175
0.0211094
0.0274784
-0.0285245
-0.0345063
-0.0385445
-0.0242127
0.0057458
-0.0382623
-0.0064802
0.0199082
-0.0060340
0.0062686
0.0121875
0.0119177
-0.0000702
-0.0094121
-0.0095050
0.0131405
0.0138315
-0.0183680
0.0159198
0.0088170
-0.0234769
0.0248529
-0.0196905
0.0247330
0.0070163
-0.0102069
-0.0001019
-0.0139198
0.0539712
0.0006025
0.0186268
0.0039009
-0.0312197
-0.0151662
-0.0421862
0.0094028
0.0012796
-0.0155312
-0.0136837
0.0051025
0.0239464
0.0251413
-0.0120265
0.0133396
-0.0110199
-0.0064191
0.0235074
0.0101675
0.0118189
0.0274690
0.0120159
0.0166246
-0.0234577
-0.0394085
-0.0108066
0.0022502
-0.0210738
-0.0191803
-0.0120038
-0.0117576
-0.0095520
-0.0130548
0.0270457
-0.0093488
0.0230035
0.0080359
0.0269564
-0.0190073
-0.0267897
-0.0250177
-0.0124861
0.0140025
-0.0142427
0.0313622
0.0146208
0.0067908
-0.0345541
0.0181043
-0.0107722
-0.0282159
0.0195309
0.0290346
0.0104967
-0.0261903
0.0083198
-0.0219345
0.0179644
0.0029920
0.0262598
0.0111173
-0.0110767
-0.0208302
-0.0075090
-0.0237233
-0.0031091
-0.0254234
-0.0620966
-0.0012701
-0.0050070
-0.0323375
0.0058531
0.0283451
0.0029818
0.0647825
0.0682831
0.0511626
0.0191777
0.0335317
-0.0184192
-0.0739072
-0.1148695
-0.1690664
-0.2070189
-0.1845635
-0.0771495
0.1528816
0.3712884
0.3832290
0.1763979
-0.0389644
-0.1466014
-0.1995016
-0.1498802
-0.0899356
-0.0950997
-0.0090455
0.0100633
0.0395326
0.0601941
0.0831903
0.0748523
0.0758241
0.0194917
-0.0082039
-0.0198926
-0.0339646
-0.0534798
-0.0254157
-0.0548976
-0.0046981
0.0032710
-0.0090966
0.0211319
0.0097661
-0.0025329
0.0514429
0.0407516
0.0305577
-0.0074187
-0.0049933
0.0277298
-0.0095071
-0.0133147
0.0052018
-0.0007956
-0.0409641
-0.0314180
-0.0040619
-0.0174004
0.0367931
0.0153464
-0.0270040
0.0266530
0.0283453
-0.0106752
0.0055934
-0.0132528
0.0272102
-0.0014443
-0.0122415
0.0035178
-0.0244695
0.0446176
-0.0196348
-0.0175348
-0.0248249
-0.0115387
0.0378234
-0.0061299
-0.0143580
-0.0390124
-0.0118186
0.0190756
-0.0132158
0.0386051
-0.0013319
-0.0405969
-0.0210327
0.0209410
-0.0010702
-0.0343668
-0.0260262
-0.0414627
-0.0272933
0.0229549
0.0196030
-0.0184729
0.0034206
0.0202439
-0.0162234
0.0079252
-0.0217686
-0.0170161
-0.0246033
-0.0113357
0.0190708
0.0187351
0.0033107
-0.0430623
-0.0203359
-0.0234298
0.0023836
-0.0012827
-0.0321712
0.0044989
0.0263669
-0.0116586
0.0278869
-0.0152101
0.0053438
-0.0255864
-0.0284340
