0.3312483
0.2594958
0.1025477
-0.1071266
-0.1534521
-0.1463847
-0.0867883
-0.0855770
-0.0623716
-0.0471900
-0.0122121
0.0520143
0.0751765
0.0309103
0.0717018
0.0545664
0.0476493
0.0200968
-0.0263342
-0.0268395
-0.0613033
-0.0464563
-0.0485928
-0.0322899
-0.0022119
-0.0465932
0.0013756
0.0296792
-0.0272654
-0.0118815
0.0012064
0.0009129
0.0408369
0.0168689
0.0056250
0.0290079
-0.0325710
0.0126508
-0.0161070
-0.0356207
0.0150771
0.0320624
-0.0354299
0.0198295
-0.0101357
-0.0322651
0.0015875
0.0267952
0.0201997
0.0006918
0.0069052
-0.0089416
0.0330993
0.0109877
0.0010448
0.0313670
0.0349527
0.0079577
-0.0295623
-0.0124932
-0.0320936
0.0193500
0.0126777
-0.0153474
-0.0019240
-0.0169194
-0.0034930
0.0272187
0.0294241
-0.0040709
-0.0203408
-0.0231149
-0.0228439
0.0107890
0.0147603
0.0231012
-0.0134028
-0.0089642
-0.0018625
0.0051264
0.0279230
-0.0302347
0.0042639
0.0050403
0.0138051
0.0294442
0.0033987
0.0110318
0.0188163
-0.0132257
0.0122249
0.0322038
0.0256302
0.0245077
-0.0000527
-0.0210987
0.0169140
0.0457577
-0.0165316
0.0005197
0.0180878
-0.0166210
-0.0236902
-0.0001848
-0.0076566
-0.0272919
0.0198629
0.0119671
0.0065214
-0.0120118
-0.0022391
0.0206366
-0.0368080
-0.0168954
-0.0020926
-0.0113612
-0.0050588
-0.0253883
-0.0308965
0.0213359
-0.0021726
-0.0226055
-0.0328315
-0.0234785
0.0181817
-0.0139468
0.0191705
0.0019985
0.0029902
0.0327576
0.0015762
0.0248069
0.0074461
0.0154962
0.0168803
-0.0015736
-0.0354826
-0.0273095
0.0351115
0.0034399
-0.0074568
0.0247758
-0.0042104
0.0284292
0.0489377
-0.0199628
0.0076740
0.0128174
-0.0279138
0.0162959
0.0398845
-0.0165135
-0.0117954
0.0195130
-0.0152688
-0.0346159
0.0023048
0.0026378
-0.0093565
-0.0067863
0.0237415
0.0403765
0.0216452
0.0407095
-0.0033874
0.0280504
-0.0272294
0.0207200
-0.0021172
-0.0132256
-0.0122605
-0.0229447
-0.0196483
-0.0246176
-0.0276592
0.0246533
-0.0004324
0.0625069
0.0460957
0.0537668
0.0896548
0.0360457
0.0626756
0.0061021
-0.0369594
-0.0569323
-0.1186193
-0.2006695
-0.2314819
-0.1973354
-0.0010576
0.2124117
0.4068102
0.4304142
0.2030885
-0.0300705
-0.1786206
-0.1891601
-0.1641480
-0.1174542
-0.0938962
-0.0679338
-0.0043167
0.0219321
0.0289749
0.0840321
0.0488672
0.0374782
0.0565841
0.0089105
0.0290326
0.0306894
0.0067527
0.0019154
-0.0168086
-0.0607958
-0.0302336
-0.0497602
-0.0012169
-0.0044211
0.0285503
0.0451861
0.0091920
0.0066584
0.0364738
-0.0149675
0.0323843
-0.0094097
-0.0132665
-0.0033240
-0.0269956
0.0089496
0.0187717
-0.0129774
-0.0022320
-0.0006545
0.0006510
0.0309232
-0.0119828
0.0399288
0.0086551
0.0291345
0.0035388
-0.0333344
-0.0191684
-0.0298449
0.0271490
0.0210055
0.0165119
0.0077479
-0.0307100
-0.0013231
0.0320247
-0.0075958
0.0121680
0.0053093
0.0088743
0.0244786
-0.0335683
0.0110755
0.0098229
-0.0157484
0.0509657
-0.0029964
-0.0253399
0.0076474
-0.0335298
-0.0362805
-0.0166566
0.0222855
-0.0154789
0.0131040
0.0022690
-0.0324861
0.0257629
0.0003609
0.0048981
-0.0128933
-0.0180240
-0.0252758
-0.0038086
0.0100069
-0.0266071
0.0021282
-0.0033871
0.0005830
0.0034603
0.0133510
0.0192152
-0.0009418
0.0306510
0.0071682
0.0093287
0.0322717
0.0270092
0.0183128
-0.0144929
-0.0324970
0.0248728
0.0155051
-0.0036944
0.0179107
-0.0236483
-0.0192091
0.0061216
-0.0291841
-0.0013118
-0.0056624
0.0025157
0.0032649
-0.0268787
-0.0084722
-0.0022016
0.0166715
-0.0202928
-0.0323601
0.0324778
0.0329985
-0.0035289
-0.0055073
0.0037249
-0.0217954
-0.0246092
0.0310457
0.0274163
0.0014549
-0.0133390
-0.0389182
0.0065897
0.0101155
0.0140095
-0.0273543
-0.0020829
0.0368333
0.0234237
0.0166874
-0.0084206
-0.0111883
0.0140535
-0.0119092
-0.0095447
0.0345974
0.0188890
0.0230937
-0.0128236
0.0235778
-0.0088049
-0.0367177
-0.0148877
-0.0200191
-0.0106350
-0.0017951
-0.0308603
-0.0143233
0.0355717
-0.0172831
0.0198788
0.0131878
0.0114400
0.0345767
0.0433991
0.0086145
0.0093050
-0.0018040
-0.0020504
0.0094514
-0.0535301
-0.0068958
-0.0250557
0.0062436
-0.0122958
-0.0446456
0.0183425
0.0517597
0.0732590
0.0673592
0.0702212
0.0666241
0.0656228
0.0077870
-0.0514670
-0.0777668
-0.0702838
-0.1438672
-0.2294482
-0.2548957
-0.1258770
0.0766920
0.3223753
0.4585897
0.3591041
0.1103362
-0.1411007
-0.2304795
-0.2249478
-0.1209706
-0.0871681
-0.0306343
-0.0081503
0.0393133
0.0653270
0.0832087
0.0419548
0.0224878
0.0379891
0.0421809
0.0201028
-0.0212327
0.0098474
-0.0081975
-0.0135700
-0.0176317
-0.0607756
-0.0126602
-0.0202340
-0.0161701
-0.0112860
-0.0164292
0.0263265
-0.0072358
-0.0024295
0.0154863
0.0056880
-0.0104988
-0.0195035
-0.0312579
-0.0260598
-0.0249254
-0.0145921
0.0216280
0.0138324
-0.0357408
0.0089248
0.0025767
-0.0090729
-0.0320333
0.0126363
0.0303937
0.0099309
0.0110438
-0.0024447
0.0029999
-0.0264964
-0.0309472
-0.0232318
-0.0354154
-0.0218784
0.0033336
0.0286902
0.0269373
-0.0349707
0.0182138
-0.0136771
-0.0125467
0.0206187
-0.0130840
-0.0247288
0.0147687
0.0005675
0.0247385
0.0226930
-0.0204938
0.0212670
0.0062310
-0.0293954
-0.0181503
-0.0085204
-0.0007156
0.0174465
0.0084566
-0.0298921
-0.0093020
0.0260093
0.0077230
-0.0319296
0.0018847
-0.0003333
-0.0064679
0.0339826
0.0067866
0.0035192
-0.0222731
-0.0368322
-0.0315650
0.0029958
-0.0342310
0.0159341
0.0304154
-0.0197185
-0.0184286
-0.0201983
-0.0079832
-0.0102890
0.0112113
0.0170552
0.0184974
-0.0119654
0.0000565
-0.0003075
-0.0240408
