0.2605040
0.3855720
0.2134446
-0.0185169
-0.1587576
-0.1409027
-0.1341438
-0.0594017
-0.0252125
-0.0344080
0.0657560
0.0672363
0.0376556
0.0977113
0.0246213
0.0258994
0.0212590
0.0000811
-0.0261520
-0.0082390
-0.0388358
-0.0387211
0.0078177
-0.0253679
0.0049918
0.0428046
0.0370512
0.0467630
0.0337705
0.0137574
-0.0154796
-0.0007775
0.0252116
0.0220259
0.0037295
-0.0390571
0.0308838
0.0051995
-0.0149123
-0.0145480
-0.0067372
0.0119837
-0.0026034
0.0038053
0.0282937
0.0088200
-0.0229737
-0.0183284
-0.0345809
0.0281749
0.0211642
-0.0127973
-0.0161053
0.0307823
0.0074677
-0.0220754
-0.0272471
-0.0270547
0.0230899
0.0202511
0.0270081
-0.0154182
-0.0014887
0.0279532
0.0351060
-0.0091196
-0.0112592
0.0212094
-0.0101521
-0.0039962
0.0172701
0.0268081
-0.0114382
-0.0112966
0.0247510
-0.0071995
-0.0128393
-0.0220854
-0.0030983
-0.0249209
-0.0139197
0.0278028
-0.0149628
-0.0025322
0.0003554
-0.0085480
-0.0362420
-0.0128018
-0.0113305
-0.0153372
-0.0228438
0.0162018
0.0198709
-0.0199090
0.0385104
0.0099339
0.0059807
0.0064592
-0.0165187
0.0163563
-0.0204631
0.0283361
-0.0128492
0.0021257
0.0032850
-0.0402653
0.0063537
0.0023493
0.0150560
0.0130557
0.0079747
-0.0157954
-0.0230171
-0.0153962
-0.0037562
0.0266868
0.0317350
0.0101110
-0.0185943
-0.0407987
-0.0159108
0.0243165
0.0042503
0.0225397
0.0215828
-0.0087384
0.0157642
-0.0158401
-0.0010725
0.0025806
-0.0041975
-0.0052052
0.0420412
-0.0291096
0.0058780
-0.0115649
0.0095434
0.0194416
-0.0089977
-0.0296916
-0.0071997
0.0231448
0.0002269
0.0123020
0.0234389
0.0144986
0.0133950
-0.0313261
0.0277074
-0.0149331
0.0146789
0.0068854
-0.0164268
0.0224035
-0.0346249
-0.0091373
-0.0107549
0.0138065
0.0341341
0.0372838
0.0433552
-0.0136346
-0.0103390
0.0155316
-0.0246280
0.0010355
-0.0327105
-0.0179815
0.0090499
-0.0106649
-0.0036323
-0.0336919
-0.0072947
0.0015256
0.0340913
0.0106243
-0.0142623
-0.0063485
0.0178209
-0.0271329
-0.0063363
-0.0389933
-0.0316129
-0.0175875
-0.0004652
-0.0301528
0.0193886
0.0688997
0.0646993
0.0726051
0.0375878
0.0145541
0.0191876
-0.0449266
-0.0376128
-0.0980975
-0.1869855
-0.2015795
-0.0773201
0.1394523
0.3131606
0.3193731
0.0588824
-0.1130931
-0.1644619
-0.1063770
-0.0713844
-0.0816428
-0.0078014
0.0318821
0.0620987
0.0597993
0.0274992
0.0622462
0.0628079
0.0102612
0.0083767
0.0262515
-0.0202633
0.0069384
-0.0139184
-0.0204466
-0.0032792
0.0235253
0.0127939
0.0319377
0.0215102
0.0095231
0.0561230
0.0021906
-0.0167387
0.0146872
-0.0128039
0.0101979
-0.0348074
0.0227950
0.0069727
-0.0210177
-0.0188250
0.0057000
0.0100339
-0.0230991
0.0009003
-0.0121794
0.0187786
-0.0121696
0.0186261
-0.0155123
0.0375269
-0.0265371
0.0153402
-0.0244198
-0.0104356
0.0195466
0.0166116
-0.0150114
-0.0395179
0.0105070
-0.0131207
-0.0030827
0.0205426
0.0110159
0.0017720
-0.0016355
-0.0155893
0.0006742
0.0421706
0.0328822
0.0278776
0.0105107
0.0060154
-0.0006240
-0.0099971
-0.0166781
-0.0032391
0.0027645
0.0312803
0.0290277
0.0159267
-0.0130196
-0.0110737
0.0300009
0.0261203
0.0214765
0.0178194
0.0064683
-0.0308299
-0.0260137
0.0183494
-0.0060313
0.0047425
0.0235087
0.0181908
0.0378739
-0.0031213
-0.0042424
-0.0129380
0.0382754
-0.0258722
0.0014759
0.0260896
0.0056218
0.0168140
-0.0140828
-0.0018244
0.0065364
0.0152632
0.0017665
-0.0274945
0.0265998
-0.0203679
0.0202366
-0.0027188
-0.0056179
-0.0122579
-0.0199422
-0.0112011
0.0285863
-0.0238565
-0.0162533
-0.0199060
-0.0329939
-0.0338646
-0.0186514
-0.0116432
0.0240243
0.0236162
-0.0143402
-0.0135216
0.0124595
0.0232852
-0.0085069
-0.0145469
-0.0268957
0.0085783
0.0058445
-0.0060028
0.0246312
-0.0029001
-0.0437550
-0.0076088
-0.0035857
-0.0216165
0.0046228
0.0332526
-0.0097424
-0.0217527
0.0017791
0.0175414
0.0018384
0.0162848
0.0100731
0.0157594
0.0241579
-0.0170202
-0.0106224
-0.0009992
0.0275214
0.0034060
-0.0019028
-0.0239063
-0.0071723
0.0208183
0.0280807
-0.0079972
-0.0125361
-0.0000669
-0.0181713
-0.0134914
-0.0372800
-0.0054797
-0.0073041
0.0015091
0.0074259
0.0263967
0.0266868
0.0247041
-0.0105635
0.0132596
-0.0332521
-0.0133205
-0.0549723
-0.0337107
-0.0229914
-0.0407982
0.0127774
0.0062046
0.0640391
0.0547657
0.0954902
0.0530787
0.0253512
-0.0216193
-0.0366027
-0.0879661
-0.1770613
-0.2268986
-0.1549571
0.0861853
0.2987439
0.3325475
0.2150907
-0.0458958
-0.1773064
-0.1393989
-0.0884319
-0.0712449
-0.0439074
0.0179174
0.0739910
0.0427721
0.0217156
0.0222260
0.0265453
-0.0156107
0.0145686
-0.0162198
-0.0165911
-0.0356158
-0.0370391
-0.0013048
-0.0169139
-0.0289439
0.0182198
0.0311071
0.0564597
0.0014592
-0.0102200
-0.0037206
0.0228713
-0.0049713
0.0224722
-0.0422204
-0.0364839
-0.0474138
0.0053526
-0.0070624
0.0130533
0.0102446
0.0048729
0.0165440
0.0051921
-0.0223439
-0.0281627
-0.0223260
-0.0215881
0.0020712
0.0139308
0.0240764
-0.0068108
-0.0252638
-0.0087423
0.0230957
0.0018079
0.0093416
-0.0316564
-0.0088171
-0.0361863
-0.0091952
-0.0154602
0.0114286
-0.0176200
0.0118903
0.0080351
0.0302311
-0.0161734
-0.0264040
0.0204963
0.0003497
-0.0272277
0.0000614
-0.0315204
-0.0262353
-0.0193547
0.0172459
0.0121909
-0.0336523
0.0146874
0.0134101
-0.0205481
-0.0268037
-0.0096996
-0.0402989
0.0078296
0.0010693
-0.0296558
-0.0103912
-0.0074487
-0.0238585
0.0013579
0.0384670
-0.0150057
0.0071882
0.0413118
0.0208875
-0.0180310
-0.0133150
0.0324293
-0.0025641
-0.0030535
