0.2023347
0.1598469
0.0995026
-0.0159423
-0.1654576
-0.0449593
-0.0648059
-0.0392288
-0.0370308
0.0389050
-0.0362060
0.0231430
-0.0237397
0.0619263
0.0677236
0.0661668
0.0222169
-0.0122420
-0.0077678
-0.0412077
-0.0022578
-0.0525750
-0.0027808
-0.0182271
0.0045952
0.0087034
0.0123074
0.0286117
0.0363503
0.0069776
0.0410377
-0.0204130
-0.0288804
0.0159545
-0.0520817
-0.0602465
0.0444526
-0.0102574
-0.0120299
-0.0054387
0.0133641
0.0623856
-0.0411766
-0.0340119
-0.0029211
-0.0115507
0.0083580
-0.0774964
-0.0117433
-0.0154496
0.0383523
0.0247005
0.0116260
-0.0377861
0.0103388
0.0239207
0.0339519
0.0830422
-0.0682137
-0.1276487
-0.1247451
-0.1264114
-0.0858337
0.0441628
0.1835133
0.1130680
0.0402556
0.0011408
-0.1044070
-0.0737266
-0.0689276
-0.0411262
-0.0397353
-0.0173597
-0.0243708
-0.0046338
0.0152270
0.0617884
0.0191371
0.0422965
-0.0331119
-0.0032290
-0.0776413
-0.0339213
-0.0584687
0.0167601
-0.0445385
-0.0481741
-0.0473575
-0.0318020
0.0021044
0.0630045
0.0064179
-0.0585275
-0.0002840
0.0308539
0.0518871
0.0235740
-0.0589512
0.0351222
0.0164660
0.0420859
-0.0222310
0.0164606
0.0617274
0.0064710
-0.0041297
0.0297613
0.0351005
-0.0202438
-0.0380813
-0.0441703
0.0136665
-0.0225776
0.0332575
0.0373623
-0.0057825
0.0491695
0.0417967
0.0247789
0.0571062
0.0198528
-0.0390156
-0.0736272
-0.1198229
-0.0894470
-0.0890083
0.0069536
0.1005591
0.1282002
0.1135677
0.1151104
-0.0498419
-0.1600888
-0.0382652
-0.0563061
-0.0803226
-0.0093475
-0.0070067
-0.0411203
0.0441024
0.0674906
0.0547501
0.0018127
-0.0460957
0.0156512
-0.0150489
-0.0725840
-0.0270553
-0.0466195
-0.0352734
-0.0134158
0.0457924
0.0100198
0.0501015
0.0093324
0.0515781
-0.0128898
0.0359558
-0.0221011
-0.0031979
0.0300729
0.0216243
-0.0503840
-0.0193716
-0.0077886
-0.0555845
0.0190973
-0.0315149
0.0181764
0.0625920
0.0325386
-0.0055429
0.0048735
-0.0694785
-0.0570542
0.0228404
0.0137839
0.0180746
0.0311302
-0.0450825
0.0341802
0.0854448
0.0380046
0.0297684
0.0745380
0.0724800
-0.0476151
-0.1249171
-0.1493494
-0.1302384
-0.0196089
0.0479975
0.1261209
0.1326386
0.0555326
-0.0501135
-0.0795274
-0.0672618
-0.0183327
0.0307020
-0.0370366
-0.0271841
0.0477745
0.0561377
-0.0364548
0.0610668
0.0307773
-0.0210142
0.0705877
0.0009019
-0.0734236
-0.0213731
-0.0080112
-0.0055866
-0.0855759
0.0153681
-0.0237136
0.0053224
-0.0205424
0.0000977
-0.0138208
-0.0351061
-0.0136411
0.0128034
0.0333981
-0.0246311
0.0266443
-0.0316434
0.0376155
-0.0416211
0.0334690
0.0519485
0.0084703
-0.0357868
-0.0043344
0.0108857
-0.0674364
-0.0068082
0.0235522
-0.0285891
-0.0481066
-0.0301932
0.0194811
0.0536947
0.0084249
0.0149842
0.0520327
0.0433311
0.0276499
0.0867308
0.0531583
0.0028832
-0.1591747
-0.0963324
-0.1084123
-0.0465025
0.1365223
0.1926673
0.0868707
0.0707747
-0.0481895
-0.1317402
-0.0830149
-0.0639007
-0.0374974
0.0286616
0.0740221
0.0173788
0.0026996
-0.0146803
0.0408671
0.0623419
-0.0416654
0.0002758
0.0245768
-0.0318919
0.0290009
-0.0437418
0.0006451
0.0448911
0.0115286
-0.0082478
-0.0195204
0.0076784
0.0331360
0.0092425
0.0354141
-0.0107131
-0.0040818
-0.0477177
-0.0511311
-0.0424052
0.0138571
-0.0038663
-0.0351921
0.0400199
-0.0140387
0.0370519
0.0546098
0.0115728
-0.0448584
-0.0168647
0.0139456
-0.0113988
-0.0650831
-0.0151391
0.0338406
0.0212372
-0.0314615
0.0493301
0.0766139
-0.0127351
0.0434529
0.0498655
0.0570587
-0.0461679
-0.0756583
-0.0544771
-0.1282003
-0.0804509
0.0207800
0.1587328
0.0903374
0.0940078
0.0124188
-0.0333604
-0.0845735
-0.0492555
-0.0384368
-0.0782783
-0.0294729
0.0126513
0.0275369
0.0836833
0.0467183
0.0453829
0.0315525
-0.0502232
0.0127578
-0.0559281
-0.0273137
-0.0242007
0.0548912
-0.0128658
-0.0337456
-0.0038614
-0.0421676
-0.0237739
-0.0168762
0.0151546
0.0513752
0.0441313
0.0133330
-0.0170026
-0.0349938
-0.0478604
0.0052988
-0.0361614
-0.0074335
0.0092497
0.0440952
0.0021134
-0.0390191
-0.0339553
-0.0483924
0.0302764
0.0289204
0.0430775
-0.0119764
-0.0672834
0.0223934
0.0267067
-0.0209146
-0.0041368
0.0378402
-0.0382153
0.0314048
0.0626149
-0.0171835
0.0683494
-0.0565955
-0.0680712
-0.0835137
-0.0975040
-0.0512672
0.1036538
0.1427751
0.0854171
0.1084811
-0.0326200
-0.0383544
-0.0615325
-0.0753008
-0.0707550
-0.0475788
-0.0294052
0.0243797
0.0022854
0.0772718
0.0220149
0.0229696
-0.0110976
-0.0019660
0.0307431
-0.0224156
0.0343137
-0.0067876
-0.0345050
0.0397551
-0.0191191
-0.0061933
-0.0298168
0.0392622
0.0067808
0.0132565
-0.0242296
-0.0478211
0.0007215
-0.0596534
-0.0219311
-0.0213304
0.0065541
-0.0165740
-0.0214828
0.0603297
0.0181266
0.0421474
-0.0154901
0.0135798
0.0152315
0.0275489
0.0007116
-0.0338238
0.0325946
-0.0604375
0.0106405
0.0392709
0.0448878
-0.0400535
0.0209824
0.0194075
0.0474244
0.0735723
0.0245999
0.0539137
-0.0409646
-0.0654056
-0.0916298
-0.0542768
0.0427607
0.1139091
0.0623931
0.0901350
-0.0046205
-0.1005259
-0.0334468
-0.0057220
-0.0738073
-0.0388468
-0.0264104
-0.0642770
0.0004365
-0.0142862
0.0568563
0.0126222
-0.0262813
0.0111768
0.0521315
0.0166435
-0.0431195
0.0071940
-0.0387834
-0.0131797
0.0162164
0.0503902
-0.0219687
0.0285972
-0.0649722
0.0420831
-0.0185573
0.0098449
0.0374358
0.0267241
-0.0240925
-0.0230758
-0.0220531
-0.0079186
0.0038355
-0.0120073
0.0192802
0.0324098
0.0387258
-0.0076772
0.0079824
-0.0587471
-0.0271380
-0.0763267
0.0171749
0.0017184
