0.3257855
0.3942114
0.2556732
0.0451691
-0.0985445
-0.1984480
-0.1906983
-0.1467029
-0.0760746
-0.0446576
-0.0482224
0.0136694
0.0042938
0.0617027
0.0803102
0.0358885
0.0892566
0.0278999
0.0160757
0.0275483
0.0074515
0.0015308
-0.0477001
-0.0487363
-0.0076249
-0.0034628
-0.0293659
-0.0080983
-0.0259740
0.0136700
0.0363100
-0.0255747
0.0231055
0.0491938
0.0265776
0.0171527
-0.0275614
-0.0361404
-0.0193380
-0.0098065
0.0102775
-0.0146712
-0.0314597
0.0085666
0.0259217
0.0035910
0.0306607
0.0030895
0.0037881
0.0417532
-0.0005950
-0.0197297
0.0049389
0.0229524
0.0026988
-0.0029420
0.0010255
-0.0342038
-0.0260480
0.0143958
0.0343864
0.0207087
0.0181271
0.0079160
-0.0160516
-0.0307192
-0.0254546
0.0094227
0.0087827
-0.0242759
-0.0048093
0.0053830
0.0019331
-0.0003940
-0.0210720
0.0195996
0.0250150
0.0164581
0.0223243
-0.0091633
0.0269227
-0.0121509
0.0122353
-0.0136324
-0.0072729
0.0092671
0.0015177
0.0083268
0.0355713
0.0409983
0.0057909
0.0030008
-0.0215625
-0.0136637
-0.0132769
-0.0238899
0.0070986
-0.0248278
-0.0271338
-0.0072016
0.0010093
0.0135197
0.0350479
0.0111877
0.0181454
-0.0184572
-0.0277852
-0.0077858
0.0045957
-0.0223398
0.0021518
0.0120735
-0.0009654
0.0148094
0.0065571
0.0335586
-0.0208011
-0.0152128
0.0125442
0.0076109
-0.0126292
-0.0093748
0.0178980
0.0124310
-0.0175132
0.0158922
0.0198200
0.0018837
-0.0058982
-0.0181572
0.0104809
0.0101898
0.0040035
-0.0248538
-0.0214487
0.0072979
-0.0157252
0.0225667
-0.0166035
-0.0209247
0.0266103
0.0115284
0.0073135
-0.0039606
-0.0115746
0.0168581
0.0301643
-0.0072835
0.0240295
0.0129285
-0.0150507
0.0390324
0.0040914
-0.0305875
-0.0262722
-0.0233321
-0.0195380
-0.0317980
-0.0274976
-0.0297673
-0.0108644
-0.0020941
0.0149467
-0.0259887
-0.0374131
0.0215064
0.0151619
-0.0193685
-0.0116970
0.0303648
0.0194765
0.0138324
0.0159634
0.0051608
0.0016420
-0.0131499
0.0054347
-0.0362896
-0.0165839
0.0032810
-0.0157817
-0.0510458
-0.0535356
-0.0267018
0.0239254
-0.0015311
0.0226072
0.0558249
0.0609707
0.0947863
0.0687873
0.0766983
0.0750423
0.0337022
-0.0182045
-0.0766169
-0.0791185
-0.1390586
-0.2413278
-0.2262474
-0.0524276
0.1293521
0.3661942
0.4071784
0.2701575
0.0615909
-0.1353682
-0.1909358
-0.2073996
-0.1452409
-0.0524397
-0.0291460
-0.0123712
-0.0105768
0.0300710
0.0664022
0.0462480
0.0437539
0.0157771
0.0234609
0.0187211
0.0179167
0.0024297
-0.0398720
-0.0296091
0.0039960
-0.0311795
-0.0343231
0.0013687
-0.0324041
0.0067401
0.0259313
0.0120376
0.0510670
0.0508655
0.0270652
-0.0068117
0.0331747
-0.0293289
-0.0296083
0.0045691
0.0132411
0.0247624
-0.0309450
-0.0131051
0.0109422
0.0163947
0.0437603
-0.0045535
-0.0153134
0.0431900
0.0091452
-0.0093086
0.0435576
0.0236973
-0.0066622
-0.0320225
-0.0218512
-0.0084877
-0.0120343
-0.0015736
-0.0212456
-0.0145322
0.0051423
-0.0189635
0.0087910
0.0290430
-0.0029743
-0.0251476
-0.0088327
0.0190573
0.0014946
-0.0310536
-0.0015933
0.0147234
-0.0109338
0.0096726
-0.0289840
-0.0098394
0.0234689
-0.0121558
-0.0097118
-0.0229668
-0.0282555
0.0186841
-0.0216400
-0.0039090
0.0158696
-0.0303284
0.0116207
0.0089954
-0.0018054
0.0319346
0.0128771
0.0213006
0.0233383
-0.0337568
-0.0189092
0.0154831
-0.0130102
0.0012071
0.0055103
-0.0230419
-0.0229015
-0.0059258
-0.0274132
-0.0284329
-0.0317112
-0.0126414
0.0388030
0.0141354
0.0200056
0.0254629
-0.0294241
-0.0359507
0.0028488
0.0307976
0.0000088
-0.0165332
-0.0033813
0.0043797
0.0094474
-0.0192355
0.0212623
0.0126532
-0.0112677
0.0185090
0.0286411
-0.0004964
-0.0264118
-0.0041293
0.0181321
0.0009343
0.0021139
0.0287355
-0.0308971
-0.0174736
0.0199263
0.0301750
-0.0063003
0.0173980
-0.0188964
-0.0143634
0.0190643
0.0180121
0.0135041
-0.0011506
0.0196099
0.0047832
-0.0406052
-0.0078744
0.0427653
-0.0064185
-0.0317375
-0.0386103
-0.0299804
0.0288992
-0.0190569
0.0327964
-0.0016960
-0.0230851
-0.0123888
-0.0258883
-0.0308102
0.0217348
-0.0161716
-0.0206358
0.0004275
-0.0000522
0.0071800
-0.0247603
-0.0000314
-0.0149623
0.0339767
0.0534092
0.0082868
-0.0045298
0.0048382
-0.0379926
0.0064253
-0.0450651
-0.0524552
-0.0385029
-0.0098836
0.0149020
-0.0232087
-0.0356392
-0.0048250
0.0481702
0.0209289
0.0505817
0.0957507
0.0690417
0.0623850
-0.0042254
-0.0139402
-0.0331353
-0.0843482
-0.0813701
-0.1788117
-0.2076306
-0.1506131
0.0202512
0.2438886
0.3578683
0.2969799
0.1064951
-0.0657531
-0.1767291
-0.1685997
-0.0655431
-0.0584561
-0.0949472
-0.0543877
-0.0399205
0.0296136
0.0745259
0.0395968
0.0292214
0.0325651
0.0142760
-0.0083651
0.0138867
0.0248945
-0.0072967
-0.0343971
-0.0069979
-0.0331136
-0.0336813
-0.0193453
-0.0434716
-0.0225680
-0.0062658
0.0315048
0.0067853
0.0384506
0.0198866
0.0300730
-0.0105940
0.0131460
0.0052596
-0.0138092
0.0152115
0.0019165
0.0095944
-0.0258207
-0.0100060
0.0071945
-0.0181235
0.0078264
-0.0332445
0.0029839
0.0237206
-0.0266846
0.0322710
0.0259858
0.0154946
0.0004291
-0.0155696
0.0226949
0.0118833
0.0138103
0.0099293
0.0242370
0.0000045
-0.0224340
0.0103015
-0.0239975
-0.0085534
0.0368546
0.0167939
-0.0041324
-0.0013032
0.0162541
0.0022024
-0.0160302
0.0068151
-0.0048549
0.0182719
0.0293828
0.0001038
0.0296085
0.0180951
-0.0083940
-0.0296820
-0.0240803
-0.0127351
-0.0107992
0.0169414
0.0272862
0.0232863
-0.0204036
0.0120855
0.0200051
-0.0326522
0.0156630
0.0255206
0.0239454
0.0053073
-0.0018044
