0.4032659
0.2760663
0.1455405
-0.1029773
-0.1830170
-0.1301100
-0.1386960
-0.0619338
-0.0661245
-0.1355647
-0.0059395
0.0676846
0.0455912
0.1077096
0.1234483
0.1158412
0.1108712
0.0948617
0.0960231
-0.0002150
-0.0600537
-0.0125024
-0.0551336
-0.0512164
0.0244948
0.0063335
0.0343512
-0.0032112
-0.0321207
0.0455827
-0.0412292
-0.0330786
0.0121853
0.0303816
-0.0265029
-0.0260069
0.0760103
-0.0321257
-0.0670941
-0.0480346
0.0225826
0.0694819
0.0283724
0.0140381
-0.0192309
0.0118632
0.0287937
0.0092204
0.0703043
0.0028380
-0.0411240
0.0306414
0.0045168
0.0030758
0.0041265
0.0531860
0.0215069
-0.0267156
0.0381985
0.0096607
-0.0648054
-0.0372837
0.0485037
0.0397507
-0.0308196
-0.0421846
-0.0549402
-0.0414420
-0.0074264
-0.0016308
0.0548650
-0.0231474
-0.0546694
-0.0106801
-0.0168986
-0.0363277
-0.0635533
0.0040345
-0.0282282
0.0189498
0.0535402
-0.0729209
-0.0153610
0.0637870
0.0108021
0.0077072
-0.0231402
-0.0389351
-0.0201446
-0.0510955
-0.0000772
0.0505005
0.0355226
0.0504141
0.0175007
0.0301359
0.0512623
0.0330983
0.0330830
-0.0312006
-0.0601732
-0.0349871
-0.0056059
0.0188695
-0.0115264
-0.0245488
0.0116651
0.0419383
0.0306612
-0.0332832
-0.0061646
-0.0219620
-0.0164542
0.0310030
0.0308345
0.0348012
-0.0396995
-0.0092108
-0.0109087
-0.0059261
0.0314430
0.0031445
0.0148236
-0.0021563
0.0433359
0.0808348
-0.0080804
-0.0387414
0.0709615
0.0273822
-0.0597839
0.0569652
0.0463043
-0.0400205
0.0203167
0.0613385
0.0230634
-0.0057349
-0.0049844
0.0102199
-0.0012886
-0.0220085
0.0343865
0.0602189
0.0303727
0.0192973
-0.0105515
0.0281712
0.0341210
-0.0841319
0.0124780
0.0252279
-0.0753785
0.0352242
0.0471385
0.0467087
0.0642589
-0.0292797
-0.0350604
0.0188963
0.0022138
-0.0045065
0.0599126
0.0739544
-0.0384663
0.0210090
0.0898267
0.0344092
0.0515883
0.0446444
-0.0306665
-0.0554076
0.0180142
-0.0364760
-0.0629844
-0.0139254
0.0017767
0.0124368
-0.0210979
0.0496641
0.0538666
0.0019558
0.0299468
0.0381907
0.0268560
0.0070340
-0.0212330
-0.0218138
-0.0048275
-0.0666935
-0.1987504
-0.2051959
-0.1832326
-0.2164076
-0.0541995
0.2135171
0.3907751
0.3708597
0.2403782
0.0707599
-0.1255664
-0.2481290
-0.2780920
-0.1331035
-0.0182863
-0.0936010
-0.0922131
0.0219069
0.0417973
0.0188877
0.0438103
0.0624985
0.0624535
0.0385681
0.0559693
0.0038970
-0.0612572
0.0455429
0.0273916
-0.0665947
-0.0336224
-0.0711175
-0.0745102
-0.0393906
-0.0698022
-0.0117743
-0.0374956
-0.0726526
0.0304428
0.0082590
-0.0238029
0.0737584
0.0675753
0.0410160
0.0676473
-0.0060843
-0.0843868
-0.0199335
-0.0132569
-0.0154155
0.0447422
-0.0161605
-0.0319655
-0.0402946
-0.0499407
-0.0364944
-0.0522697
0.0141049
0.0214758
-0.0299768
0.0278152
0.0169549
-0.0300438
-0.0687143
-0.0418796
0.0256734
-0.0435851
-0.0097921
0.0102494
-0.0554496
0.0060307
0.0454041
-0.0129119
-0.0289741
-0.0226985
0.0170513
0.0593227
0.0003303
0.0275711
0.0484681
-0.0279701
0.0148383
0.0050296
-0.0585884
0.0219769
0.0712130
-0.0168943
0.0005390
0.0479039
0.0665896
0.0630339
-0.0687933
0.0237704
-0.0059355
-0.0424178
0.0537918
0.0207643
0.0612470
0.0000834
0.0305261
0.0069151
-0.0383659
0.0106141
0.0309083
0.0259348
-0.0497540
-0.0056648
0.0083588
-0.0527050
0.0428158
0.0140922
-0.0592992
0.0466311
0.0521181
0.0410206
0.0268858
0.0083567
0.0077632
-0.0116701
0.0233113
0.0398421
0.0034842
-0.0349313
-0.0322907
0.0637993
0.0076701
-0.0301285
0.0045869
-0.0627273
0.0266728
0.0500389
0.0044031
-0.0382376
-0.0539146
0.0134340
-0.0012629
-0.0279258
-0.0034550
-0.0253665
-0.0483232
0.0619071
0.0203981
-0.0276348
0.0405208
0.0209312
0.0551860
-0.0311368
-0.0134195
0.0331478
0.0154837
0.0648369
-0.0070828
-0.0376166
-0.0334329
-0.0232459
0.0755847
0.0048429
-0.0484494
-0.0098814
-0.0185290
0.0269339
-0.0618072
-0.0111938
0.0571078
-0.0265900
0.0206879
0.0395951
-0.0216232
-0.0400582
-0.0622017
-0.0240516
0.0015287
-0.0331219
-0.0011507
0.0466943
0.0592307
0.0477953
0.0211954
0.0055529
-0.0372098
-0.0779499
-0.0633149
0.0270946
0.0062652
-0.0906235
0.0248998
-0.0146324
-0.0157315
0.0710828
-0.0036804
0.0424163
0.0320627
0.0030270
0.1042346
0.0281355
-0.0104610
0.0372281
-0.0246890
-0.1085708
-0.2080515
-0.1882417
-0.1792073
-0.0890256
0.1112117
0.2887242
0.4109178
0.3771609
0.2616390
0.0546655
-0.1785949
-0.2058566
-0.1726120
-0.1728866
-0.1139523
-0.0572430
-0.0138558
-0.0198077
0.0178290
0.1207158
0.0699159
0.0223483
0.0506482
0.0472760
0.0976141
0.0392940
-0.0220867
-0.0316527
-0.0893449
-0.0365518
0.0180947
-0.0043221
0.0221471
0.0140869
0.0179174
-0.0072083
-0.0621004
-0.0521475
-0.0549587
-0.0213531
0.0190476
-0.0128303
-0.0467557
-0.0092133
-0.0010409
-0.0111073
-0.0051599
-0.0317041
-0.0288577
-0.0256142
0.0142388
0.0311992
0.0220445
0.0587477
0.0376367
-0.0059474
0.0155071
0.0664190
0.0255158
0.0390443
0.0135127
-0.0655606
0.0001293
0.0519270
0.0596799
-0.0345048
-0.0112453
0.0154699
-0.0767872
-0.0089762
0.0129662
-0.0357935
0.0119115
0.0254648
-0.0129497
-0.0152643
-0.0181793
-0.0140863
-0.0505239
-0.0625956
0.0326332
0.0165858
0.0030093
0.0877801
0.0351703
0.0208735
0.0249738
-0.0602861
0.0301181
-0.0154157
-0.0436232
0.0502781
-0.0121269
-0.0527087
-0.0395410
0.0434599
0.0333815
0.0670860
0.0233903
-0.0713235
-0.0550277
-0.0493653
0.0157968
-0.0258731
0.0063369
0.0584047
0.0348500
0.0006802
-0.0410376
-0.0013654
-0.0115270
