0.3314871
0.3099621
0.1084927
-0.1211356
-0.1825774
-0.1513385
-0.0976554
-0.0371661
-0.0386872
-0.0185657
0.0323521
0.0414880
0.0559716
0.0667122
0.0242930
0.0376693
0.0524446
-0.0049169
0.0006816
-0.0173855
-0.0004494
-0.0097463
-0.0151364
0.0044077
-0.0151336
-0.0089094
0.0200738
0.0169796
0.0110673
0.0495834
0.0350790
0.0370099
0.0084698
-0.0026855
0.0067087
-0.0221067
-0.0261579
-0.0153115
-0.0290059
0.0063266
-0.0206577
-0.0282498
0.0163469
0.0015193
-0.0146045
0.0091883
-0.0098044
-0.0037098
-0.0050397
-0.0000276
-0.0038848
0.0147449
0.0182613
-0.0010048
-0.0027447
0.0240696
-0.0169708
-0.0103418
0.0092948
0.0295269
0.0088977
-0.0262147
-0.0137670
0.0029817
-0.0246418
0.0011282
-0.0240352
-0.0107074
-0.0127986
-0.0018080
0.0224273
0.0102478
0.0216359
-0.0190978
-0.0120145
-0.0168519
-0.0324244
0.0005899
-0.0148749
0.0063786
-0.0145626
-0.0299013
0.0072444
0.0398906
-0.0097354
0.0072446
0.0029811
0.0106211
-0.0168867
-0.0117289
0.0179548
0.0153279
0.0014989
0.0053600
0.0161203
-0.0039703
-0.0036644
0.0175581
0.0181364
-0.0088546
-0.0119831
-0.0298036
-0.0117559
-0.0163105
0.0436478
0.0012813
0.0101830
-0.0070390
0.0119323
-0.0084412
-0.0252785
0.0012886
-0.0164187
0.0085067
0.0377388
-0.0057737
0.0093249
-0.0147238
-0.0065370
-0.0259150
-0.0272805
-0.0075140
0.0204513
0.0284016
0.0152358
0.0146948
0.0020321
-0.0233355
-0.0170872
-0.0238447
0.0016129
-0.0149056
-0.0193861
0.0125717
-0.0161857
0.0186832
-0.0007714
-0.0172385
-0.0162923
0.0103419
0.0014865
0.0395603
-0.0120675
-0.0093626
0.0137959
0.0277270
-0.0068324
-0.0150039
0.0223344
0.0124509
0.0179211
0.0279986
0.0075397
-0.0259930
0.0210630
-0.0163096
0.0069846
-0.0043514
-0.0329847
0.0106685
-0.0353625
-0.0027476
-0.0112112
-0.0310230
-0.0057937
0.0147791
-0.0077159
-0.0077850
0.0053985
-0.0050550
-0.0067361
0.0067470
0.0187624
0.0093906
-0.0085329
-0.0311884
-0.0591332
-0.0280937
-0.0373028
-0.0260112
0.0366159
0.0103740
0.0350113
0.0087344
0.0456319
0.0689846
0.0295599
0.0640984
0.0492201
0.0083962
-0.0576562
-0.1142837
-0.1380053
-0.2016596
-0.1650702
-0.0000613
0.2089478
0.2995503
0.2978329
0.1252945
-0.0576486
-0.1928405
-0.1688116
-0.1082155
-0.0537013
-0.0713993
-0.0086160
0.0177726
0.0177314
0.0709220
0.0502954
0.0246083
0.0338871
0.0466514
0.0078054
-0.0320888
-0.0098383
0.0016679
0.0072957
-0.0267079
-0.0496937
-0.0052016
-0.0158431
-0.0169876
0.0229792
0.0170141
0.0010272
0.0218095
-0.0105475
0.0065972
0.0136695
-0.0261059
-0.0201705
-0.0299290
0.0060717
0.0132407
0.0119246
-0.0023756
0.0083629
-0.0051201
0.0080087
0.0009901
-0.0180562
-0.0087094
-0.0000142
0.0070260
0.0027823
-0.0011138
0.0021825
-0.0164364
-0.0071406
-0.0257084
0.0058831
0.0005482
0.0053378
-0.0124757
0.0272772
-0.0066781
0.0059873
-0.0139423
0.0076788
-0.0080118
-0.0292325
-0.0128778
0.0052753
0.0361188
-0.0031005
0.0097696
0.0133857
0.0203106
0.0233789
0.0091143
0.0136379
-0.0221531
-0.0066242
0.0089253
0.0099631
0.0292950
0.0150874
-0.0245266
-0.0113959
-0.0224337
-0.0112116
-0.0166956
0.0176654
0.0020379
-0.0294289
-0.0197934
-0.0000736
0.0316450
-0.0009968
-0.0192942
0.0140867
-0.0146579
-0.0292972
-0.0021872
0.0216393
0.0110181
0.0213288
0.0246645
-0.0021979
-0.0152028
-0.0241498
-0.0007518
0.0140828
-0.0332996
0.0260126
-0.0185493
-0.0123800
0.0221436
-0.0163477
-0.0039292
-0.0138373
0.0015075
0.0146386
-0.0080392
0.0161189
-0.0081994
0.0125432
0.0068446
-0.0184263
0.0309090
-0.0067403
-0.0151950
0.0004542
-0.0070187
-0.0220691
-0.0300487
0.0100348
0.0105557
-0.0003286
0.0080693
0.0111221
-0.0041946
-0.0334864
-0.0010177
0.0212081
0.0317937
-0.0065450
-0.0108337
0.0140625
-0.0141010
-0.0010856
-0.0418618
-0.0224688
-0.0090119
0.0038733
-0.0236980
-0.0026473
0.0030980
-0.0005561
0.0259073
-0.0014556
-0.0022827
-0.0050310
-0.0109596
-0.0004969
-0.0140305
-0.0233810
-0.0113811
-0.0112854
0.0307917
0.0074560
-0.0201454
-0.0140591
-0.0129616
-0.0034649
0.0334483
0.0108632
0.0102194
0.0235599
0.0113919
-0.0163742
-0.0413896
-0.0142215
-0.0230981
-0.0051115
-0.0156008
-0.0435490
-0.0016157
0.0274718
0.0418628
0.0507919
0.0376763
0.0710942
0.0793715
0.0245067
-0.0015609
-0.0588053
-0.1060534
-0.1322432
-0.1818449
-0.1741235
-0.0417858
0.1787130
0.3194457
0.2987801
0.1505151
-0.0488423
-0.1623471
-0.1754814
-0.1376579
-0.0752312
-0.0210794
-0.0175867
0.0312292
0.0340533
0.0375163
0.0453514
0.0200627
0.0359854
0.0375632
-0.0139521
-0.0306489
-0.0265711
-0.0337062
-0.0337875
-0.0131769
-0.0152190
-0.0302874
0.0203679
0.0251659
0.0258417
-0.0052136
-0.0016039
0.0178320
0.0093371
0.0182967
0.0048523
0.0177834
-0.0104292
0.0017987
0.0092215
-0.0296984
-0.0027909
-0.0162716
-0.0049745
-0.0267687
0.0016387
0.0185980
0.0032982
-0.0145416
0.0008037
-0.0123590
-0.0086742
0.0226840
0.0274340
0.0086367
0.0139114
-0.0128483
-0.0229100
-0.0072894
-0.0176450
-0.0175810
0.0001307
-0.0065923
-0.0133603
-0.0284206
0.0024699
0.0140861
-0.0126899
-0.0098367
-0.0271033
0.0032160
-0.0000657
-0.0129330
0.0154974
0.0296566
0.0066071
-0.0158964
-0.0084393
-0.0148570
-0.0067022
-0.0309427
-0.0081727
-0.0023377
-0.0042535
0.0157544
0.0417743
-0.0083376
0.0142898
0.0072657
0.0131910
-0.0015908
-0.0185207
-0.0184266
-0.0354887
0.0091852
-0.0221990
0.0256987
-0.0150345
-0.0146995
-0.0170835
-0.0000503
0.0011229
0.0142707
-0.0227320
-0.0014206
0.0188417
0.0097873
