0.3227151
0.2974571
0.1411576
-0.0672337
-0.1881597
-0.1692147
-0.1516573
-0.1056025
-0.0585308
-0.0025183
0.0127719
0.0059612
0.0186591
0.0434461
0.0195549
0.0551325
0.0427612
0.0384745
0.0303679
0.0145651
0.0013995
-0.0161979
-0.0444227
-0.0237808
-0.0211898
0.0052825
0.0027689
0.0128134
0.0082751
0.0344710
0.0239849
-0.0085685
0.0213231
-0.0082988
-0.0127873
0.0157795
-0.0287514
-0.0056056
-0.0329471
-0.0341810
0.0184247
0.0312184
-0.0007033
0.0119023
-0.0259574
0.0036109
0.0057189
0.0096788
-0.0246669
-0.0281851
-0.0113021
-0.0121643
0.0235453
-0.0135234
-0.0305310
0.0070892
-0.0157120
0.0232046
0.0226152
-0.0288457
0.0268065
0.0103170
0.0295062
-0.0046889
0.0047145
-0.0309842
-0.0040284
0.0298239
-0.0186504
-0.0321570
-0.0208195
-0.0167823
-0.0302759
0.0302789
0.0443587
-0.0035039
0.0205818
-0.0220204
-0.0045013
-0.0023237
0.0195301
-0.0092045
-0.0083978
-0.0041498
-0.0124986
0.0197899
0.0331356
0.0271814
-0.0301350
-0.0241671
0.0256352
0.0186871
0.0176320
0.0314845
-0.0271570
-0.0211407
-0.0081244
-0.0012108
-0.0303487
-0.0285401
-0.0268991
-0.0068614
0.0096196
-0.0246077
-0.0286509
0.0185040
0.0187104
0.0307378
0.0082850
0.0233078
-0.0267627
0.0205705
-0.0078405
0.0240121
-0.0015874
-0.0301368
0.0256536
0.0400985
-0.0185726
0.0131156
0.0135657
-0.0196018
-0.0340982
-0.0205245
-0.0016457
-0.0078003
-0.0044407
-0.0286264
-0.0321636
-0.0310950
-0.0309531
-0.0363162
-0.0016210
0.0165124
0.0234566
-0.0126361
-0.0257810
-0.0032833
0.0122829
-0.0209917
0.0052526
0.0225589
-0.0052451
-0.0198115
0.0097781
-0.0124275
-0.0031193
0.0313266
-0.0086642
0.0090060
-0.0013719
0.0065455
-0.0006113
-0.0252409
0.0012708
-0.0125954
0.0015321
0.0078741
0.0216145
0.0326514
-0.0255153
-0.0142902
0.0002768
-0.0113861
0.0030412
-0.0150683
-0.0129869
-0.0041349
0.0154842
-0.0565506
-0.0526724
-0.0617571
0.0020303
0.0021171
-0.0243401
-0.0023853
0.0225435
0.0102352
0.0231831
0.0576509
0.0277987
0.0661524
0.0313921
-0.0333870
-0.0610468
-0.0862438
-0.1754007
-0.1761152
-0.1294273
0.0769915
0.2397492
0.3609092
0.2003347
0.0415764
-0.1184622
-0.1831205
-0.1479674
-0.1117401
-0.0407954
-0.0242568
-0.0335435
0.0329838
0.0599501
0.0504907
0.0429201
0.0252165
0.0673640
0.0049860
-0.0106497
-0.0274544
-0.0072692
-0.0083688
-0.0441126
-0.0270980
-0.0059949
-0.0257341
0.0023083
-0.0082190
-0.0228098
-0.0046262
-0.0159712
0.0335999
0.0131270
-0.0233160
0.0375104
0.0237215
0.0196293
0.0054407
0.0278671
-0.0183264
-0.0204086
-0.0337876
0.0010755
-0.0162796
0.0143040
0.0375791
0.0309352
0.0089867
0.0019455
-0.0014336
0.0235974
-0.0116114
-0.0269884
0.0287613
-0.0055194
-0.0034018
-0.0252473
-0.0109044
0.0279399
0.0050106
-0.0181331
0.0016502
0.0242481
0.0210203
0.0070507
-0.0269378
0.0119281
0.0071792
-0.0193174
0.0163400
0.0340755
0.0415493
0.0006480
-0.0057641
0.0220114
-0.0149917
-0.0245964
-0.0340255
0.0039924
-0.0328872
-0.0397893
0.0031609
0.0230416
0.0215846
-0.0141431
-0.0303016
0.0123317
0.0145599
-0.0078776
0.0013855
-0.0260663
0.0056185
-0.0099090
0.0156819
0.0176210
0.0058499
-0.0075227
0.0148007
-0.0259279
0.0263792
0.0217148
-0.0061924
0.0374762
0.0051316
0.0122610
-0.0126249
-0.0070964
-0.0080158
-0.0187702
0.0333108
0.0000919
-0.0231863
0.0306624
0.0057840
0.0127056
0.0166815
0.0315302
0.0105409
-0.0283295
0.0149699
0.0294121
0.0255344
-0.0267549
-0.0347749
-0.0094322
-0.0275785
-0.0307498
-0.0037944
-0.0353065
-0.0095472
-0.0207876
0.0016581
0.0318408
-0.0190776
-0.0172800
0.0210321
-0.0145806
0.0117424
0.0067796
-0.0329790
-0.0341333
0.0171926
-0.0031814
0.0291878
0.0037964
0.0111062
-0.0246321
-0.0279392
-0.0296459
-0.0047079
0.0183485
0.0041202
-0.0084191
0.0081975
0.0153045
-0.0011280
0.0194694
-0.0210324
0.0272411
0.0202965
-0.0096427
-0.0178757
-0.0285836
0.0153754
0.0090299
-0.0334266
0.0129283
-0.0085068
0.0150601
0.0121316
0.0021706
0.0359605
0.0387449
0.0011455
0.0178817
0.0202099
0.0242464
-0.0058209
-0.0107675
-0.0031221
-0.0199531
-0.0404056
-0.0587869
-0.0453045
0.0059657
0.0284653
0.0291109
0.0336703
0.0831090
0.0832223
0.0343519
0.0267265
0.0495982
-0.0184703
-0.0689300
-0.1126752
-0.1883507
-0.2183514
-0.1905791
0.0271555
0.2762692
0.4632268
0.3674121
0.1113239
-0.1645359
-0.2396772
-0.1814618
-0.0928080
-0.0674936
-0.0592337
-0.0375985
0.0379680
0.0515005
0.0711260
0.0565288
0.0155681
0.0339401
0.0495086
-0.0144684
-0.0387516
-0.0252056
-0.0419070
-0.0328476
-0.0512639
-0.0043634
0.0116477
0.0340995
0.0065715
-0.0171972
0.0234401
0.0428413
0.0285923
-0.0173461
0.0422186
0.0109756
-0.0156548
0.0096923
0.0122577
-0.0175998
0.0121026
-0.0436241
-0.0325888
-0.0097952
0.0330076
0.0148452
-0.0041835
0.0252402
0.0023725
0.0244401
-0.0196847
-0.0219136
-0.0095557
0.0277503
0.0312850
-0.0150408
0.0237028
-0.0327910
-0.0261853
-0.0305613
-0.0386315
-0.0201302
0.0105591
-0.0330718
-0.0147984
0.0340908
-0.0102148
-0.0110308
0.0233084
-0.0201811
0.0218553
-0.0109433
-0.0094470
0.0323252
0.0237640
0.0088634
-0.0400499
0.0003429
0.0247484
0.0259676
0.0047337
0.0340914
0.0205097
0.0289635
-0.0252174
-0.0357588
-0.0368718
-0.0292435
0.0071204
-0.0337742
-0.0160715
0.0224475
-0.0042366
0.0034812
0.0114040
0.0134271
0.0021647
-0.0065943
-0.0127908
0.0076691
0.0178254
-0.0104011
-0.0021936
0.0266295
-0.0282160
0.0162903
-0.0033899
-0.0013430
0.0310367
-0.0196924
0.0091918
