0.3331425
0.1490155
0.0099841
-0.0910586
-0.1944843
-0.1810091
-0.1357707
-0.0690000
-0.0741536
-0.0949582
-0.0278741
0.0015479
0.0238910
0.0272667
-0.0078264
0.0466760
0.1094380
0.0425711
-0.0064387
0.0461794
0.0643142
-0.0101037
-0.0607467
-0.0441271
-0.0609821
-0.0849652
-0.0157525
0.0628906
0.0293120
-0.0314586
-0.0708650
-0.0530437
0.0458151
0.0205115
-0.0246228
-0.0009795
0.0217550
0.0714181
0.0071960
-0.0723503
-0.0382798
0.0156430
0.0644526
0.0513883
0.0257942
0.0414444
-0.0529960
-0.0354830
0.0484929
-0.0475123
-0.0057780
0.0759451
-0.0124560
0.0173254
0.0766916
0.0662721
0.0524903
-0.0479088
0.0088954
0.0727198
0.0407812
0.0237579
-0.0414787
-0.0192736
0.0261666
0.0839295
0.0243598
-0.0435645
0.0196198
-0.0007934
0.0343747
0.0581297
-0.0122953
0.0008993
0.0049126
-0.0241764
0.0020213
-0.0247926
-0.0622927
-0.0235335
0.0110589
0.0305413
0.0123488
-0.0355164
-0.0212516
0.0312376
0.0580045
0.0266227
-0.0266522
0.0104132
0.0516725
-0.0066362
-0.0737443
-0.0623439
-0.0013855
-0.0155233
-0.0767210
0.0058396
0.0725768
0.0181248
-0.0347861
-0.0524019
0.0260196
0.0535481
0.0428801
0.0289273
-0.0618590
-0.0575511
-0.0029978
-0.0109025
0.0313695
-0.0038772
-0.0507995
-0.0060827
-0.0646498
-0.0514095
-0.0262325
-0.0566743
-0.0052517
0.0406664
0.0279013
-0.0298559
-0.0011855
-0.0030015
0.0200785
0.0241071
-0.0541801
0.0419822
0.0040072
-0.0538173
-0.0102003
-0.0589892
-0.0588593
-0.0462593
0.0056913
0.0175760
0.0001993
0.0555560
0.0306034
-0.0375157
-0.0223902
0.0078423
0.0547183
0.0389821
-0.0460078
-0.0468435
0.0146735
0.0799370
-0.0074260
-0.0694914
-0.0547650
-0.0763885
0.0369131
0.0651885
0.0149105
0.0475486
0.0577575
0.0422352
0.0588338
0.0695831
-0.0122966
-0.0031014
0.0293697
0.0002911
0.0398750
0.0354113
0.0044417
-0.0688864
-0.0725552
-0.0346915
-0.0644052
-0.0120482
-0.0293575
-0.0339406
0.0619053
0.0472006
0.0175447
0.0399879
0.0074180
0.0195146
0.0851627
0.1326241
0.1305716
0.0819197
0.0638872
0.0227458
-0.0099443
-0.1249820
-0.1809366
-0.1446342
-0.2573804
-0.2430924
-0.0955279
0.1582090
0.4058225
0.4057287
0.3528755
0.1653641
-0.1481489
-0.2214745
-0.2191449
-0.2348458
-0.1413991
-0.1355039
-0.1080018
-0.0388216
-0.0481628
0.0349394
0.0742569
0.0102070
0.0662279
0.0478601
0.0040544
0.0739579
0.0325189
-0.0546584
-0.0621387
-0.0290616
-0.0272978
-0.0272771
-0.0807918
-0.0863893
0.0287975
-0.0090257
-0.0340403
-0.0180628
-0.0129586
0.0726096
0.0569685
0.0504859
0.0683750
0.0151649
0.0259629
0.0646779
0.0275643
-0.0476794
-0.0843845
-0.0016371
-0.0238733
-0.0513995
0.0523561
-0.0060430
-0.0212275
0.0134298
-0.0348048
-0.0217162
0.0185509
0.0498555
0.0612621
0.0162719
-0.0592320
-0.0021660
0.0742451
0.0118513
-0.0037250
0.0224542
0.0124562
-0.0278222
-0.0254936
0.0161133
-0.0365771
-0.0526107
0.0224882
0.0690440
0.0516478
0.0200385
-0.0281582
-0.0705560
-0.0095763
-0.0112647
-0.0267716
0.0074447
-0.0402221
0.0114716
0.0808231
-0.0189030
-0.0438404
-0.0096949
-0.0036122
0.0288927
-0.0198349
0.0136978
0.0001700
-0.0767656
-0.0226640
-0.0516825
-0.0705635
0.0019197
0.0407847
0.0055926
-0.0126303
0.0682234
0.0855565
0.0047437
0.0105415
0.0702062
-0.0040881
-0.0469324
-0.0006742
-0.0284377
0.0355674
0.0250705
-0.0130409
0.0600275
-0.0224687
-0.0647180
-0.0036739
0.0460905
-0.0229369
-0.0497103
0.0428503
-0.0091146
-0.0128353
-0.0205382
-0.0154834
0.0245017
0.0248727
0.0645907
-0.0261944
-0.0405653
-0.0220100
-0.0421336
0.0835726
0.0632101
-0.0523017
0.0263953
0.0613905
-0.0446769
-0.0439888
-0.0289500
-0.0332053
0.0515836
-0.0021556
-0.0886641
-0.0065287
0.0152918
0.0079607
0.0581600
0.0039932
-0.0308514
0.0309688
0.0347949
-0.0047853
0.0081454
0.0677075
0.0057505
-0.0746401
-0.0501827
-0.0352765
0.0176526
0.0526168
-0.0158815
-0.0267430
-0.0333373
-0.0454991
0.0242632
0.0121255
0.0247437
0.0774330
-0.0009274
0.0002329
0.0532344
-0.0139980
0.0054042
0.0214438
-0.0297690
0.0305006
0.0356564
-0.0595562
-0.0714250
-0.0334135
-0.0279634
-0.0502412
-0.0708205
-0.0350215
0.0479376
0.1102452
0.0576016
0.0252809
0.0990844
0.1295758
0.0850052
0.0263001
0.0414248
-0.0190538
-0.0976676
-0.0821779
-0.1128759
-0.1472823
-0.2596579
-0.2619358
-0.1040569
0.0480550
0.3377617
0.5076797
0.3588011
0.1833834
-0.0383136
-0.1873591
-0.1773199
-0.2372863
-0.1274023
0.0071321
-0.0160667
0.0024549
-0.0124887
0.0010061
0.0876552
0.0753422
0.0167965
0.0216752
0.0146007
0.0284046
0.0516495
-0.0056482
-0.0430668
-0.0652866
-0.0579657
0.0190634
0.0103108
-0.0411255
-0.0523373
-0.0055841
-0.0124057
-0.0787939
-0.0679740
-0.0385352
0.0311554
0.0286605
-0.0386022
0.0405763
0.0704989
-0.0061997
0.0183490
0.0019441
0.0010931
0.0281923
-0.0554509
-0.0413746
-0.0444165
-0.1152242
-0.0100635
0.0337605
-0.0284110
0.0375165
0.0143809
-0.0383972
0.0405703
0.0592525
-0.0004743
0.0066819
0.0415322
-0.0058079
-0.0270653
0.0294645
-0.0042825
-0.0166397
0.0448574
-0.0228386
-0.0190973
0.0054018
-0.0453316
0.0317669
0.0405666
-0.0024640
0.0699909
-0.0184806
-0.0329394
0.0491558
-0.0442134
0.0336187
0.0726277
-0.0380424
-0.0168601
-0.0101645
-0.0407081
0.0052848
0.0152630
-0.0174025
0.0391186
0.0506923
-0.0276817
-0.0631504
-0.0364181
0.0467213
0.0626079
0.0467191
0.0513155
0.0228551
0.0377328
0.0196742
-0.0204656
-0.0413174
-0.0302014
0.0349471
0.0529069
0.0425641
0.0274325
-0.0191114
-0.0404402
