0.2206251
0.2190632
0.0890096
-0.1224588
-0.2552747
-0.2867505
-0.2068287
-0.0384979
0.0722957
0.1313997
0.1551056
0.0936522
0.0400826
0.0333015
0.0207755
0.0127985
-0.0084024
-0.0361235
-0.0352600
-0.0398792
-0.0434488
-0.0412389
-0.0393641
-0.0310659
-0.0191950
0.0113703
0.0314347
0.0141213
0.0239713
0.0233227
0.0141893
0.0393316
0.0058108
0.0036628
0.0165366
-0.0359302
-0.0315538
-0.0201878
-0.0375465
-0.0031632
0.0069740
-0.0201520
0.0151046
0.0296827
-0.0154394
-0.0090995
0.0105160
0.0117975
0.0229886
0.0005307
-0.0125864
0.0021765
-0.0052267
0.0098210
0.0282956
0.0006629
-0.0110845
-0.0153787
-0.0178844
0.0133342
0.0200302
0.0005773
-0.0000933
0.0069407
0.0114591
0.0130666
-0.0148048
-0.0263246
0.0178006
0.0134208
-0.0163184
-0.0005843
0.0284345
0.0241234
-0.0194665
0.0101367
0.0096808
-0.0210487
0.0190094
0.0000513
0.0032590
0.0391166
0.0054410
-0.0024492
0.0075864
-0.0085798
0.0070754
0.0019817
0.0077189
0.0051623
-0.0192066
0.0165102
-0.0040495
0.0010304
0.0158289
-0.0028314
0.0153644
-0.0129811
-0.0056061
0.0026888
0.0004188
0.0226941
-0.0022395
-0.0070259
0.0063116
0.0079013
0.0002090
-0.0147435
-0.0109409
-0.0053419
-0.0140909
-0.0153156
0.0124880
0.0101772
-0.0255801
-0.0078557
0.0161867
-0.0090027
-0.0050398
0.0127991
0.0173028
0.0274137
-0.0032258
-0.0020668
0.0349877
0.0192727
0.0025565
-0.0030746
-0.0171307
-0.0051053
-0.0047857
-0.0221321
-0.0221400
-0.0128211
0.0219262
0.0234577
-0.0137906
-0.0217499
-0.0186634
-0.0106611
0.0028485
0.0032188
0.0054107
0.0197609
0.0147484
0.0036844
0.0127457
0.0072437
0.0063929
0.0113531
-0.0085592
-0.0054108
0.0056981
-0.0166390
-0.0226762
-0.0223638
-0.0186988
0.0266534
0.0455423
0.0303212
0.0263791
0.0024717
-0.0039533
0.0152684
-0.0053261
-0.0127347
-0.0198443
-0.0271822
0.0110067
0.0157541
0.0012593
0.0001002
0.0167765
-0.0018804
-0.0441267
-0.0280558
-0.0279697
-0.0243756
-0.0287894
-0.0009671
0.1299153
0.2202911
0.2240722
0.1324384
-0.0135952
-0.1802850
-0.3209051
-0.2784074
-0.1133970
0.0294504
0.1126047
0.1241875
0.1156881
0.0839374
0.0119864
0.0199089
0.0160208
-0.0151491
-0.0110275
-0.0367962
0.0002504
-0.0169971
-0.0283205
-0.0016688
-0.0371047
-0.0074117
-0.0234746
-0.0132299
0.0321803
0.0226338
0.0248760
0.0025558
0.0259872
0.0353046
0.0040092
0.0148753
0.0179909
0.0193232
0.0254242
0.0147966
0.0040187
0.0031541
-0.0182855
-0.0263393
0.0047197
-0.0135784
-0.0147676
0.0264776
-0.0046325
-0.0246446
0.0163962
0.0236469
0.0110529
-0.0002345
-0.0003099
0.0235735
-0.0007046
-0.0257547
0.0043470
0.0145967
0.0129666
0.0066222
-0.0181466
0.0057063
0.0078132
-0.0358923
-0.0210846
-0.0043797
-0.0173753
-0.0188772
-0.0114928
0.0146429
0.0238505
0.0050960
0.0146510
0.0065358
-0.0171156
0.0039512
0.0117521
0.0079847
0.0239652
-0.0008590
-0.0150042
0.0167417
0.0243165
0.0049730
-0.0103433
0.0245145
0.0157378
0.0020720
0.0222809
-0.0240001
-0.0113748
0.0006840
-0.0188113
-0.0005289
-0.0067596
0.0081255
0.0232537
0.0211605
0.0197224
0.0117787
-0.0005533
-0.0065101
0.0079850
-0.0064380
0.0037872
0.0201245
-0.0022384
0.0105904
0.0002150
-0.0133945
-0.0014114
-0.0262697
-0.0162800
0.0184501
-0.0173709
-0.0343632
0.0100032
0.0207216
0.0082920
0.0098766
0.0059983
-0.0045465
-0.0006727
-0.0084509
-0.0081339
0.0182416
0.0006687
-0.0122679
0.0100717
-0.0003151
-0.0168498
-0.0042528
-0.0023919
-0.0229556
-0.0089522
0.0014072
-0.0137356
0.0070866
0.0156247
-0.0061417
-0.0264311
-0.0235063
0.0056126
0.0035719
-0.0187590
-0.0221721
-0.0235323
-0.0243084
-0.0067136
0.0012724
-0.0227947
-0.0396142
-0.0288680
-0.0213700
-0.0289566
-0.0340303
-0.0094581
0.0362118
0.0101860
-0.0035570
0.0281051
0.0116058
0.0333850
0.0176253
-0.0099599
0.0333750
0.0151517
-0.0143666
-0.0021144
-0.0151411
-0.0452120
-0.0301573
0.0086239
0.0072598
-0.0177370
-0.0298360
-0.0268807
-0.0453391
-0.0509806
0.0333874
0.1516760
0.2154883
0.1927179
0.1093084
-0.0342283
-0.2360723
-0.3332050
-0.2431903
-0.0782335
0.0328970
0.1103399
0.1598539
0.0993882
0.0394434
0.0116727
0.0006686
0.0463655
0.0352738
-0.0107873
-0.0090626
-0.0228066
-0.0266549
0.0081728
0.0090913
-0.0021423
-0.0003107
0.0033731
0.0272811
0.0147723
-0.0196166
0.0171219
0.0490284
0.0343116
0.0409598
0.0272541
-0.0099475
-0.0074952
0.0031204
0.0106045
0.0029658
-0.0256268
-0.0349001
-0.0404386
-0.0094648
0.0227409
-0.0101312
-0.0104689
0.0258833
0.0050588
-0.0228240
-0.0255227
-0.0185632
-0.0093926
-0.0184246
0.0103674
0.0418796
0.0012684
-0.0245884
-0.0048551
-0.0008152
0.0050859
0.0022664
-0.0227233
-0.0363251
-0.0268484
0.0073897
0.0238261
0.0062023
0.0017478
0.0133683
-0.0053048
-0.0204482
0.0162960
0.0296011
-0.0012884
0.0005546
0.0111091
-0.0113681
-0.0173129
-0.0049359
-0.0160361
-0.0083051
0.0126975
-0.0011381
-0.0025341
0.0041537
0.0098956
-0.0069986
-0.0143256
0.0137638
-0.0135593
0.0042506
0.0227691
-0.0340524
-0.0187200
0.0107999
-0.0146221
-0.0267213
-0.0098469
-0.0140425
-0.0199531
-0.0096071
-0.0251819
-0.0083475
0.0289425
-0.0046164
-0.0188821
0.0120207
-0.0091809
0.0023056
0.0435946
0.0056405
-0.0083279
0.0200544
-0.0086040
-0.0105892
0.0122281
0.0202498
0.0078621
-0.0297154
0.0105396
0.0213794
-0.0076908
0.0047316
-0.0203832
-0.0344345
-0.0061312
0.0195689
0.0048428
-0.0159614
0.0075589
0.0236678
0.0087945
-0.0126417
-0.0298129
-0.0328891
-0.0173388
-0.0086290
