0.2633169
0.2165752
0.0677719
-0.0754861
-0.2100173
-0.3304089
-0.2832441
-0.1567906
-0.0121385
0.1222489
0.1220336
0.1146940
0.0887918
0.0304003
0.0555345
0.0241803
-0.0061638
0.0264478
-0.0061889
-0.0265706
-0.0331718
-0.0438890
-0.0280373
-0.0475925
-0.0559910
-0.0360529
-0.0179648
0.0151403
0.0285490
0.0217190
0.0062292
0.0011608
0.0240578
0.0108770
-0.0170909
0.0083603
0.0330110
0.0258522
0.0153894
-0.0164971
-0.0348517
-0.0040400
-0.0079758
-0.0264389
0.0055461
0.0150676
-0.0059206
-0.0053683
0.0140284
0.0122653
-0.0073759
0.0161425
0.0205896
-0.0112909
0.0142118
0.0283498
-0.0066764
-0.0113844
-0.0097905
-0.0195633
-0.0011111
0.0147810
0.0048543
0.0096796
0.0169606
-0.0011444
0.0055646
0.0243925
0.0020623
0.0004677
0.0283633
0.0209170
0.0158585
0.0281427
0.0135061
0.0079216
0.0088134
-0.0226902
-0.0063931
0.0245260
-0.0090755
-0.0143895
-0.0020489
0.0003975
0.0315027
0.0175524
-0.0164311
0.0138852
0.0141223
-0.0267390
-0.0076560
-0.0056954
-0.0155684
0.0279889
0.0277504
0.0225471
0.0280470
-0.0214133
-0.0332098
0.0049534
0.0242412
0.0129855
-0.0026448
-0.0000796
-0.0193950
-0.0278146
-0.0051081
-0.0082882
-0.0008204
0.0153742
0.0038395
0.0142231
0.0225631
-0.0103596
-0.0151873
-0.0008219
-0.0200065
-0.0047697
0.0304134
0.0162300
0.0085116
0.0186218
0.0036956
-0.0297400
-0.0371621
-0.0040292
-0.0022118
-0.0293547
-0.0209439
-0.0023088
-0.0065334
-0.0242379
-0.0133651
0.0171617
0.0121299
0.0167880
0.0318668
0.0211840
0.0217504
0.0051690
-0.0132325
-0.0047987
-0.0153533
-0.0235336
-0.0308017
-0.0339999
-0.0009727
0.0021926
-0.0300265
-0.0238223
0.0020135
0.0001447
-0.0105854
-0.0085454
-0.0083669
0.0034576
0.0287343
0.0193491
0.0042366
0.0190967
0.0214282
0.0174294
0.0140482
0.0063191
0.0088636
0.0017145
-0.0025755
-0.0058184
-0.0305376
-0.0212415
0.0211516
0.0148064
-0.0022248
0.0149553
0.0088074
0.0148104
0.0330864
0.0019811
0.0012203
0.0388554
0.0303779
0.0050867
-0.0090670
-0.0262735
-0.0191715
-0.0101259
-0.0155602
0.0067141
-0.0053549
-0.0531845
-0.0427895
-0.0181198
-0.0130237
-0.0071587
-0.0179747
-0.0271757
0.0126736
0.1095488
0.1933346
0.2275943
0.2164407
0.0885240
-0.1164190
-0.2548238
-0.3088768
-0.2851010
-0.1600684
0.0251816
0.1432600
0.1403660
0.1292914
0.1054346
0.0419634
0.0467602
0.0627278
0.0179287
-0.0085272
-0.0207069
-0.0416982
-0.0279860
-0.0047544
-0.0087876
-0.0106486
-0.0188675
-0.0354574
-0.0235025
-0.0013632
0.0069474
0.0098012
0.0340435
0.0500184
0.0119772
-0.0057293
0.0120230
0.0070411
0.0172672
0.0325264
-0.0028822
-0.0313442
-0.0089704
0.0141943
0.0163397
0.0037468
-0.0086255
0.0099339
0.0192051
-0.0110077
-0.0110966
0.0216599
0.0180922
0.0004375
0.0161658
0.0079892
-0.0210530
0.0133400
0.0129494
-0.0268101
0.0167753
0.0152259
-0.0207895
0.0045223
0.0119016
0.0258140
0.0048389
-0.0225343
0.0157532
-0.0046293
-0.0192711
0.0111701
0.0005036
-0.0048714
-0.0181507
-0.0155642
0.0134709
-0.0052455
-0.0172643
0.0035004
0.0068067
-0.0075915
-0.0277440
-0.0200588
0.0246389
0.0080008
-0.0314405
0.0177677
0.0110187
-0.0258654
0.0134184
-0.0116548
-0.0201155
0.0310347
0.0255151
0.0218824
0.0092127
-0.0074713
0.0162521
0.0168542
-0.0081844
-0.0294154
-0.0154519
0.0241219
0.0272556
0.0081305
-0.0105910
-0.0038607
0.0215331
-0.0059370
-0.0348446
-0.0155105
0.0015166
0.0124349
0.0098448
0.0041668
0.0200873
0.0240687
0.0141990
0.0100373
0.0057781
-0.0108590
-0.0204920
0.0084037
0.0118587
-0.0170937
-0.0030242
0.0115010
0.0078014
0.0044496
-0.0152941
-0.0160777
-0.0151807
-0.0201698
0.0121900
0.0340376
0.0130335
-0.0122553
0.0026953
0.0208201
-0.0091743
-0.0031734
0.0150737
-0.0105884
0.0036208
0.0026506
-0.0229018
0.0101078
0.0231338
-0.0015666
-0.0063715
-0.0117194
-0.0235784
-0.0204011
-0.0026324
0.0142348
0.0048325
-0.0072126
0.0253202
0.0296567
-0.0056564
0.0056317
0.0130419
-0.0094618
-0.0299044
-0.0345048
-0.0121159
-0.0182437
-0.0146458
0.0066254
-0.0227562
-0.0155912
0.0124073
0.0009499
0.0124095
0.0104852
-0.0101511
0.0047682
0.0276208
0.0247306
-0.0023205
-0.0123841
-0.0063136
-0.0130527
-0.0177367
-0.0311885
-0.0373399
0.0046556
0.0287732
-0.0110412
-0.0289613
-0.0267175
-0.0452163
-0.0282907
-0.0230256
-0.0443105
-0.0216838
0.0053168
0.0734897
0.2046536
0.2605517
0.2033702
0.0871797
-0.0773713
-0.2461200
-0.3128637
-0.2559313
-0.1562967
-0.0261092
0.0943823
0.1315036
0.1396159
0.1141511
0.0600748
0.0540957
0.0394537
0.0194286
0.0214631
-0.0287397
-0.0680551
-0.0316262
-0.0135526
-0.0398871
-0.0356930
-0.0157073
-0.0267578
-0.0122153
0.0162730
0.0014193
0.0183070
0.0423527
-0.0058120
-0.0255609
0.0102010
0.0205680
0.0190514
0.0111968
-0.0178349
-0.0135268
0.0105920
0.0020637
-0.0089088
-0.0181502
-0.0145677
0.0055973
-0.0086303
-0.0191781
0.0097117
0.0183214
0.0156574
0.0303333
0.0130088
0.0101807
0.0313279
0.0028565
-0.0022056
0.0030828
-0.0227358
0.0069650
0.0216623
-0.0269608
-0.0212941
0.0127908
-0.0113822
-0.0304248
-0.0189289
-0.0132461
-0.0012580
-0.0048424
-0.0182358
-0.0167821
-0.0238045
-0.0145852
0.0177160
0.0149478
-0.0053780
0.0045451
0.0051369
-0.0129738
-0.0108987
0.0076175
0.0199605
-0.0033720
-0.0309835
-0.0160962
-0.0002502
0.0007682
0.0063820
0.0123165
-0.0067612
-0.0386028
-0.0073040
0.0176121
-0.0237643
-0.0095843
0.0317750
0.0217727
0.0282601
0.0285430
-0.0144019
-0.0107301
0.0007714
-0.0274328
