0.2295235
0.1652471
0.0026713
-0.1374391
-0.2348397
-0.2531443
-0.1574074
-0.0482277
0.0361312
0.1196828
0.1127344
0.0561293
0.0674079
0.0646117
0.0237751
0.0103391
-0.0070610
-0.0334626
-0.0322893
-0.0183331
-0.0162120
-0.0133335
-0.0121708
-0.0300431
-0.0362612
-0.0068616
0.0170690
0.0037270
-0.0206346
-0.0204090
-0.0144743
-0.0238991
-0.0109926
0.0005877
-0.0057450
0.0043014
-0.0112499
-0.0173872
0.0077597
-0.0084984
-0.0156879
0.0008750
0.0012781
0.0135331
0.0114480
-0.0125300
-0.0041134
0.0206219
0.0269858
0.0232842
-0.0070147
-0.0114388
0.0261308
0.0197921
0.0245366
0.0232813
-0.0235204
0.0049376
0.0356008
0.0015316
0.0000739
0.0104591
0.0004201
-0.0007312
0.0169423
0.0235261
-0.0079155
-0.0286259
-0.0051177
0.0155150
0.0204728
0.0309474
0.0186407
0.0048668
0.0206414
0.0120907
0.0038438
0.0349623
0.0320962
-0.0134628
-0.0198689
0.0188194
0.0165507
-0.0176801
-0.0028435
0.0141891
0.0122200
0.0103235
-0.0138518
-0.0009895
0.0110676
-0.0283139
-0.0303192
-0.0113137
0.0016441
0.0251500
0.0133853
0.0034598
0.0340128
0.0155402
-0.0204578
0.0122080
0.0179668
0.0028343
0.0176608
-0.0034754
-0.0280443
-0.0376763
-0.0279928
0.0212351
0.0253785
-0.0099343
-0.0125112
-0.0102669
-0.0065844
0.0231907
0.0220415
-0.0187103
-0.0142462
0.0170677
-0.0031655
-0.0359656
-0.0244248
0.0016189
0.0129893
0.0101711
0.0071275
-0.0042965
-0.0335701
-0.0269087
-0.0064609
-0.0090155
0.0208329
0.0410123
0.0122716
-0.0208792
-0.0227157
0.0146945
0.0093389
-0.0031704
0.0241210
0.0081002
0.0169449
0.0181014
-0.0229420
0.0072088
0.0077810
-0.0068016
0.0260303
-0.0054332
-0.0243293
0.0025734
-0.0154395
-0.0155837
0.0184214
0.0153834
0.0268094
0.0396226
-0.0092852
-0.0205437
0.0014704
0.0116004
0.0261047
-0.0007671
-0.0107526
-0.0117813
-0.0306201
-0.0030092
-0.0067458
-0.0173027
0.0075992
-0.0136030
-0.0288540
-0.0226959
-0.0129336
0.0163402
0.0135384
0.0085614
0.0327001
0.0282543
0.0044301
0.0017466
-0.0032160
-0.0120922
-0.0211303
-0.0272963
0.0085669
0.0044850
-0.0287105
0.0005124
-0.0161955
-0.0362668
-0.0245980
-0.0676839
-0.0687074
-0.0550645
-0.0383315
0.0456142
0.1219412
0.2136817
0.2452148
0.1336434
-0.0181428
-0.1874672
-0.2895459
-0.2507457
-0.1508733
-0.0169090
0.0991204
0.1257353
0.1130326
0.0990869
0.0544062
0.0183558
0.0270734
0.0255148
-0.0043256
-0.0229179
-0.0128550
-0.0133343
-0.0396351
-0.0302303
0.0004915
-0.0080626
-0.0298371
-0.0307583
-0.0194004
-0.0197030
-0.0066141
0.0284335
0.0224732
0.0161189
0.0392752
0.0228008
0.0099767
0.0313446
0.0239277
0.0081412
0.0196634
0.0191993
0.0010212
-0.0053945
-0.0087418
-0.0150280
-0.0193779
-0.0103812
0.0047954
-0.0027658
-0.0095737
-0.0237477
-0.0318802
0.0077511
0.0245154
0.0287494
0.0342828
0.0089660
0.0207895
0.0085234
-0.0326331
0.0068829
0.0163923
-0.0355779
-0.0132539
0.0210794
-0.0160350
-0.0298731
-0.0063337
0.0063580
0.0138230
-0.0093694
-0.0155358
0.0297426
0.0307984
-0.0129171
-0.0160781
0.0032405
-0.0184514
-0.0255255
0.0136839
-0.0055556
-0.0260517
0.0064745
-0.0091905
-0.0017242
0.0306205
0.0055818
-0.0018140
-0.0112086
-0.0317500
0.0031462
0.0147398
-0.0150662
0.0075093
0.0097388
-0.0251829
0.0033715
0.0036430
-0.0287499
-0.0179591
-0.0256881
-0.0241865
-0.0083346
-0.0280898
-0.0316907
-0.0137412
-0.0070208
0.0189232
0.0336891
-0.0022670
-0.0107713
0.0154221
0.0121347
0.0039435
-0.0021355
-0.0195729
-0.0054457
0.0196873
0.0012865
-0.0168428
-0.0189425
-0.0283745
-0.0104937
0.0185742
0.0045304
-0.0337465
-0.0201684
0.0268737
0.0083048
-0.0181987
-0.0084266
-0.0243153
-0.0205372
0.0046349
0.0214832
0.0337624
-0.0011317
-0.0262366
-0.0165741
-0.0119711
-0.0095029
-0.0316201
-0.0116117
0.0284219
-0.0085212
-0.0216844
-0.0005506
-0.0113729
-0.0028994
0.0190605
0.0202513
0.0084322
0.0146923
0.0238953
-0.0118366
-0.0252710
-0.0001651
0.0076444
0.0185331
0.0156761
0.0197340
0.0272802
-0.0187202
-0.0349244
-0.0158467
0.0042011
0.0167718
-0.0242565
-0.0072187
0.0245288
-0.0247571
-0.0177982
-0.0007793
-0.0227445
-0.0072897
0.0017146
0.0079160
0.0281763
0.0315032
0.0276870
0.0132819
-0.0048392
0.0015047
0.0002426
-0.0202868
-0.0059743
0.0041892
-0.0258567
-0.0271385
0.0002029
0.0013172
-0.0253002
-0.0486030
-0.0454512
-0.0375164
-0.0489001
-0.0355696
0.0361831
0.1178791
0.1753004
0.2118035
0.1741543
0.0278806
-0.1498816
-0.2719987
-0.2752884
-0.1656870
-0.0387879
0.0829004
0.1719968
0.1592679
0.1078845
0.0826931
0.0441423
0.0150212
0.0221209
0.0110721
0.0019333
-0.0083915
-0.0351650
-0.0151534
-0.0184642
-0.0491856
-0.0136034
0.0033627
-0.0177547
-0.0055861
-0.0074028
-0.0200435
0.0110683
0.0228915
0.0159547
0.0286722
0.0071837
-0.0009162
0.0151128
-0.0026523
0.0051232
0.0279323
0.0114627
0.0028185
0.0170924
0.0173427
0.0062512
-0.0139114
-0.0218021
-0.0005025
-0.0081091
-0.0179240
-0.0031951
-0.0036207
0.0186001
0.0312318
0.0204393
0.0245763
-0.0011769
-0.0142960
-0.0081231
-0.0169498
-0.0108804
-0.0206037
-0.0009275
0.0332104
0.0106692
0.0180708
0.0197698
-0.0208943
-0.0097718
0.0087051
-0.0048310
-0.0053503
0.0112959
0.0010412
-0.0270033
0.0099229
0.0230645
-0.0237953
0.0038977
0.0248688
0.0091905
0.0286588
0.0093842
-0.0127215
0.0010638
0.0132387
0.0264595
0.0191413
0.0134002
-0.0019866
-0.0306996
0.0013930
0.0389284
0.0096996
-0.0259199
-0.0304341
-0.0266519
-0.0186417
0.0035109
0.0228867
0.0122894
-0.0120450
