0.4902739
0.4167638
0.1990641
0.0368477
-0.1768142
-0.2627130
-0.2223773
-0.1944869
-0.0967456
-0.0319580
-0.0235951
0.0395710
0.0492914
0.0757743
0.0889762
0.0348274
0.0654397
0.0674477
0.0475447
0.0293157
-0.0078947
-0.0308066
-0.0533182
-0.0471435
-0.0212290
-0.0379838
-0.0472921
-0.0175867
-0.0340556
0.0018736
0.0461343
0.0130249
0.0298864
0.0289303
-0.0052918
0.0198188
0.0145883
-0.0048869
0.0121209
0.0454222
0.0273892
-0.0147873
0.0180226
0.0030131
-0.0274399
-0.0283448
0.0176032
0.0051600
-0.0097265
0.0351083
-0.0254692
-0.0263164
0.0360084
0.0379098
0.0202415
-0.0041760
0.0130174
0.0325262
-0.0160720
-0.0310545
-0.0059095
0.0202276
0.0368136
-0.0057306
-0.0122684
0.0350133
0.0105199
0.0017490
0.0267049
-0.0038826
0.0126060
0.0262233
-0.0407402
-0.0089388
0.0291967
-0.0050872
0.0208175
0.0008066
-0.0200003
-0.0146207
-0.0248458
-0.0234058
-0.0180985
-0.0305073
-0.0191773
0.0306936
0.0132010
0.0238110
0.0000871
-0.0335899
0.0052158
0.0230890
-0.0061531
-0.0361391
0.0085649
-0.0135419
-0.0433207
-0.0100590
-0.0071181
0.0151339
0.0348558
0.0346603
0.0305608
-0.0287377
-0.0111237
0.0376653
0.0012379
-0.0310270
-0.0257920
-0.0031533
0.0303948
0.0473859
-0.0003205
-0.0266798
-0.0003553
-0.0122566
-0.0151580
0.0067064
-0.0132356
-0.0225824
0.0048646
0.0374271
0.0218643
0.0142135
0.0227994
-0.0209305
-0.0215981
0.0091446
0.0103881
0.0256830
-0.0199148
0.0030962
0.0327266
-0.0322620
-0.0023122
0.0420372
0.0159134
-0.0213555
-0.0100133
-0.0298187
-0.0491301
-0.0170617
0.0114944
0.0263736
-0.0146653
-0.0376590
0.0071290
0.0040047
0.0158712
0.0149463
-0.0123793
0.0157298
-0.0047690
-0.0084030
0.0214015
-0.0092685
-0.0464212
-0.0343048
-0.0387955
-0.0105559
-0.0148039
-0.0510540
0.0170639
-0.0257213
-0.0036159
0.0484634
-0.0132373
-0.0044313
-0.0050305
0.0065541
0.0383079
0.0106923
0.0144490
0.0301225
0.0464462
0.0047424
-0.0387196
-0.0005136
-0.0435286
-0.0363767
0.0018966
-0.0298332
-0.0511074
-0.0123008
0.0032304
0.0131096
0.0677606
0.0740474
0.0799095
0.0502657
0.0310654
0.0504036
0.0628960
0.0203114
-0.0392896
-0.0282662
-0.0805259
-0.1450262
-0.2216476
-0.2371129
-0.1810932
-0.0210431
0.2593769
0.4332164
0.4647518
0.2939690
0.0462314
-0.1422140
-0.2873130
-0.2404510
-0.1405041
-0.0837960
-0.0158701
-0.0554069
0.0315136
0.0537535
0.0445461
0.0978814
0.0757090
0.0579037
0.0276684
0.0607303
0.0008044
-0.0614784
0.0024816
-0.0255127
-0.0694818
-0.0421486
-0.0499657
-0.0475213
-0.0447353
-0.0012760
0.0372483
-0.0007529
-0.0235234
0.0035571
0.0213487
0.0232851
0.0316241
0.0474655
0.0688933
-0.0040788
-0.0374211
-0.0092347
-0.0390114
-0.0315041
-0.0059816
0.0275825
0.0388323
0.0072945
-0.0080343
0.0118064
-0.0184342
-0.0246970
0.0350926
0.0396281
0.0483959
0.0047517
-0.0102968
0.0190654
-0.0093036
0.0015564
0.0292268
0.0304136
0.0118374
-0.0290040
-0.0283596
-0.0137805
0.0133725
0.0213454
0.0090809
0.0162275
-0.0044679
0.0259517
0.0002899
-0.0021610
0.0416974
-0.0161077
-0.0182034
0.0027513
-0.0331490
0.0059361
0.0243837
0.0074229
0.0166365
0.0139969
0.0139081
0.0112637
-0.0007280
-0.0246965
-0.0133826
0.0379770
0.0126533
-0.0023311
-0.0152929
-0.0117855
0.0145310
-0.0332496
0.0233351
0.0409790
0.0324813
0.0133951
-0.0333792
0.0154190
0.0213498
0.0102166
0.0391631
-0.0024831
-0.0220176
0.0151389
-0.0093090
-0.0342746
-0.0239294
-0.0000474
0.0162033
-0.0217947
-0.0183632
0.0269723
0.0422111
-0.0132549
-0.0150420
0.0204869
-0.0112977
0.0060408
-0.0089768
0.0173788
0.0083046
-0.0310093
-0.0163057
-0.0286260
-0.0002178
0.0085646
-0.0156747
-0.0244515
-0.0362191
-0.0133287
0.0215465
0.0119568
0.0301614
0.0281690
0.0022938
0.0344577
-0.0203914
-0.0171259
-0.0014528
0.0030509
0.0312139
-0.0208212
-0.0013435
-0.0263368
-0.0095611
0.0400727
-0.0180857
-0.0247819
0.0115789
0.0222898
0.0309806
0.0152905
0.0109699
-0.0347303
-0.0028095
-0.0145240
-0.0186156
0.0381987
-0.0304043
-0.0275722
-0.0208170
0.0013737
0.0459115
0.0208738
0.0134733
-0.0217267
-0.0248575
0.0225962
-0.0314809
-0.0324019
-0.0275750
-0.0383582
-0.0120549
0.0260247
0.0101893
-0.0247994
0.0286962
0.0142316
0.0417222
0.0903016
0.0644650
0.0755923
0.0718321
0.0442150
0.0275368
-0.0371737
-0.0886195
-0.1000319
-0.1301335
-0.2292503
-0.2457209
-0.1311473
0.0158514
0.2614220
0.4174036
0.3588452
0.2250699
-0.0154844
-0.1885067
-0.2125922
-0.2053437
-0.1135722
-0.0679205
-0.0429417
0.0136788
0.0061054
0.0499137
0.1100017
0.0929370
0.0838868
0.0857974
0.0760735
0.0090296
0.0253438
-0.0120472
-0.0615716
-0.0353283
-0.0206766
0.0035722
-0.0471416
0.0002235
-0.0148777
-0.0396189
0.0012387
0.0247961
0.0390929
-0.0224673
-0.0112358
0.0199366
0.0019397
0.0137962
-0.0039074
0.0144901
0.0179664
-0.0515258
-0.0211701
-0.0026249
-0.0152182
0.0210330
0.0280462
0.0351894
0.0024662
-0.0327736
0.0156450
0.0146292
-0.0153495
-0.0219461
0.0152839
-0.0137814
-0.0050691
0.0435705
-0.0387345
-0.0291890
0.0079849
-0.0487025
0.0041552
0.0137907
0.0103170
0.0218799
-0.0408965
-0.0282126
-0.0261857
-0.0074032
0.0104547
-0.0257256
-0.0224114
-0.0321810
-0.0320415
0.0196065
0.0293616
0.0099163
-0.0119647
0.0276466
0.0078485
-0.0408383
0.0266638
0.0224463
-0.0038701
0.0290984
-0.0264810
-0.0188971
0.0028242
0.0330603
0.0187610
-0.0065054
0.0201006
-0.0227354
0.0288869
0.0197045
-0.0228408
-0.0341606
-0.0311008
-0.0049631
-0.0016497
