0.4918908
0.3046967
0.3967252
0.2119973
-0.0537379
-0.1336661
-0.2063948
-0.1925916
-0.1071630
-0.2141799
-0.1033724
0.0485089
0.0865838
-0.0145600
0.0847112
0.0242417
-0.0497003
-0.0141675
0.1151539
-0.0691785
0.0447150
-0.0205528
0.0500112
-0.0327343
-0.0319765
0.0238790
-0.0025549
-0.0629732
0.1086519
0.0716847
0.0806662
-0.0101662
0.0356494
0.0023291
-0.1047883
-0.0042056
-0.1239691
-0.0584066
0.1204250
-0.0397983
0.0254009
0.0796076
0.0280157
0.1759077
0.0075390
0.1251043
0.0358500
0.0253925
0.0302745
-0.1319667
-0.0791442
-0.1347444
-0.1299671
-0.2594334
-0.0956120
-0.0854029
0.1339975
0.2618647
0.5019826
0.7433398
0.5228287
0.1350932
-0.3932382
-0.7829406
-0.8244293
-0.4890157
-0.0400271
0.2789583
0.4687252
0.3082080
0.4339822
0.3126990
0.1601844
-0.1462318
-0.0928723
-0.1378241
-0.2326541
-0.0392930
-0.1431090
-0.0991962
-0.0927457
-0.0673546
-0.0227747
0.0478018
0.0178367
0.1347325
-0.0651556
0.0531527
0.0778148
0.0543147
0.0578460
0.0028299
-0.1051339
-0.0366248
0.0036728
-0.0347701
-0.0037630
-0.1481375
0.0685513
-0.0605734
-0.0089011
-0.0230653
0.0225215
-0.0418604
0.0860217
0.0504391
0.1221220
0.1265655
-0.0024717
0.1428799
0.0484900
-0.0582702
-0.0577505
0.0001633
-0.1785930
-0.0991860
-0.0854692
-0.1559148
-0.1452707
0.0582820
0.0490718
0.1619613
0.2019348
0.3659057
0.5100131
0.3788170
-0.0706848
-0.5802974
-0.6942770
-0.5146113
-0.1413403
0.0827739
0.2853652
0.3746226
0.4218019
0.2327613
0.1009488
0.0282489
-0.1403657
-0.1351553
-0.1924394
-0.1377209
-0.0502195
-0.0978174
-0.0467930
0.0415723
0.0911176
0.0991289
-0.0165679
0.0851151
0.1250526
0.0229854
0.0411131
-0.0956273
-0.0350089
-0.0681306
0.0272851
-0.0382814
0.0272394
-0.0844770
0.0734374
0.1257392
-0.0364849
0.0899363
0.0926356
0.0466692
-0.0907671
-0.0647413
-0.1023649
-0.0173369
-0.1224305
-0.0269914
-0.0491279
-0.0440873
0.0089522
0.0682690
0.0909682
0.1520900
-0.0112900
0.1804043
0.1190549
0.0719052
-0.0699222
-0.0577969
-0.0380325
-0.1416320
-0.1565674
-0.2882960
-0.1707670
0.0141560
0.1283649
0.1507740
0.3505515
0.5077962
0.6334886
0.4874019
-0.0194769
-0.8760768
-1.2122716
-1.0018217
-0.3171549
0.3955405
0.7155704
0.5679770
0.2993231
0.2338575
0.1687308
-0.0482282
-0.0572945
-0.2387086
-0.1667834
-0.2381430
-0.1378030
-0.1180987
-0.0342953
0.1073652
0.1308025
0.1466636
0.1802059
0.0857538
0.0199901
0.0602440
0.0369322
0.0599600
-0.0008656
-0.0302059
-0.1300375
-0.0875794
-0.1002055
-0.0364267
0.0433724
-0.0140027
0.0291144
0.0472372
0.0533815
0.0789409
0.0245623
-0.0740854
-0.0141264
0.0838674
-0.0310496
-0.1225502
-0.1050652
-0.0397997
0.1258648
0.0461152
-0.0375422
-0.0090964
0.1266101
-0.0278048
-0.0355464
-0.0891868
-0.0983024
0.0033536
-0.0343416
-0.1091660
-0.2061268
-0.0146055
0.0355761
-0.0567868
0.0339683
0.3188410
0.4242702
0.5812558
0.3379494
-0.2474416
-0.7322172
-0.9026777
-0.4917052
-0.0805287
0.2301517
0.3730000
0.4726040
0.4139916
0.2739482
0.0116574
0.0222157
-0.0880526
-0.1440682
-0.1326505
-0.1024130
-0.0239445
-0.0706845
0.0250723
0.0505197
0.0346136
0.1610306
0.0269159
-0.0236833
-0.0797821
0.0406291
-0.0018942
0.0527178
-0.0053688
0.0157672
0.0657373
-0.0125156
0.0543517
-0.0457190
-0.1018561
0.0411083
0.0912522
0.1031537
0.0437257
-0.0743281
0.0084393
0.0484723
-0.0887214
-0.1013940
-0.0485021
0.0939084
0.0758217
-0.0056594
0.0763887
0.1543629
-0.0141657
0.1065131
0.0714558
0.0536020
0.0653184
-0.0382584
-0.1631351
-0.2673621
-0.2547062
-0.1566370
-0.0189340
0.0371674
0.0027629
0.2234990
0.4494359
0.6500613
0.5871414
0.0619758
-0.3669861
-0.9082182
-0.9200278
-0.3439134
-0.0342112
0.3462395
0.3915101
0.3303498
0.4319984
0.2271226
0.0361432
-0.1212076
-0.1336865
-0.0913580
-0.1628216
-0.0987178
-0.0592716
-0.0352279
0.0790413
0.0052400
0.0835048
0.0494786
0.0746782
-0.0381527
0.0464819
-0.0593510
0.0545426
0.0039186
-0.0336094
0.0473522
-0.0876875
0.0040204
-0.1064450
0.0218807
0.0939116
-0.0580158
-0.0168940
0.0935376
0.0587103
0.0737928
0.0409774
0.0164892
0.0274657
-0.0055165
0.0097717
-0.0645734
0.0494339
0.0914359
0.0334454
0.0538942
0.1225389
0.0349665
0.0810569
0.1524415
0.1041738
0.0044674
-0.0855686
-0.2049070
-0.1868426
-0.1499427
-0.1052561
-0.0415628
0.0327616
0.0439889
0.1866050
0.4528941
0.7073284
0.5673100
0.1864250
-0.4308530
-0.8321964
-0.8899316
-0.3820929
-0.1291237
0.2712231
0.4402052
0.3296445
0.3380698
0.2395937
0.0138294
-0.0138608
-0.0756416
-0.1626607
-0.1461615
-0.1154234
-0.1206046
-0.1474032
-0.0483193
0.0095631
0.0970999
0.0735684
0.0304902
0.0486601
0.0952221
0.0470512
-0.0808021
0.0595630
-0.0380595
-0.0962803
-0.0573509
-0.0428550
-0.0901037
-0.1033945
-0.0915683
0.0315239
-0.0348969
-0.0525600
-0.0007129
0.0019023
-0.0471440
-0.0980758
0.0058642
0.1303755
-0.0201266
-0.0511380
0.0135456
-0.0599708
0.0939992
0.0699791
-0.1132403
-0.1080276
-0.1185080
-0.1262292
-0.0712527
-0.0745231
-0.0103905
0.0931034
0.0782943
0.0947171
0.3529008
0.4301815
0.3401031
0.0150896
-0.4623346
-0.6607305
-0.7387106
-0.3727347
0.0038998
0.3171252
0.2403609
0.2847663
0.1735342
0.1131306
0.0576659
-0.1608166
-0.2522720
-0.1069969
-0.0571409
-0.0450432
-0.0634380
-0.0274982
-0.0288776
-0.0202331
0.0649463
0.1555488
0.0679227
0.1021728
0.0742040
0.0814227
0.0301030
0.0637568
-0.0662730
-0.0044618
-0.0981842
0.0070710
0.0860609
0.1068653
