0.4767850
0.4130513
0.2187430
0.0110477
-0.2521044
-0.2937347
-0.2096340
-0.1748876
-0.1329005
-0.0426635
-0.0133593
-0.0250564
0.0479144
0.0787825
0.0896710
0.0749384
0.0451276
0.0895149
0.0822647
0.0169395
0.0047831
0.0132598
-0.0517401
-0.0695410
-0.0066208
-0.0057137
-0.0052935
0.0190974
0.0042491
0.0065049
0.0239200
0.0431030
0.0524510
0.0129073
0.0251680
0.0419118
0.0442923
0.0214026
-0.0205538
0.0169326
-0.0178647
-0.0542761
-0.0104415
-0.0045519
-0.0283686
-0.0352981
-0.0274245
-0.0293850
-0.0118296
-0.0106490
-0.0030103
0.0213764
-0.0055560
-0.0175942
-0.0122988
-0.0167846
-0.0112440
-0.0016966
-0.0276627
-0.0303050
0.0229669
-0.0088731
-0.0001871
0.0408399
0.0145978
-0.0000149
-0.0034345
0.0253410
-0.0135024
-0.0039934
0.0378406
0.0232207
0.0152298
-0.0167768
0.0261885
0.0075098
0.0080723
0.0335927
-0.0266585
0.0083140
0.0349339
0.0050776
-0.0252980
0.0049917
0.0356750
-0.0049926
0.0013007
0.0233772
0.0091182
-0.0208189
0.0132555
0.0285587
0.0039010
0.0211444
-0.0152605
0.0040420
0.0221785
-0.0190509
-0.0172511
-0.0227917
0.0022003
0.0128910
-0.0235520
0.0099166
0.0209552
-0.0242153
0.0093259
0.0151501
-0.0328730
-0.0254558
-0.0175062
-0.0260832
0.0082106
0.0196462
-0.0303097
-0.0410876
0.0124073
0.0307038
0.0187335
0.0220261
0.0078268
-0.0252303
-0.0523659
-0.0064085
0.0361672
0.0119433
-0.0304391
-0.0455717
0.0151783
0.0219152
0.0350334
0.0253229
0.0020381
0.0383675
0.0043287
0.0231577
-0.0059755
-0.0320452
0.0468433
-0.0110227
-0.0309574
0.0463552
-0.0179503
0.0016713
0.0260955
-0.0585498
-0.0395238
-0.0268239
-0.0134645
0.0008612
-0.0108324
0.0102206
0.0024079
-0.0082860
-0.0099272
-0.0375442
0.0134236
0.0132686
-0.0091801
0.0313794
-0.0213048
-0.0256410
0.0237624
-0.0139460
-0.0188755
-0.0082081
-0.0396473
-0.0170317
0.0081375
-0.0118730
-0.0503122
-0.0104813
-0.0084496
-0.0381801
0.0168026
-0.0146440
0.0207124
0.0979224
0.0713588
0.0538189
0.0851698
0.1088012
0.0380329
-0.0029138
0.0026171
-0.0611857
-0.1111868
-0.1074709
-0.1546953
-0.2298617
-0.2421846
-0.1917871
-0.0564849
0.1616684
0.3346450
0.4235200
0.3913084
0.1288882
-0.0852881
-0.2028425
-0.3149215
-0.2402437
-0.1568322
-0.1099542
-0.0175818
-0.0055754
-0.0014203
0.1002396
0.1056414
0.0324245
0.0956162
0.0722128
-0.0006398
0.0335725
0.0106923
-0.0181023
-0.0421103
-0.0758293
-0.0670425
-0.0234434
-0.0096935
-0.0261056
-0.0290738
-0.0359539
0.0179716
0.0246316
-0.0277267
0.0104720
0.0425679
0.0161759
-0.0085699
-0.0008708
0.0355392
0.0337027
-0.0134260
-0.0421763
-0.0468362
-0.0170602
0.0270105
0.0169638
0.0117500
0.0134950
-0.0375936
-0.0467759
-0.0285308
-0.0304848
0.0021104
0.0079446
-0.0324307
-0.0147708
0.0197993
0.0103083
0.0158444
0.0179247
-0.0478655
-0.0447470
0.0301827
-0.0065978
0.0088048
0.0044770
-0.0125842
0.0194404
-0.0413249
0.0145368
0.0561773
0.0162059
0.0344643
0.0068782
-0.0155741
0.0163922
-0.0016879
-0.0424087
-0.0358461
0.0066669
-0.0079335
-0.0346320
0.0332404
0.0216503
-0.0289776
0.0162406
0.0136481
-0.0447583
-0.0307898
0.0001408
0.0093608
0.0406232
0.0070171
-0.0254106
0.0047780
-0.0328106
-0.0465017
0.0116848
0.0061198
0.0088389
0.0316755
0.0021395
0.0145054
0.0235911
-0.0166373
0.0048408
-0.0073326
-0.0415545
-0.0058676
0.0075361
0.0131108
-0.0253060
-0.0211005
0.0260900
-0.0113689
-0.0215265
0.0280169
0.0462414
-0.0103699
-0.0477152
-0.0114774
-0.0107164
-0.0131852
0.0344222
0.0047536
-0.0440554
-0.0214369
-0.0480129
-0.0210805
0.0447481
-0.0245732
-0.0244163
-0.0278016
-0.0126829
0.0433974
-0.0129780
-0.0050619
-0.0049979
-0.0070724
0.0342565
-0.0017519
-0.0104564
0.0117446
-0.0305655
-0.0270046
-0.0161348
-0.0392683
-0.0088986
0.0213788
0.0274241
0.0248531
0.0005991
0.0034150
0.0047708
-0.0259039
-0.0345164
-0.0030563
0.0241605
-0.0132050
-0.0029563
0.0231621
-0.0141219
-0.0318781
-0.0170934
0.0155650
0.0077959
0.0163215
0.0303758
0.0370335
0.0446165
0.0006375
0.0069188
-0.0088485
-0.0153128
0.0261747
0.0280421
0.0033022
-0.0311786
-0.0027904
-0.0083624
-0.0233881
-0.0048268
-0.0521488
-0.0488545
0.0190927
0.0400398
0.0679601
0.0537532
0.0300388
0.0449470
0.0212567
0.0591088
0.0587011
-0.0394950
-0.0778745
-0.0900159
-0.1250772
-0.1522600
-0.1945153
-0.2052203
-0.1100071
0.0518345
0.2493340
0.3847569
0.3632905
0.2679881
0.1012855
-0.1256689
-0.2079884
-0.2090367
-0.2107702
-0.0822344
-0.0026529
-0.0308755
0.0092280
0.0301913
0.0394788
0.0834654
0.0709097
0.0886037
0.0581695
0.0214895
0.0091471
-0.0362605
-0.0178441
-0.0515932
-0.0296788
-0.0123743
-0.0539427
-0.0367479
-0.0097952
0.0199790
-0.0251641
-0.0406567
0.0004881
-0.0307743
0.0035149
0.0540221
-0.0060771
0.0090234
0.0046581
-0.0256343
0.0248642
0.0118907
-0.0101829
-0.0058246
-0.0426051
-0.0450370
-0.0153007
0.0148798
0.0118668
-0.0123659
0.0301862
-0.0074133
-0.0359969
0.0104048
0.0044207
-0.0079564
-0.0234940
-0.0164950
0.0027910
0.0333031
0.0132627
-0.0291348
0.0014906
0.0223513
0.0284128
-0.0121459
-0.0556256
-0.0393309
-0.0144826
0.0362169
0.0470183
-0.0060838
0.0074426
-0.0006979
-0.0301525
-0.0222687
-0.0331297
0.0100972
-0.0118257
-0.0419694
0.0142228
-0.0212028
-0.0418259
0.0198110
-0.0106758
-0.0277661
0.0136139
-0.0211588
-0.0220711
0.0260703
-0.0088834
-0.0461329
-0.0176734
0.0170131
-0.0194487
-0.0291226
0.0221080
0.0050008
0.0232491
0.0203102
0.0274082
0.0234617
-0.0246524
0.0077881
