0.4028981
0.3207557
-0.0232457
-0.1752712
-0.1580903
-0.2253639
-0.1497260
-0.1315574
-0.0647261
0.0340761
0.0720334
0.0272295
0.0153931
0.0706727
0.0264200
0.0507368
0.0420558
-0.0500712
-0.1142531
-0.0966660
0.0597834
-0.0156022
-0.0584599
0.0362660
-0.0764283
0.0530396
-0.0691448
0.1020802
0.0832199
0.0525101
-0.0568483
0.0461073
-0.0164851
-0.0135449
0.0532138
0.0801361
-0.0190241
-0.0319494
0.0079804
-0.0228776
0.0934629
0.0063736
-0.0319074
0.0124819
-0.0333875
0.0318628
-0.0337778
0.0457439
-0.0007012
-0.0742028
-0.0589415
-0.0026502
0.0678728
-0.1125968
0.0272475
-0.0387262
-0.0030758
0.0362329
-0.0805827
-0.0531694
-0.0287688
-0.0977903
0.0388134
0.0712041
0.0155978
0.0550067
-0.0019089
-0.0547981
-0.0372374
0.0369130
-0.0324439
-0.0464780
0.0527714
0.0949120
-0.0692177
0.0512939
-0.0449305
0.0164691
0.0143616
-0.0042949
0.0307936
-0.0826870
-0.0276492
0.0177113
-0.0528501
-0.0262201
-0.0604252
-0.0239987
-0.0831429
-0.0246259
0.0429095
-0.0037389
0.0896146
0.0503618
-0.0270998
0.0566208
-0.0269632
-0.0432762
-0.0092918
-0.0019308
0.0434739
0.0206091
-0.0122825
-0.0526676
0.0186466
0.0257025
-0.0488895
-0.0484552
0.0374953
0.0444426
0.0223791
0.0534934
0.0876129
0.0500551
-0.0402863
-0.0378022
-0.0092287
0.0959732
-0.0013316
-0.0488408
0.0339407
-0.0958769
0.0686842
-0.0256238
0.0034615
-0.0069924
-0.0274441
0.0055097
-0.0369526
-0.0074245
-0.0321127
0.0803955
-0.0567926
-0.0136310
-0.0480578
-0.0172575
0.0207364
-0.0800224
-0.0053519
0.0007400
-0.0492230
0.0113732
0.0090590
0.0267118
0.0113939
-0.0590523
0.0313891
-0.0157843
0.0118671
0.0367103
0.0050594
0.0498081
0.0399107
0.0414008
-0.0424369
0.0552003
0.0772596
-0.0787172
0.0084232
0.0037171
-0.0156968
0.0377003
-0.0082827
0.0869676
0.0238340
0.0459509
0.1071200
0.0963217
0.0485531
0.0314478
0.0246494
0.0688986
-0.0827906
0.0447440
-0.0477858
-0.0026795
0.0145983
-0.0485816
-0.0354225
-0.0091292
0.0468936
-0.0489502
0.0384109
0.1089241
0.0863685
0.0846476
0.0590559
-0.0671455
-0.0176050
-0.1686860
-0.1877687
-0.1819122
-0.2374575
-0.1648590
0.0780988
0.3557491
0.6113065
0.3693331
0.0836053
-0.2164545
-0.2688399
-0.1877184
-0.1997199
-0.1314517
0.0315124
0.0059827
0.0522040
0.0373210
0.0790759
0.1467166
-0.0250693
0.0553489
0.0527856
-0.0470759
-0.0069464
-0.0020550
0.0128575
0.0128101
0.0438047
0.0323090
-0.0381680
0.0322090
0.1165505
-0.0094928
0.0195110
0.0544922
0.0885543
0.0153600
-0.0138607
-0.0083880
-0.0305537
-0.0970181
-0.0296532
-0.0177545
0.0031381
-0.0520871
-0.0582969
0.0284552
0.0623620
0.0223140
-0.0607274
-0.0211108
0.0363743
0.0374321
-0.0123766
0.0108324
0.0131892
-0.0422131
0.0774016
-0.0587473
-0.0059421
-0.0169450
-0.0474367
0.0551348
0.0378750
-0.0561022
-0.0058432
0.0105001
-0.0205414
-0.0408518
0.0128680
-0.0313833
0.1046334
-0.0107601
-0.0420391
-0.0384449
-0.0270338
-0.0315464
0.0214020
0.0519884
-0.0139660
0.0395170
0.0476196
0.0131588
0.0133890
-0.0273267
-0.0456978
-0.0771689
0.0092749
-0.0660061
-0.0283607
-0.0160130
0.0312330
0.0868093
-0.0656508
0.0792206
-0.0319576
0.0034175
0.0171921
0.0115169
0.0718840
0.0764851
0.0196798
0.0388437
-0.0108892
-0.0733723
-0.0522624
-0.0408359
0.0289603
-0.0891720
0.0740574
-0.0597619
-0.0282135
-0.0254681
0.0468309
-0.0294894
-0.0004137
-0.0423604
-0.0519070
-0.0012730
0.0037126
-0.0130489
-0.0321156
0.0443486
0.0647917
0.0638476
-0.0751019
0.0977015
-0.0220402
-0.0476111
-0.0077650
0.0268332
0.0459604
-0.0796694
-0.0659718
-0.0732185
0.0215687
-0.0198443
-0.0202639
-0.0342677
-0.0059915
-0.0193624
-0.0374363
-0.0108018
0.0740540
0.0267013
0.0193196
-0.0794003
-0.0589632
-0.0060097
-0.0697037
-0.0274046
-0.0298665
-0.0664842
-0.0141464
0.0024809
0.0897549
0.0715851
0.0493284
-0.0320259
-0.0743132
0.0026371
0.0900505
-0.0366192
-0.0781497
-0.0142579
-0.0151099
0.0985751
-0.0619015
0.0494072
0.0502707
0.0697262
0.0904482
0.0618521
-0.0308055
0.0160830
0.0301035
0.0432945
-0.0486926
-0.0320780
-0.0290061
0.0010026
-0.0420996
-0.0702884
-0.0794450
0.0148867
0.0657566
0.1356635
0.1520444
0.0659711
0.1149474
0.1412473
0.0798382
-0.1082646
-0.0740981
-0.0749763
-0.2579219
-0.3526570
-0.1963460
0.0082811
0.3611199
0.4438402
0.4441900
0.1266667
-0.0600045
-0.2439011
-0.2005245
-0.1918318
-0.1339864
-0.0008103
0.0444932
0.1143371
0.0711225
0.0177216
0.0415515
0.1530301
0.0647632
0.0168827
0.0346792
0.0158805
0.0306258
-0.0733218
0.0722543
-0.0403167
-0.0861308
-0.0225402
-0.0773719
0.0545599
0.0546558
-0.0636841
0.0360078
0.0020381
-0.0781536
-0.0656377
-0.0029597
-0.0532151
-0.0032299
0.0067042
-0.0209603
0.1185272
-0.0565055
0.0200191
-0.0011935
0.0036937
-0.0360622
0.0012942
-0.0072006
-0.0358686
-0.0677356
-0.0092482
0.0673498
-0.0606850
-0.0081282
0.0448956
0.0424761
-0.0577173
0.0638981
-0.0333915
-0.0377446
-0.0749565
0.0043500
-0.0487678
0.0136412
0.0494308
0.0234146
-0.0012069
0.0783049
0.0068692
0.0412709
-0.0639468
0.0049981
-0.0359863
0.0113219
-0.0148394
0.0753420
-0.0006154
-0.0329471
-0.0366384
0.0288470
-0.1035494
0.0149181
0.0271624
-0.0454323
-0.0217079
-0.0424020
0.0318466
-0.0406893
0.0441545
-0.0412198
0.0602970
-0.1016940
0.0472156
0.0604471
0.0505167
0.0104520
0.0683491
0.0267214
0.0664774
0.0449569
-0.0416214
0.0052123
0.1002038
0.0030809
-0.0097038
0.0493270
-0.0486179
-0.1002839
-0.0157858
-0.0084557
-0.0024001
