0.4525509
0.3077824
0.0708198
-0.0976303
-0.2441169
-0.2218514
-0.1691136
-0.0132420
-0.1044742
0.0224791
-0.0275560
0.0997678
0.1540094
0.1196285
0.0682540
0.0028317
0.0600193
-0.0000542
-0.0205036
-0.0117584
0.0381541
0.0009277
0.0446609
-0.0806944
-0.0155658
-0.0086651
-0.0308002
-0.0125807
-0.0174698
0.0602866
0.0802642
0.0448806
0.0668775
0.0091651
-0.0246930
0.0009072
0.0410058
0.0224388
-0.0997655
0.0531223
-0.0507320
0.0381785
-0.0342123
-0.0430193
0.0326750
-0.0014713
-0.0188969
-0.0233539
-0.0393099
-0.0035985
0.0495147
0.0331418
-0.0461117
0.0639511
0.0464698
0.0321279
0.0081022
0.0635628
-0.0057212
0.0250523
0.0436888
0.0395391
0.0107574
0.0159957
0.0221196
-0.0069224
0.0607927
-0.0370136
0.0660835
-0.0300886
-0.0556182
-0.0251289
0.0252240
-0.0209172
-0.0802901
0.0090375
0.0099958
0.0540988
0.0877860
0.0547122
0.0133396
-0.0748530
0.0568703
-0.0392224
-0.0415294
-0.0782110
-0.0235281
-0.0326292
-0.0157962
-0.0730834
0.0663415
0.0373754
0.0848191
0.0689075
0.0509041
0.0124458
0.0308204
-0.0391042
-0.0211323
0.0734033
-0.0056199
-0.0585567
0.0611368
-0.0096219
0.0447934
0.0122654
-0.0861612
0.0030342
-0.0306154
-0.0353966
-0.0693734
0.0512785
-0.0114990
-0.0709687
0.0877816
-0.0741677
-0.0124408
-0.0772690
-0.0086677
-0.0188950
0.0553993
-0.0860313
-0.0633768
0.0514276
-0.0717345
-0.0495671
-0.0825384
-0.0755769
0.0339740
0.0340963
-0.0593028
-0.0058141
0.0782028
0.0076755
0.0153339
0.0435682
-0.0613947
0.0237204
0.0826962
0.0062694
0.0012628
-0.0207215
-0.0822619
0.0378814
0.0802313
0.0039461
-0.0186313
0.0294560
-0.0306085
0.0572006
-0.0897810
0.0350243
-0.0881869
0.0482422
0.0818239
-0.0429506
-0.0528436
-0.0250451
0.0511429
-0.0647948
0.0471955
0.0223325
-0.0030211
0.0438792
0.0635134
0.0758749
-0.0638648
-0.0800088
-0.0869379
-0.0284888
-0.0440085
-0.0402919
-0.0340446
-0.0298227
-0.0608310
0.0079298
0.0314183
0.0694621
0.0872461
-0.0049732
-0.0963729
-0.0348361
0.0239125
0.0462277
-0.0557604
0.0241446
-0.0804765
-0.0671395
-0.0365462
-0.0000843
0.0423402
0.1484991
0.0804515
0.1420337
0.0536427
-0.0801644
-0.0476310
-0.1852875
-0.0608354
-0.1850298
-0.2262786
-0.1386465
0.1043223
0.2681521
0.4076776
0.2154900
-0.0030238
-0.0847142
-0.3247447
-0.1419828
-0.1940816
-0.0891860
-0.0280332
0.0820926
0.0123838
0.0511221
0.0764540
0.1119040
0.0607023
0.0480982
-0.0080413
-0.0632068
0.0313216
-0.0576656
0.0541644
-0.0190088
-0.0201336
0.0348391
0.0575687
0.0644185
-0.0386466
-0.0448155
0.0317303
0.0742699
-0.0437495
0.0421834
-0.0275863
-0.0619990
-0.0115732
-0.0625839
0.0363783
0.0385668
0.0371527
-0.0108304
0.0074667
-0.0753585
0.0060385
0.0478324
-0.0432696
0.0236307
-0.0640440
0.0862816
-0.0761515
-0.0092936
0.0841402
-0.0055098
-0.0413983
-0.0647585
-0.0799010
0.0016771
-0.0763439
0.0234541
0.0272486
-0.0499603
-0.0030258
-0.0770350
-0.0576412
-0.0467795
0.0400388
0.0113129
-0.0419281
0.0196724
0.0508865
0.0360531
0.0450996
-0.0855674
0.0299478
-0.0487798
0.0393051
-0.0803766
0.0753229
0.0834257
-0.0154255
-0.0828256
0.0470858
0.0544387
-0.0383815
-0.0758350
-0.0513774
-0.0505565
-0.0302505
-0.0694312
0.0703471
-0.0429907
-0.0546757
-0.0345551
-0.0612784
0.0184528
0.0847692
0.0423091
-0.0670683
0.0741541
-0.0846210
0.0454132
0.0556780
-0.0368674
0.0249731
0.0751997
0.0153507
-0.0661596
-0.0037212
0.0010424
0.0106183
0.0517156
-0.0748666
0.0279388
-0.0895960
0.0061190
-0.0797830
0.0209076
-0.0848621
-0.0059940
0.0428793
-0.0661630
0.0009471
-0.0589340
0.0518475
0.0724017
-0.0568683
-0.0362712
0.0711152
0.0157687
-0.0809113
0.0062826
0.0610486
0.0498500
0.0167547
-0.0741218
-0.0425015
0.0355841
-0.0450652
-0.0086841
-0.0109339
0.0042428
0.0596656
0.0774470
-0.0637301
-0.0003136
-0.0432963
-0.0820190
0.0572353
0.0657594
0.0915111
0.0820430
-0.0279567
-0.0118607
0.0478060
0.0539021
-0.0310395
-0.0158323
-0.0609596
-0.0329538
0.0645486
0.0068661
0.0843871
0.0166036
0.0598873
-0.0152805
0.0790775
0.0604985
-0.0776189
0.0361682
-0.0549166
-0.0281522
0.0300213
-0.0489197
-0.0855422
-0.1143704
-0.0020650
-0.0256432
0.1049177
0.0795155
0.0407463
0.0187236
0.0018177
0.0398320
-0.0243620
-0.0484317
-0.0943000
-0.0733078
-0.2475097
-0.2529156
-0.2327510
-0.2418741
0.0986183
0.4616273
0.6259752
0.4807781
0.0453886
-0.2763131
-0.3095909
-0.2248970
-0.1212052
-0.1535352
0.0165370
-0.0521812
0.1132588
0.0857427
0.1335270
0.0171633
0.1189123
0.0329574
-0.0509948
0.0587805
0.0427642
0.0164293
-0.0819829
-0.0540997
0.0035369
-0.0632367
0.0019131
-0.0511561
0.0537656
0.0200744
-0.0348946
-0.0470936
-0.0206487
-0.0201677
-0.0550057
0.0882336
0.0686453
-0.0441700
-0.0343080
0.0035078
-0.0124723
-0.0419890
0.0584120
0.0704279
-0.0311893
0.0201220
-0.0403120
0.0306521
-0.0163120
0.0614101
-0.0622067
0.0028836
0.0586584
-0.0196978
-0.0398355
-0.0260435
0.0548911
-0.0663046
0.0530684
0.0480910
-0.0391119
0.0341589
0.0584399
0.0593072
0.0360672
0.0182182
-0.0016704
0.0588813
-0.0037831
0.0112830
-0.0614631
-0.0427656
0.0876396
-0.0777814
0.0090230
0.0159684
-0.0296387
0.0257326
-0.0837966
0.0643836
-0.0116495
-0.0624003
0.0535660
0.0482119
-0.0076465
0.0526344
-0.0831544
-0.0426809
0.0144199
-0.0662589
-0.0747125
0.0002043
0.0396113
-0.0602854
0.0730530
0.0502833
0.0909090
0.0116022
-0.0358150
0.0839775
0.0322460
-0.0175813
0.0379189
0.0324015
-0.0612677
0.0096387
