0.4088622
0.3952192
0.2343174
0.0297920
-0.1898041
-0.2802400
-0.2441726
-0.1879034
-0.1034330
-0.0641662
-0.0423525
-0.0039771
0.0018038
0.0639372
0.1214418
0.0849599
0.0653155
0.0432267
0.0267056
0.0483832
0.0231384
-0.0244516
0.0210229
-0.0067882
-0.0659106
-0.0049539
-0.0567085
-0.0245047
0.0259523
-0.0008436
0.0462963
0.0429448
0.0407513
0.0106140
0.0373462
0.0260702
-0.0129348
0.0167684
0.0004652
0.0301503
0.0397833
-0.0181675
-0.0378316
-0.0390869
-0.0306536
-0.0358575
-0.0495392
0.0109656
0.0414066
0.0242157
0.0173489
0.0118461
0.0370301
0.0406612
-0.0048629
-0.0100282
0.0421373
0.0180792
-0.0314152
-0.0169839
0.0130123
0.0213599
-0.0197346
-0.0132640
-0.0395284
-0.0216686
0.0035638
-0.0182109
0.0414862
-0.0162498
0.0051672
0.0114325
-0.0413590
0.0248858
0.0369027
0.0407661
0.0364994
0.0270973
0.0330286
0.0357804
0.0255595
0.0284773
0.0371543
0.0130829
0.0281754
0.0224682
-0.0189835
-0.0483988
-0.0287268
0.0296144
-0.0045138
-0.0380397
-0.0078404
-0.0082731
-0.0309242
0.0138721
0.0194748
-0.0290101
0.0263051
0.0120323
-0.0215721
0.0116684
0.0007452
0.0156432
0.0252411
0.0051908
0.0110650
-0.0011817
-0.0350709
0.0084671
0.0364331
-0.0011395
0.0197057
0.0135427
-0.0249220
0.0279282
0.0118269
-0.0428096
-0.0020077
0.0255903
0.0437275
-0.0017892
-0.0062927
0.0234567
-0.0553323
-0.0341571
0.0419710
-0.0060553
-0.0178543
0.0058006
0.0043969
-0.0085621
-0.0227589
0.0223656
0.0301131
0.0106745
0.0062267
0.0283896
0.0356440
-0.0040361
0.0113110
0.0428691
0.0059217
-0.0324962
-0.0119298
-0.0028162
-0.0288518
-0.0147172
-0.0078408
-0.0308460
0.0172787
0.0033046
-0.0312825
0.0198183
0.0223617
-0.0039706
-0.0308411
-0.0112811
0.0353700
-0.0010249
-0.0314471
0.0149673
0.0475423
0.0385297
-0.0038003
-0.0229079
0.0193683
0.0522283
0.0257934
-0.0346560
-0.0564412
-0.0431376
-0.0580768
-0.0407062
0.0120993
-0.0088558
-0.0288378
-0.0125379
-0.0254740
0.0199248
0.0327730
0.0245487
0.0593240
0.0514888
0.0651623
0.0670066
0.0566342
0.0281392
-0.0348168
-0.0916029
-0.1523975
-0.1893911
-0.1882968
-0.1671802
-0.0911628
0.0822448
0.2669636
0.3830055
0.4090397
0.2756435
0.0448446
-0.1272552
-0.2445194
-0.2711166
-0.2129839
-0.1336169
-0.0293284
-0.0166320
-0.0323080
0.0299829
0.0446055
0.0603673
0.0833441
0.0441849
0.0417357
-0.0048610
0.0205363
0.0366109
-0.0228713
-0.0366889
-0.0738484
-0.0288416
-0.0431739
-0.0642041
-0.0146141
-0.0358087
-0.0079503
0.0357026
0.0048459
0.0190394
0.0046344
-0.0281108
-0.0123844
0.0141937
0.0453443
0.0242311
0.0109111
-0.0205430
-0.0502025
-0.0508976
-0.0500610
-0.0354308
-0.0394746
-0.0102503
0.0343171
0.0311684
0.0370983
0.0144276
-0.0263242
-0.0009784
0.0160967
0.0157307
-0.0084253
0.0305924
0.0287840
-0.0339819
0.0223913
0.0006485
-0.0478429
-0.0045744
0.0010038
-0.0276978
-0.0367180
-0.0218165
0.0265830
0.0487309
0.0049462
-0.0094941
0.0319804
0.0436572
0.0310484
0.0193025
0.0101941
0.0404921
0.0160067
0.0242688
0.0287488
-0.0359566
0.0149102
0.0291409
-0.0071755
0.0239702
0.0057958
-0.0141103
0.0065399
-0.0192297
-0.0258600
0.0016842
0.0267456
0.0258655
-0.0077687
0.0019577
0.0197411
-0.0202468
-0.0258538
0.0232400
0.0198885
-0.0061774
-0.0307348
-0.0201274
0.0365601
0.0292205
0.0251147
-0.0107145
-0.0354581
0.0129781
0.0231174
0.0340789
0.0411757
0.0289738
-0.0035282
-0.0455112
-0.0377017
-0.0351761
-0.0361986
0.0022479
-0.0065718
0.0190353
0.0140846
0.0087527
0.0232081
-0.0077099
0.0369023
0.0044692
-0.0088738
-0.0136020
-0.0432344
-0.0061390
-0.0093261
-0.0199473
-0.0153883
0.0273644
0.0066111
-0.0421259
0.0035634
0.0208214
0.0022361
0.0226415
0.0342511
0.0310793
0.0060555
0.0106295
0.0253865
-0.0019753
0.0315812
0.0219465
-0.0375403
-0.0026875
0.0080278
-0.0181078
0.0303227
0.0233963
-0.0436576
-0.0183594
0.0246482
0.0358037
0.0129175
-0.0121286
0.0408422
0.0466887
0.0101842
0.0218477
0.0383813
-0.0040713
-0.0260526
0.0113727
0.0004936
0.0100739
0.0047031
-0.0166746
-0.0347394
-0.0322322
0.0069508
-0.0416439
-0.0511478
-0.0220029
0.0174117
0.0211404
0.0084777
0.0469064
0.0285633
0.0547100
0.0496089
0.0454579
0.0605705
0.0003666
-0.0705855
-0.1257890
-0.1170799
-0.1664694
-0.2100190
-0.1998322
-0.1204779
0.0757561
0.2634801
0.4445702
0.4764715
0.2799469
0.0527151
-0.1782714
-0.3063174
-0.2349721
-0.1648789
-0.0925687
-0.0439786
-0.0436546
0.0077040
0.0695160
0.0698468
0.0573143
0.0935903
0.0636931
0.0390495
0.0709088
0.0275999
-0.0434865
-0.0292374
0.0037597
-0.0611567
-0.0715912
-0.0409146
-0.0309583
-0.0075338
-0.0238278
0.0130572
0.0408823
0.0188947
0.0183092
0.0184394
0.0333726
0.0443171
0.0058874
-0.0231305
-0.0008312
0.0006691
-0.0059908
-0.0200579
-0.0315062
-0.0020774
-0.0179098
-0.0139949
0.0130116
-0.0042351
0.0022951
0.0313551
0.0368712
0.0276799
0.0430711
0.0376573
-0.0111887
-0.0003813
0.0285122
-0.0214641
-0.0278693
0.0142343
-0.0007694
0.0104864
0.0340828
-0.0289380
-0.0489840
0.0187689
0.0249981
-0.0116843
0.0096245
0.0305279
0.0133387
-0.0279927
-0.0388400
0.0130379
-0.0206236
-0.0347186
0.0003832
0.0092209
0.0285161
-0.0291790
-0.0506952
-0.0186698
-0.0412021
0.0086774
0.0143435
-0.0395687
0.0371179
0.0254639
-0.0254886
0.0266794
0.0330218
0.0290119
0.0353630
-0.0092866
-0.0179966
-0.0112074
-0.0422763
-0.0052893
-0.0150383
-0.0181363
0.0400111
-0.0265544
-0.0197618
0.0262369
0.0343429
