0.5556704
0.4951796
0.1901084
-0.1044323
-0.1595810
-0.2851385
-0.2807840
-0.0976285
-0.1480034
-0.0818749
0.0150429
0.0058199
0.0297093
0.0753262
0.0288799
0.0052545
0.1179832
0.0445505
0.0024007
-0.1051472
-0.1018139
-0.0917881
-0.1202880
-0.1092940
-0.0161648
0.0043917
0.0460599
0.1016240
0.0393437
0.0082140
-0.0159793
-0.0526439
-0.0662028
-0.0575977
-0.0205884
-0.0636552
-0.0788436
-0.0327081
0.0045508
0.0118439
-0.0249239
0.0539405
-0.0732780
-0.0292623
-0.0423956
0.0209204
0.0512966
0.0117906
-0.0569026
-0.0000940
0.0687845
-0.0207572
-0.0162483
-0.0995107
-0.0276279
0.0243627
0.0211584
0.0258789
-0.0718203
0.0799334
0.0680785
0.0686946
-0.0638725
-0.0448401
0.0070872
0.0498373
0.0972007
-0.0653138
0.0109867
-0.0141087
0.0220769
0.0426559
-0.0486669
0.0439548
-0.0542518
0.0344049
0.0687265
0.0161380
0.0323937
-0.0106950
0.0581186
0.0934473
-0.0597642
-0.0031233
0.0104018
-0.0116260
0.0895675
-0.0026329
-0.0856477
-0.0479814
0.0684922
0.0349548
-0.0560951
0.0104355
-0.0070898
0.0555467
0.0333677
-0.0351333
0.0372512
0.0716318
0.0561602
0.0096572
0.0420506
0.0208710
0.0258185
-0.0425042
-0.0242090
0.0162520
-0.0277317
-0.0293843
-0.0613271
0.0055059
0.0593272
0.0026954
-0.0834821
-0.0041394
0.0670271
-0.0268813
0.0402170
0.0106192
0.0608466
-0.0357486
-0.0872731
-0.0025809
0.0390001
-0.0072705
0.0456198
-0.0029227
-0.1126404
0.0240677
0.0535590
0.0322737
-0.0034570
-0.0459199
-0.0191656
-0.0829554
-0.0317271
0.0116300
-0.0065798
-0.0594755
-0.0110478
0.0502724
0.0023917
-0.0488252
0.0277684
-0.0428969
0.0080252
0.0959763
-0.0441057
0.0461192
-0.0276757
-0.0294433
0.0926161
0.0156111
0.0510207
-0.0594222
-0.0649685
-0.0635399
0.0435730
0.0447944
0.0114658
-0.0210502
-0.0183112
-0.0132435
-0.0053044
0.0338871
-0.0771402
-0.0127806
0.0175476
0.0231989
-0.0439484
-0.0322639
0.0705852
-0.0274251
0.0893607
0.0269145
-0.0054303
-0.0563836
-0.0005562
0.0453617
0.0076741
-0.0197843
0.0355750
0.0744633
0.0409736
0.0275807
0.0271866
-0.0196479
-0.0409602
-0.0412168
0.0007466
0.0482551
0.0374817
-0.0437749
-0.0646658
0.0066492
-0.0617574
-0.0891749
-0.0863558
0.0305873
-0.0421110
-0.0777329
0.0331290
-0.0210411
0.0433892
0.1046387
0.0423870
0.0153895
0.0746403
0.0760962
-0.0768731
-0.1067032
-0.1051119
-0.2163271
-0.2208584
-0.1483263
-0.0263898
0.3038439
0.4213385
0.3309817
0.2639775
0.0637401
-0.2251493
-0.1756537
-0.1393555
-0.0798321
-0.0809223
-0.0566863
0.0809159
0.1051817
0.0388211
0.0045522
0.0303645
0.0199428
0.0953246
-0.0388854
0.0192800
0.0690315
-0.1005589
-0.0904479
-0.0697866
-0.0015876
0.0410814
-0.0703613
-0.0066290
-0.0222343
-0.0704336
0.0678074
-0.0233930
0.0249191
0.0828504
-0.0241599
-0.0005048
-0.0784810
-0.0386974
-0.0567788
-0.0112234
0.0439250
0.0233293
0.0670672
-0.0529739
-0.0459675
-0.0762446
-0.0796326
-0.0858952
-0.0145810
0.0156104
0.0664007
0.0557608
0.0130546
0.0168790
-0.1024875
-0.0477312
-0.0876677
-0.0543761
-0.0183149
-0.0410657
-0.0743977
-0.0305063
-0.0669987
0.0364517
-0.0470092
-0.0449743
0.0610798
0.0535777
0.0963568
0.0317225
-0.0835662
-0.0000511
0.0239031
-0.1000986
-0.0374920
-0.0440289
-0.0226113
0.0399950
-0.0592292
-0.0091660
-0.0877693
-0.0409925
-0.0833759
-0.0070626
-0.0457225
0.0312511
-0.0229198
-0.0136489
0.1379317
-0.0441889
-0.0158054
0.1012900
-0.0346550
-0.0571083
-0.0550611
-0.0092900
0.0267257
-0.0826436
0.0391549
-0.0288672
-0.0057142
-0.0810088
-0.0523096
-0.0599381
-0.0095092
0.0684136
0.0715976
-0.0460690
0.0306974
-0.0200619
-0.0335248
0.0423742
-0.0758860
-0.0332748
-0.0761024
-0.0272480
-0.0920055
-0.0213523
0.0776248
-0.0457966
0.0788984
-0.0131157
0.0046727
0.0580958
0.0609279
-0.0048628
-0.0024962
0.0290932
-0.0429516
-0.0390838
-0.0232469
0.0155673
0.0483769
0.0178828
-0.0156529
-0.0526258
-0.0920544
-0.0623101
-0.0828314
-0.0446060
0.0612113
0.0808845
0.0476413
-0.0580773
-0.0771756
0.0437706
0.0541012
0.0337868
0.0687659
-0.0283622
-0.0459231
0.0765946
0.0524227
0.0458190
0.0623827
-0.0061188
-0.0547107
-0.0742163
-0.0525067
-0.0434276
0.0749513
0.0173143
-0.0331988
0.0631600
-0.0131281
-0.0548746
-0.0152592
0.0593720
0.0343638
0.0562930
0.0692586
-0.0128246
0.0467077
0.0760792
0.0546424
0.0320839
0.0795122
0.0339157
0.0440359
0.0600225
0.0409415
0.0874778
0.0439625
0.0626021
0.0663926
0.0371333
0.0293968
-0.0242968
-0.0521125
-0.0169161
-0.0396950
-0.0182633
-0.0100759
-0.0267735
0.0144409
-0.0586106
-0.0171631
-0.0302145
-0.0082792
0.0598493
0.0933983
0.0276202
0.1098924
0.1481070
0.0453882
-0.0355204
0.0308616
-0.0448208
-0.1339056
-0.0921176
-0.2055031
-0.1972106
-0.2010043
-0.0957036
0.1553684
0.3248763
0.5671558
0.4060947
0.1122153
-0.2004561
-0.3177958
-0.2261212
-0.2365461
-0.1002075
-0.1217618
-0.0305974
-0.0125017
0.0281298
0.1186882
0.0283939
0.1183405
0.1354205
0.1048870
0.0368355
0.0098647
-0.0300666
-0.1085353
-0.0796834
-0.0839598
-0.0519503
0.0342660
0.0055258
-0.0009575
-0.0423858
0.0070990
-0.0099220
0.0009138
0.0242758
-0.0453331
0.0100473
0.0025918
-0.0328278
-0.0452062
-0.0186449
0.0658780
0.0585567
0.0278061
-0.0241533
-0.0243298
0.0748974
-0.0800675
0.0221755
-0.0260627
-0.1023845
0.0693225
0.0129725
0.0589486
0.0628558
-0.0091404
0.0523502
-0.0057753
-0.0825367
-0.0038356
0.0742145
0.0025616
-0.0645639
-0.0848123
0.0142868
0.0244019
0.0529436
0.0388468
0.0282244
-0.0126343
