0.4423396
0.3305385
-0.0199082
-0.1447299
-0.5341436
-0.5424584
-0.1745220
-0.0535119
0.0761109
0.2687082
0.1182951
0.1404761
0.1584553
0.1325410
0.0825324
-0.0939763
-0.0932628
-0.1156998
-0.1798674
0.0296979
-0.0764269
-0.0670469
0.0783165
-0.0509143
0.0753847
0.0702820
0.0488459
-0.0027557
0.0936362
0.0524170
0.0366123
-0.0080435
-0.0511850
-0.1127038
-0.0317214
-0.1111869
-0.0316729
0.0194136
0.0371650
0.0983642
0.0095094
0.0940203
0.0484707
0.0342613
0.0841728
0.0753996
-0.0437667
0.0182996
0.0868986
0.0432719
0.0896687
0.0774639
0.0708762
0.0615116
-0.0128468
-0.0939458
0.0899626
0.0298236
0.0591365
0.0700994
-0.0108606
-0.0066844
0.0160535
-0.0721412
-0.1599919
-0.2060352
-0.2623430
-0.0935529
0.0571243
-0.0404123
0.2026983
0.4780327
0.4969390
0.2382332
-0.0135347
-0.4333939
-0.5188274
-0.4393689
-0.0837086
0.0701765
0.2447198
0.2126649
0.1844356
0.1276481
0.1476358
-0.0498476
-0.0924559
-0.1029325
-0.1483057
-0.1534940
-0.0425297
0.0368814
-0.0427540
-0.1109356
-0.0371068
0.0021104
0.0128554
0.1482137
0.0433132
0.0058530
0.0632754
-0.0939803
0.0371245
0.0188179
-0.1354738
0.0534464
-0.0021752
-0.0946986
0.0141808
0.0123245
-0.0032873
0.0685022
0.0265344
0.1495645
0.1034317
0.0897954
-0.0062204
-0.0772999
0.0392286
-0.1050809
-0.1038170
-0.1184023
-0.0300664
0.0013880
-0.0385884
0.0163051
0.0015367
0.0030259
0.0091187
0.0867531
0.1378673
0.0631948
0.1278888
-0.0646191
0.0314608
-0.1554037
-0.1331100
-0.1499828
-0.1001972
-0.0926257
-0.1017560
-0.0410709
0.1319389
0.4696813
0.3764943
0.4262932
0.0387061
-0.3156006
-0.6342662
-0.5910896
-0.1353233
-0.0260212
0.1084540
0.1550105
0.1167844
0.1540149
0.1496044
0.0117337
0.0639202
-0.1632158
-0.0518718
-0.1907726
-0.0490491
-0.0110522
-0.0466628
0.0926299
-0.0311196
0.1089786
0.0759047
0.0750017
0.0997805
-0.0504816
0.0832348
-0.0433742
0.1365839
-0.0164700
-0.0770887
-0.1465907
-0.0480522
-0.0153510
-0.0931334
0.0785738
0.0431906
-0.0576906
-0.0162848
0.1289365
0.0699278
0.1241965
-0.0248715
-0.0626637
-0.0824531
-0.0578144
-0.0373900
-0.0513792
0.0500242
0.0362147
-0.1046559
-0.0501709
0.0845300
-0.0533417
-0.0863493
0.0386403
0.0087946
0.0067247
0.0142856
-0.0762044
0.0653978
0.0477070
0.0042991
0.0326200
-0.2041075
-0.0406376
-0.2112980
0.0248189
0.1177683
0.0523615
0.1941435
0.3631301
0.2893211
0.1643356
-0.2087501
-0.4677652
-0.4364290
-0.3513047
-0.0140085
0.2297121
0.2454782
0.2136221
0.2541169
0.0681974
0.0212918
-0.0330200
-0.1331509
0.0428259
-0.0961151
0.0017544
-0.0638758
-0.0834184
0.0391361
-0.0629946
-0.0091953
-0.0375918
0.1565040
0.0728517
0.0851222
0.0288810
-0.0341079
-0.0723178
-0.1022200
0.0395987
0.0778903
0.0111669
-0.0040497
-0.0419461
-0.0744217
-0.1099301
0.0468899
0.0066418
0.0431392
0.0349331
0.0049562
-0.0525511
-0.0494568
-0.0794817
-0.0338631
-0.0200211
0.0482143
0.0646616
-0.1054941
0.0658325
0.1067750
-0.0190173
-0.0815172
0.0746307
0.0004598
0.0541053
0.1532058
-0.0790399
-0.0512498
-0.0892690
0.0318328
-0.0517849
-0.1764560
-0.1250970
-0.1570225
-0.0277652
0.0781684
0.3011259
0.3516700
0.3523862
0.3455133
-0.0400081
-0.3231609
-0.5856349
-0.4895543
-0.2972184
0.0389541
0.2657016
0.1834160
0.3161893
0.2414675
0.0716710
0.0969482
-0.0305195
-0.1158481
-0.1140281
0.0123055
-0.0927105
-0.2159370
-0.1606391
-0.1366965
-0.0190388
-0.0152181
-0.0821350
0.0798124
0.0184841
0.1145824
-0.0272082
-0.0061253
0.0405448
-0.0635960
-0.0637456
-0.1403060
-0.0851980
0.0259146
0.0126100
0.0539290
0.1110117
0.0119767
0.1088888
-0.0160242
-0.0230839
0.1379033
-0.0805053
0.0938159
-0.0020168
-0.0792055
-0.0827081
-0.1481540
-0.0013659
-0.1359092
0.0195409
-0.1133651
0.0932600
-0.0779840
0.0601017
0.1050080
0.1311291
-0.0262968
0.1449475
0.0523918
0.0197302
-0.0678008
0.0139230
-0.1023720
-0.2291313
-0.0449855
-0.0858013
-0.0743519
0.1236367
0.0583354
0.3063781
0.3147465
0.4515443
0.0439180
-0.3274389
-0.4263903
-0.5302612
-0.2220355
0.0086762
0.1869261
0.0819251
0.2069235
0.2364874
0.1493835
0.0173080
-0.0303507
-0.0319812
-0.1930096
-0.1816586
-0.1306731
-0.0144375
-0.0177626
-0.1341641
0.0499020
0.0290533
0.0843265
0.0144037
-0.0168502
0.0169469
0.0366850
0.0621860
0.0640007
0.0094100
-0.0244142
-0.0670645
-0.0489237
-0.0219098
0.0531848
-0.0461378
0.0715383
0.0294291
0.1150390
0.1215635
0.1352139
-0.0174178
0.0548057
-0.0565044
-0.0764090
0.0262467
0.0138263
-0.0630033
0.0102141
0.0777274
-0.0128034
0.0466046
0.0249336
0.0521908
0.1246993
0.0060509
0.0347833
0.0525562
0.0069061
0.1014103
0.0433104
-0.0315399
-0.1669862
-0.2273786
-0.1217644
-0.0143665
0.0039593
0.1323319
0.1893547
0.2797559
0.3056299
0.1407470
-0.1914871
-0.3950789
-0.5164383
-0.4991680
-0.1457735
0.1942840
0.1912028
0.1264227
0.2257487
0.0555070
0.1514458
0.0375336
-0.1919243
-0.0946459
-0.1768379
-0.0782115
0.0106322
-0.1219478
-0.0784539
-0.0196201
0.0714567
-0.0338596
0.0918895
-0.0360281
0.0858933
0.1108534
-0.0824861
-0.0904338
-0.0202569
-0.0976008
0.0306894
-0.0910518
-0.0993037
-0.1112490
0.0041528
-0.0264813
0.0208286
0.0610913
-0.0562368
0.0078051
0.0162471
0.0557889
-0.0706971
-0.1001241
-0.0168231
-0.1089812
-0.1447114
0.0126100
-0.0064736
-0.0912059
-0.0374333
-0.0651605
0.1124112
-0.0639370
-0.0027666
0.0348056
-0.0668361
-0.0268763
0.0816109
-0.1047888
-0.0477939
-0.0214263
-0.1354330
-0.0435807
