0.0683828
0.0565571
0.0093158
-0.0532570
-0.0771379
-0.0610410
-0.0243554
0.0255913
0.0335425
0.0256776
0.0152583
-0.0066579
0.0087206
0.0041519
0.0056072
0.0069275
-0.0121614
-0.0127161
-0.0055701
0.0034457
0.0054294
0.0032330
-0.0085749
-0.0115981
-0.0066412
-0.0049069
-0.0006875
-0.0038504
-0.0055652
-0.0011335
-0.0014585
0.0035375
-0.0013620
-0.0022608
-0.0005798
-0.0017456
0.0052138
0.0001348
0.0027557
-0.0029964
-0.0091270
-0.0047166
-0.0081056
-0.0097450
-0.0031909
0.0075544
0.0078698
-0.0039190
-0.0058024
0.0013550
0.0072780
0.0005815
0.0016388
0.0090349
-0.0013426
-0.0006660
-0.0056172
0.0009953
0.0066507
-0.0042272
-0.0108092
-0.0089727
0.0038753
-0.0003648
-0.0022107
-0.0000006
-0.0067260
0.0034068
0.0035634
-0.0041606
0.0091140
0.0061957
-0.0047756
-0.0047036
0.0005278
-0.0055010
-0.0037433
0.0088016
0.0023297
-0.0050098
-0.0007422
0.0019550
-0.0053135
0.0028350
0.0000791
-0.0052234
0.0096047
0.0071300
0.0063790
0.0060866
-0.0049212
-0.0028344
0.0043333
0.0053415
0.0031695
0.0006510
-0.0003059
-0.0062090
-0.0022832
0.0068886
0.0075656
-0.0022215
0.0025297
0.0064760
-0.0096705
-0.0040378
-0.0008059
-0.0105872
0.0015354
0.0031265
-0.0024253
-0.0029660
-0.0088340
-0.0008455
0.0003851
-0.0014009
0.0010258
0.0006933
-0.0017601
0.0032662
0.0034716
-0.0025913
0.0023187
0.0029170
0.0077534
0.0020297
0.0020893
0.0003277
-0.0081872
0.0030157
0.0073768
0.0052584
-0.0026506
-0.0030104
-0.0070663
-0.0005416
0.0043489
-0.0027238
-0.0013440
-0.0059009
0.0051447
0.0022709
-0.0050339
-0.0002426
-0.0058444
-0.0041548
0.0059439
0.0042462
0.0004673
0.0069644
0.0002571
-0.0099165
-0.0023334
0.0078733
-0.0019815
-0.0080520
-0.0027789
-0.0079288
0.0069960
0.0030715
-0.0058465
-0.0052307
-0.0069328
0.0064039
0.0079938
0.0073613
-0.0041451
-0.0087566
0.0019800
0.0062391
0.0053055
0.0085150
0.0073638
0.0040643
0.0073847
-0.0038454
0.0007341
0.0004281
-0.0052248
-0.0005918
-0.0034056
0.0004129
-0.0033960
0.0010315
-0.0004525
-0.0002033
0.0030739
0.0032475
0.0080134
0.0044821
0.0060545
-0.0010179
-0.0169940
-0.0190053
-0.0151630
-0.0133954
-0.0074158
-0.0037645
0.0108019
0.0424972
0.0642014
0.0718927
0.0348524
-0.0434991
-0.0919249
-0.0839865
-0.0440709
0.0001058
0.0354911
0.0455244
0.0271920
0.0095353
0.0069059
0.0037342
0.0055954
0.0068463
-0.0094342
-0.0122059
-0.0013489
-0.0084249
-0.0027299
-0.0039632
-0.0133159
-0.0006390
0.0025798
0.0036641
-0.0056929
0.0044453
0.0034913
-0.0043179
0.0057547
0.0026162
0.0084368
0.0068944
0.0072590
0.0043820
-0.0098284
-0.0036488
-0.0010269
-0.0074596
0.0047976
0.0071334
-0.0021731
-0.0053568
-0.0051434
-0.0044760
0.0043925
0.0076926
0.0018576
-0.0009257
-0.0059917
0.0027095
0.0064079
-0.0084638
-0.0011577
0.0031965
-0.0086672
-0.0078938
-0.0076834
0.0024077
0.0077915
0.0007077
0.0106084
0.0026347
-0.0028449
0.0081228
-0.0052286
-0.0010588
0.0039973
0.0005514
0.0074257
-0.0015535
-0.0065196
0.0064235
0.0044731
-0.0072169
-0.0050173
0.0072110
0.0044317
-0.0026554
-0.0020319
-0.0036491
-0.0076584
-0.0026830
0.0032317
-0.0056085
0.0031018
-0.0003121
-0.0070301
0.0073315
0.0044230
0.0038599
0.0058917
0.0003136
0.0046392
-0.0030347
0.0012996
0.0059758
-0.0072211
-0.0025979
0.0002788
-0.0000998
0.0006158
0.0033879
-0.0018009
-0.0064806
-0.0040691
-0.0012506
0.0046881
0.0076908
0.0041144
-0.0069571
0.0015111
0.0037427
-0.0002713
0.0059718
0.0050045
0.0079353
0.0058658
0.0055630
0.0023623
-0.0045322
0.0007571
0.0017002
-0.0024507
-0.0046851
-0.0076496
0.0033135
0.0088800
0.0038058
0.0029245
0.0086818
0.0030722
-0.0068914
-0.0007388
-0.0041946
-0.0080203
-0.0043280
-0.0069841
-0.0040050
0.0022078
0.0036945
0.0050562
0.0023862
0.0044452
0.0081008
-0.0019702
-0.0110100
-0.0074512
-0.0085440
-0.0076688
-0.0004529
-0.0057799
-0.0028153
0.0109624
0.0017735
-0.0075849
-0.0057722
-0.0042320
0.0031705
0.0024495
-0.0026097
-0.0067759
-0.0099640
-0.0094100
-0.0109421
-0.0079967
-0.0026856
0.0026369
0.0070884
-0.0032115
0.0011430
0.0128022
0.0065141
0.0014905
0.0004734
-0.0054407
-0.0106987
-0.0105265
-0.0100675
-0.0054148
0.0025334
0.0026515
0.0005623
-0.0069747
-0.0021494
0.0178593
0.0073770
0.0044220
0.0040875
-0.0075464
-0.0133785
-0.0246537
-0.0185861
-0.0053036
0.0104797
0.0489095
0.0685982
0.0529679
0.0059160
-0.0543609
-0.0835467
-0.0708643
-0.0204874
0.0215820
0.0352517
0.0300735
0.0188717
0.0001449
-0.0069948
0.0044081
0.0065923
0.0084442
-0.0006477
-0.0011243
0.0059695
-0.0079269
-0.0035261
0.0022286
-0.0079339
0.0044438
0.0024259
-0.0045701
-0.0051666
-0.0029915
0.0004031
0.0006333
0.0015621
-0.0052714
0.0004085
-0.0014199
0.0037940
0.0015371
-0.0074997
-0.0051288
-0.0000377
0.0060098
-0.0068963
0.0005440
0.0093531
0.0015994
0.0031769
0.0026247
-0.0053846
-0.0011197
0.0022959
-0.0091957
-0.0031503
-0.0039074
0.0025031
0.0036685
-0.0029250
0.0113487
0.0069746
0.0068264
0.0100134
0.0020953
-0.0005886
-0.0062133
-0.0039381
-0.0001296
-0.0007836
0.0102006
0.0062511
-0.0003873
-0.0067186
-0.0068529
0.0019158
0.0024059
-0.0038857
-0.0077049
0.0037156
0.0065460
-0.0004959
-0.0069196
0.0042947
0.0041640
-0.0005573
0.0077937
-0.0012696
0.0068042
0.0018593
-0.0056341
0.0017178
-0.0021435
-0.0068027
-0.0051037
-0.0011569
-0.0043115
0.0009660
0.0072742
-0.0011757
-0.0057735
0.0015025
0.0052396
0.0013777
-0.0102625
-0.0134421
0.0033399
0.0046354
