0.0823066
0.0661618
0.0355214
-0.0035672
-0.0268912
-0.0192494
-0.0058217
-0.0056734
-0.0157345
-0.0064803
-0.0023092
-0.0091568
0.0096229
0.0150208
0.0084478
0.0076910
0.0023033
-0.0020991
0.0035891
0.0070169
0.0006106
0.0018318
-0.0022163
-0.0002116
0.0008052
-0.0095507
-0.0130766
-0.0126000
-0.0023330
-0.0034695
-0.0044392
-0.0054673
-0.0071658
0.0035114
0.0020006
0.0054132
0.0093055
-0.0008206
-0.0036897
0.0033343
0.0017679
-0.0033772
-0.0077068
-0.0130426
0.0041879
0.0014250
-0.0042787
0.0082270
0.0025151
0.0070832
0.0018471
-0.0015559
0.0014246
-0.0077123
-0.0053207
0.0000783
0.0044012
0.0101793
0.0031761
-0.0035842
-0.0011111
0.0006832
-0.0002717
-0.0030305
0.0018898
0.0043500
-0.0021535
-0.0104068
-0.0080082
-0.0050237
-0.0082810
0.0007000
0.0020205
-0.0067321
-0.0075555
-0.0086568
-0.0068604
-0.0052176
-0.0095973
-0.0053323
-0.0007216
0.0006638
0.0051746
0.0045653
0.0059379
-0.0005238
-0.0127727
0.0007755
0.0003531
-0.0073966
0.0054317
0.0107868
0.0114945
0.0036614
0.0009977
0.0009195
-0.0013364
0.0019076
0.0027334
-0.0059080
-0.0095146
0.0065839
0.0032545
0.0043801
0.0074384
-0.0079001
0.0032670
0.0137632
0.0045556
-0.0035601
0.0012286
0.0017811
0.0001774
0.0035791
-0.0075570
-0.0078748
0.0036150
0.0018304
0.0003013
0.0027256
0.0007335
0.0067017
0.0095426
-0.0014077
0.0044566
0.0030367
-0.0065661
0.0026566
0.0064929
0.0006899
-0.0080149
0.0049957
0.0090549
-0.0048944
0.0003179
0.0009202
-0.0088706
-0.0089050
0.0033057
0.0061836
-0.0035661
0.0001416
0.0080090
0.0079848
0.0084053
-0.0046701
-0.0006477
0.0118373
0.0113681
0.0066100
0.0014364
0.0091139
-0.0080097
-0.0066396
0.0058444
-0.0036341
0.0018058
-0.0020093
-0.0119072
-0.0124841
-0.0087433
-0.0047046
0.0024700
0.0054274
0.0004404
0.0056243
0.0072206
-0.0041106
0.0047477
0.0025059
-0.0103860
-0.0105617
-0.0182440
-0.0059824
-0.0073044
-0.0116427
-0.0122834
-0.0037254
0.0159715
0.0089610
0.0149216
0.0045496
-0.0019472
-0.0021307
-0.0097342
-0.0077205
-0.0199474
-0.0096445
0.0140766
0.0378962
0.0545968
0.0288127
-0.0258724
-0.0623125
-0.0708363
-0.0511398
0.0200937
0.0809974
0.0799954
0.0518844
0.0023927
-0.0366201
-0.0250868
-0.0140846
-0.0134439
-0.0085188
-0.0104177
-0.0104642
-0.0020468
0.0101543
0.0071811
0.0104947
0.0077868
-0.0104256
-0.0014856
0.0078047
0.0007733
0.0080920
0.0005749
-0.0105962
-0.0027756
0.0043593
0.0029322
-0.0086852
0.0004225
0.0106317
-0.0027227
0.0028856
0.0080811
-0.0005382
0.0081354
-0.0014990
-0.0121368
0.0031601
-0.0038799
-0.0025050
0.0074900
-0.0074957
0.0038370
0.0087357
0.0005608
0.0013456
0.0001590
0.0041469
-0.0022676
-0.0111599
-0.0090067
0.0043194
0.0036410
-0.0061687
-0.0039207
0.0001628
0.0059882
0.0048876
-0.0039705
-0.0024560
0.0018266
0.0014321
0.0082936
0.0066094
-0.0006932
0.0115143
0.0005728
-0.0051741
0.0005568
-0.0095641
-0.0026858
-0.0022536
0.0070954
0.0014198
0.0010008
0.0097764
-0.0038077
0.0047605
0.0031368
-0.0081808
-0.0056481
0.0026683
0.0030223
-0.0052799
-0.0068902
0.0002915
0.0102596
-0.0010102
-0.0089607
0.0005667
0.0063306
0.0114810
0.0098293
0.0037357
0.0000464
-0.0033965
-0.0038993
-0.0022164
-0.0033996
-0.0040582
-0.0066274
-0.0101391
0.0032634
0.0161701
0.0069298
0.0001397
0.0027398
0.0038345
0.0076425
0.0046732
-0.0024483
-0.0016680
-0.0066549
-0.0083897
0.0039972
0.0087501
0.0090086
0.0026735
-0.0033055
-0.0023514
-0.0007605
0.0030113
-0.0030669
-0.0002388
-0.0007924
-0.0047845
0.0066849
0.0057932
-0.0045102
-0.0037726
-0.0038756
-0.0114336
-0.0077350
0.0070479
0.0001477
-0.0088494
0.0055091
0.0017858
0.0009972
0.0058901
-0.0007677
-0.0066096
-0.0127112
-0.0076449
-0.0068956
-0.0054865
-0.0059851
0.0010246
0.0073292
0.0017923
0.0113729
0.0055352
-0.0083536
-0.0063043
-0.0009219
0.0012713
-0.0091455
-0.0120190
0.0019897
-0.0027645
-0.0130939
-0.0099106
-0.0055416
0.0019903
0.0021335
-0.0067614
-0.0022011
0.0140778
0.0091604
-0.0008963
-0.0003249
-0.0066648
-0.0024019
0.0052855
-0.0053813
-0.0133085
0.0009084
-0.0029708
-0.0118162
0.0010450
-0.0039161
0.0072915
0.0091924
0.0110816
0.0262120
0.0135740
0.0103033
-0.0000344
-0.0110342
-0.0147442
-0.0226523
-0.0267887
-0.0102748
0.0213237
0.0351708
0.0340100
-0.0080790
-0.0621502
-0.0773762
-0.0426780
0.0248871
0.0696437
0.0856792
0.0568167
0.0030098
-0.0310152
-0.0370459
-0.0287661
-0.0219455
-0.0120501
-0.0182869
-0.0071019
0.0048474
0.0099233
0.0139740
-0.0047715
0.0083827
0.0089841
-0.0045392
0.0044946
0.0069672
0.0011579
-0.0084333
-0.0102328
0.0004583
0.0132850
-0.0017205
-0.0067328
0.0070896
-0.0058290
-0.0045580
0.0066761
-0.0050206
-0.0005178
0.0027954
-0.0006183
0.0111137
0.0046246
-0.0066329
-0.0089979
0.0052152
0.0034351
-0.0118665
-0.0058745
-0.0078131
-0.0063136
-0.0013968
0.0028901
0.0025450
-0.0015408
0.0011929
0.0000192
0.0022287
0.0081895
0.0115350
0.0099487
-0.0018968
-0.0083395
-0.0025996
0.0009132
0.0000018
-0.0079826
-0.0059075
0.0054157
0.0001420
0.0003563
0.0072360
-0.0035557
-0.0045698
0.0008902
0.0008058
0.0099133
0.0061696
-0.0068257
-0.0078585
-0.0099343
-0.0013711
0.0096731
0.0046891
-0.0046114
-0.0061143
0.0104757
0.0152847
0.0013636
-0.0020078
-0.0005133
0.0015860
0.0104897
0.0031243
-0.0098804
-0.0009278
-0.0068615
-0.0051981
0.0084826
-0.0053888
-0.0077673
-0.0041834
-0.0030946
0.0030275
-0.0027189
-0.0106152
-0.0018582
0.0066971
-0.0002142
