0.0578729
0.0445964
0.0100548
-0.0353854
-0.0565755
-0.0515627
-0.0261168
0.0180499
0.0350163
0.0253538
0.0025375
-0.0058523
0.0005006
0.0067416
0.0080397
-0.0042848
-0.0055827
-0.0058491
-0.0040722
0.0024035
0.0000389
-0.0083534
-0.0080517
0.0026844
-0.0035377
-0.0108250
0.0062505
0.0031451
-0.0028911
-0.0028247
-0.0081131
0.0062176
-0.0005778
-0.0031059
0.0048981
0.0007367
0.0082922
0.0047299
-0.0063567
-0.0000953
-0.0025015
-0.0057343
-0.0028357
0.0043228
0.0035675
-0.0036117
0.0034441
0.0033555
0.0007111
-0.0040087
-0.0044492
-0.0060662
-0.0055982
0.0052070
0.0093018
0.0094610
-0.0023680
-0.0089124
-0.0048956
-0.0078701
-0.0046906
-0.0028945
-0.0074346
0.0000710
0.0017920
-0.0027454
0.0035376
0.0044560
0.0062580
0.0071565
0.0007641
0.0063256
0.0002694
-0.0090806
-0.0021365
-0.0027247
-0.0053766
-0.0043599
-0.0032513
-0.0000997
-0.0066322
-0.0035043
-0.0037520
-0.0061275
0.0048268
0.0029836
-0.0004867
-0.0043255
-0.0078441
-0.0085400
-0.0007795
0.0080734
0.0074764
0.0077827
-0.0018089
-0.0087211
0.0042155
0.0032296
-0.0041500
0.0004878
-0.0066735
-0.0081854
0.0050048
0.0065386
0.0024113
0.0038638
-0.0042830
-0.0012215
0.0035672
-0.0051842
0.0052314
-0.0006295
-0.0110079
0.0054286
0.0067645
-0.0007018
0.0073523
0.0067007
-0.0047665
-0.0061502
-0.0026831
0.0008036
-0.0011444
-0.0105635
-0.0043246
0.0047544
-0.0048386
-0.0012642
-0.0000313
-0.0055243
-0.0032808
-0.0017954
0.0029595
-0.0005413
-0.0048453
-0.0044809
0.0031479
0.0069631
0.0041514
-0.0002946
-0.0079001
0.0003413
0.0069732
-0.0023714
-0.0008834
0.0048995
-0.0018952
-0.0036897
0.0012906
-0.0021604
-0.0076333
-0.0033953
0.0004776
0.0021474
0.0011336
-0.0058703
0.0000295
0.0101188
0.0031733
0.0032269
0.0100251
0.0034229
-0.0041711
-0.0026066
-0.0044678
-0.0106018
-0.0028677
-0.0031627
-0.0073298
-0.0031905
-0.0017143
0.0074568
0.0053850
-0.0059642
0.0045597
0.0076336
-0.0004804
0.0015409
-0.0045632
-0.0072150
0.0049858
0.0066283
-0.0061953
-0.0072729
-0.0002703
0.0038749
0.0070519
0.0011797
0.0007455
0.0143573
0.0140579
0.0046404
0.0028198
-0.0139333
-0.0233195
-0.0146800
-0.0217489
-0.0152875
-0.0018940
0.0214206
0.0502571
0.0640676
0.0545618
-0.0001646
-0.0508867
-0.0695591
-0.0465768
-0.0060823
0.0197262
0.0350556
0.0223594
0.0021325
0.0016958
-0.0034923
0.0025030
0.0118022
-0.0002940
-0.0104099
-0.0094882
-0.0005784
-0.0012505
-0.0078251
-0.0042210
0.0001243
-0.0018687
-0.0024760
-0.0037533
-0.0011775
0.0054498
-0.0033887
-0.0034244
-0.0030240
-0.0080503
0.0022038
0.0030659
0.0045152
0.0044360
-0.0096579
-0.0010460
0.0000765
-0.0058799
0.0004092
-0.0085186
0.0033702
0.0067988
0.0001181
0.0035073
-0.0019589
-0.0038588
0.0007377
0.0047598
0.0045325
0.0043120
0.0036975
0.0010764
0.0060123
0.0035985
-0.0064417
0.0009743
0.0063715
0.0042699
-0.0030837
-0.0095133
-0.0057655
-0.0031936
-0.0035087
-0.0053188
-0.0015059
0.0063747
0.0015447
-0.0091153
-0.0024654
-0.0005004
-0.0068254
0.0022166
-0.0018963
-0.0085153
-0.0013303
0.0005653
-0.0033971
-0.0037677
0.0013888
-0.0032764
-0.0078892
0.0019333
-0.0011938
-0.0048525
0.0027762
-0.0027897
-0.0061888
-0.0043694
-0.0050103
-0.0060295
-0.0018750
-0.0052220
-0.0048984
0.0056945
0.0022382
0.0033422
0.0006228
-0.0073000
-0.0010411
0.0059047
0.0037378
0.0026621
0.0009192
-0.0055756
0.0013884
0.0033843
-0.0043508
0.0040582
0.0044211
-0.0059195
-0.0040175
-0.0073497
-0.0065700
-0.0010094
0.0005073
0.0041143
-0.0042079
-0.0067788
0.0039012
0.0009452
0.0025626
0.0056358
0.0024551
0.0044175
0.0021382
0.0050173
0.0074458
-0.0015547
-0.0071481
-0.0002573
0.0108263
0.0053832
-0.0016011
0.0046388
-0.0005752
0.0028534
0.0031342
-0.0018147
0.0027752
0.0038856
-0.0026154
-0.0095133
0.0019400
0.0006328
-0.0011864
0.0109059
0.0023681
-0.0098605
-0.0043015
0.0015159
0.0013292
0.0004699
-0.0008402
0.0001844
0.0094145
0.0089947
0.0007136
0.0071838
0.0020905
-0.0040587
0.0079500
-0.0013879
-0.0109445
-0.0055152
-0.0103245
0.0021561
0.0076501
-0.0078277
0.0031310
0.0048247
0.0004961
0.0097164
0.0014584
0.0056169
-0.0012719
-0.0086638
-0.0050834
-0.0079293
-0.0026385
-0.0061933
-0.0082730
-0.0005970
-0.0020732
-0.0015575
0.0056564
0.0110536
0.0123576
0.0036412
0.0036379
0.0060858
-0.0140845
-0.0276500
-0.0183990
-0.0222192
-0.0222237
0.0080768
0.0402803
0.0625757
0.0605225
0.0272346
-0.0266235
-0.0730016
-0.0772559
-0.0374022
0.0128870
0.0277904
0.0246673
0.0131188
0.0010090
-0.0038250
-0.0027772
0.0037849
-0.0045518
0.0015987
0.0053152
-0.0024101
0.0035777
0.0062017
0.0015329
-0.0010238
-0.0014798
-0.0057806
-0.0037443
-0.0053441
-0.0022460
0.0053779
0.0075023
0.0101331
-0.0046808
-0.0034301
-0.0008853
-0.0088385
-0.0048307
-0.0045596
-0.0055050
-0.0019989
0.0075213
0.0027085
-0.0092189
-0.0018627
0.0039881
-0.0078465
-0.0046929
0.0079507
-0.0045604
-0.0075810
-0.0009254
0.0059016
0.0015013
-0.0071948
0.0058698
-0.0017489
-0.0065779
-0.0011007
0.0003567
0.0060756
0.0003241
-0.0082967
0.0011959
0.0091681
-0.0059968
-0.0022162
0.0104519
0.0052761
0.0046163
0.0057379
0.0054529
0.0023722
-0.0038538
0.0017173
0.0106248
0.0045039
-0.0004584
0.0007471
-0.0015866
0.0038006
0.0084399
0.0025152
-0.0088688
-0.0007513
0.0096192
0.0002508
0.0037423
-0.0007151
-0.0061496
0.0032552
0.0019416
0.0003033
0.0085311
0.0043082
-0.0054170
-0.0028673
-0.0078062
-0.0044280
-0.0019627
-0.0116015
0.0000306
