0.5083203
0.4241872
0.0418521
-0.4307035
-0.6718810
-0.4561566
0.0067676
0.2720932
0.2642486
0.2053543
0.1010123
0.0788856
-0.0378851
-0.0949106
-0.0768557
-0.1775579
-0.0726807
-0.0611075
0.0262706
0.0481379
0.0640381
-0.0031268
-0.0104342
0.0304608
-0.0038599
0.0330488
0.0027219
-0.0836900
-0.0468561
-0.0418731
-0.0257121
-0.0030876
0.0287023
0.0479414
0.0155665
0.0639899
0.0384702
0.0697167
0.0369468
-0.0608945
-0.0267161
-0.0537529
-0.0546622
-0.0559103
-0.0023592
0.0375520
-0.0232433
-0.0284163
0.0030091
0.0085287
0.0244457
0.0074714
-0.0076159
0.0253758
-0.0118980
0.0218774
-0.0120530
0.0024606
0.0400803
0.0153748
-0.0084051
0.0007191
-0.0452308
0.0043102
-0.0584553
-0.0257047
-0.0216306
0.0026125
0.0444647
-0.0249769
-0.0418403
0.0209861
0.0491236
0.0625748
0.0356013
-0.0814603
-0.0293296
-0.0233091
0.0279622
0.0107233
0.0134148
-0.0704972
-0.0056154
-0.0101748
0.0019128
0.0231000
-0.0318369
0.0097076
-0.0483624
0.0332307
0.0056721
-0.0165777
-0.0157339
-0.0090156
0.0249911
0.0351500
-0.0618022
0.0394482
0.0472044
0.0345688
-0.0194389
-0.0446105
0.0309892
0.0418232
-0.0047336
-0.0433487
0.0156838
-0.0346790
0.0507753
0.0420248
0.0154203
0.0437167
-0.0100536
0.0132685
0.0204013
-0.0490548
-0.0384557
0.0215943
0.0514895
-0.0150607
-0.0601576
-0.0090520
-0.0166328
0.0363217
0.0249970
-0.0255124
-0.0100135
0.0383529
-0.0419037
0.0581655
0.0329601
0.0170174
-0.0414255
-0.0498612
-0.0255351
0.0396586
0.0269238
0.0274040
-0.0228780
0.0389197
0.0665544
-0.0157512
0.0138335
-0.0716571
-0.0072427
0.0225567
-0.0397291
-0.0250221
0.0310510
0.0192511
0.0660995
0.0245623
0.0595793
-0.0561955
-0.0246550
0.0065084
0.0267942
0.0455176
-0.0029223
0.0373898
0.0325724
0.0396910
-0.0301594
-0.0421525
-0.0326940
0.0209011
0.0466015
-0.0148796
0.0453293
0.0315899
-0.0220348
-0.0169990
0.0159395
0.0341072
0.0560465
0.0150233
-0.0520621
-0.0278273
-0.0518064
0.0101280
0.0097496
0.0140114
0.0468355
-0.0055329
0.0893430
0.0137332
0.0774248
0.0310859
-0.0062954
-0.0766441
-0.0901090
-0.0822371
-0.0698732
-0.0125701
-0.0249242
-0.0327428
0.0252667
0.1329987
0.3663773
0.2863068
-0.0045382
-0.4788136
-0.5385120
-0.2891738
0.0850607
0.2196269
0.1894410
0.1487348
0.1440985
0.0338083
-0.0682510
-0.1027774
-0.0687419
-0.0019345
-0.0946076
-0.1016132
0.0168494
0.0573922
0.0257013
0.0445123
0.0541143
0.0389876
0.0207001
-0.0156698
-0.0511457
0.0262404
-0.0010486
-0.0407223
-0.0220414
-0.0012127
-0.0826609
-0.0262756
0.0602338
-0.0073624
0.0159719
-0.0024621
0.0079861
0.0007472
0.0096708
-0.0794484
0.0169632
0.0266586
-0.0220544
-0.0020714
0.0135426
0.0827824
0.0242962
-0.0241510
0.0172317
-0.0649213
-0.0307339
0.0286429
0.0368081
-0.0362126
-0.0039425
-0.0046883
0.0061620
-0.0158200
-0.0335653
0.0226052
0.0239479
0.0429520
0.0194271
-0.0274584
0.0349300
-0.0346962
-0.0035081
-0.0028316
0.0335988
-0.0481323
-0.0420201
-0.0603835
-0.0611933
0.0126684
-0.0199136
0.0098752
0.0122770
0.0027583
-0.0155862
0.0665490
-0.0772930
-0.0187387
0.0526314
0.0488288
-0.0360522
0.0527641
0.0438471
0.0271467
-0.0040218
0.0437284
0.0172953
0.0092142
0.0845277
-0.0008488
-0.0115757
0.0120017
0.0925693
0.0027246
0.0280207
-0.0119026
0.0200697
0.0132550
0.0051158
-0.0691242
-0.0091483
-0.0510367
-0.0349314
0.0368233
0.0238969
0.0860401
-0.0514697
0.0283197
0.0160782
0.0082883
-0.0321277
0.0077644
-0.0046894
-0.0077695
-0.0439925
0.0227599
-0.0168754
-0.0892313
-0.0242835
0.0044796
0.0020562
-0.0121151
-0.0508856
-0.0302633
-0.0201129
-0.0515676
-0.0135741
0.0176273
-0.0552186
-0.0224800
0.0765166
0.0202782
-0.0049729
-0.0677652
-0.0440683
-0.0811528
0.0309237
0.0450390
0.0489968
0.0181668
-0.0246605
-0.0363832
-0.0717898
0.0314943
0.0566889
0.0381508
-0.0379281
0.0280984
-0.0062838
-0.0099170
0.0661748
0.0421770
0.0718242
-0.0215318
0.0213591
-0.0268057
0.0117057
-0.0113217
-0.0195073
0.0475395
-0.0918928
0.0165268
0.0259842
-0.0104847
-0.0280615
0.0046761
0.0436413
0.0150569
-0.0158210
0.0423509
-0.0093556
0.0018683
-0.0016566
-0.0741090
-0.0406060
-0.0118558
-0.0088338
-0.0031802
-0.0126735
0.0196271
-0.0023781
0.1007798
0.0902004
0.0118850
-0.0144254
-0.0349909
-0.0819318
0.0091917
0.0010863
-0.0212075
-0.1258858
-0.1087973
-0.0082610
0.0841484
0.3180286
0.4841653
0.3187137
-0.1028890
-0.5325864
-0.5443228
-0.2205481
0.0498202
0.3100875
0.2231658
0.1700544
0.0970485
0.0192416
-0.0286700
-0.0353264
-0.1064137
-0.0505856
-0.0972043
-0.0479835
-0.0177580
-0.0306870
0.0314579
0.0503608
0.0730179
0.0227258
-0.0652778
0.0277754
-0.0399834
-0.0207948
0.0223949
-0.0697447
-0.0883153
0.0052469
0.0353755
-0.0291824
-0.0016945
-0.0306867
-0.0121860
-0.0408915
-0.0154095
0.0141706
-0.0515971
-0.0541071
-0.0565970
0.0229880
-0.0615618
-0.0062532
0.0229135
-0.0161111
0.0331295
0.0309445
-0.0298877
-0.0215966
-0.0056388
-0.0662214
-0.0337463
-0.0408389
-0.0518565
0.0544053
0.0060310
0.0509705
-0.0850160
0.0256781
-0.0135053
-0.0539994
0.0196259
-0.0135248
0.0354042
0.0343679
0.0180217
-0.0132611
0.0417436
-0.0083246
-0.0188503
-0.0238556
0.0145421
-0.0472560
0.0581254
0.0070225
0.0391813
-0.0098382
0.0502143
0.0394315
0.0582697
0.0654997
0.0725291
0.0209756
0.0253213
-0.0200090
-0.0138255
0.0127638
-0.0815217
-0.0230297
-0.0167070
0.0297116
0.0516826
0.0383952
0.0533113
-0.0064589
0.0093363
0.0508926
-0.0219268
