0.2145182
0.1670197
0.1493843
-0.1216111
-0.1260087
-0.2269278
-0.2527360
-0.0699508
-0.0350366
0.1240728
0.1750584
0.1325883
0.1243391
0.1050754
0.0024069
-0.0389445
-0.0425201
-0.0981749
-0.0446824
-0.0504133
-0.0150312
-0.0164957
-0.0252195
-0.0142373
0.0850406
0.0567054
0.0273518
0.0470352
0.0700815
0.0282917
0.0132191
0.0611418
0.0244937
-0.0751703
-0.0213679
0.0453725
-0.0076991
0.0002682
-0.0019034
0.0655512
0.0216667
0.0478300
0.0693021
0.0686063
-0.0516840
0.0243906
-0.0024259
0.0373528
0.0653766
0.0268459
0.0379450
0.0388606
0.0456216
0.0167053
0.0362035
0.0632106
0.0479700
-0.0370905
-0.0011401
-0.0237530
-0.0597425
0.0777085
-0.0191959
0.0095644
0.0529635
0.0664489
0.0148747
-0.0318377
-0.0579095
-0.0143358
0.0308095
-0.0519715
-0.0657242
-0.0661703
-0.0713688
-0.0153969
0.0751609
0.0456955
0.0573006
0.0463861
-0.0015689
0.0804600
0.0216903
0.0078770
0.0454180
-0.0283581
-0.0351256
-0.0427104
0.0344784
0.0030447
0.0432469
-0.0276618
-0.0218364
0.0705900
0.0232737
0.0108741
-0.0456356
0.0312658
0.0302311
0.0316210
0.0686385
0.0496990
-0.0099017
0.0209358
-0.0363273
0.0518918
-0.0108310
-0.0130776
0.0107922
0.0058597
0.0527855
-0.0562178
-0.0084240
0.0544013
-0.0328830
-0.0360131
-0.0397800
0.0512750
-0.0482656
0.0218161
-0.0393848
-0.0128102
0.0350017
0.0630462
-0.0402417
-0.0634896
-0.0439472
-0.0243029
-0.0204622
0.0039245
-0.0693748
0.0136987
-0.0084524
-0.0724742
-0.0030383
-0.0402490
0.0450571
0.0447432
0.0616563
0.0122361
0.0602270
0.0017726
0.0018599
-0.0194090
0.0023284
0.0027306
-0.0596893
0.0675609
0.0422682
0.0446359
0.0472437
0.0197434
0.0121266
0.0720681
0.0089942
-0.0779082
-0.0578458
-0.0393251
-0.0559719
-0.0305106
0.0399406
-0.0395774
-0.0584039
-0.0211846
-0.0170317
0.0065732
0.0031446
-0.0479839
-0.0128358
0.0361321
0.0415735
-0.0670316
-0.0286002
-0.0720615
-0.0381136
0.0463073
0.0503423
0.0550764
0.0851283
0.0524551
0.0296061
0.0370115
0.0737087
0.0514467
0.0303150
-0.0329600
-0.0252653
-0.0892206
-0.0065791
-0.0019420
-0.1052149
-0.1238002
-0.0268889
-0.0569765
0.0137702
0.1657668
0.2218008
0.2322714
0.1308816
-0.0301460
-0.1708391
-0.2722032
-0.2144472
-0.2164685
-0.1094699
-0.0087600
0.1876726
0.1474848
0.0839754
0.1062004
0.1133584
-0.0134054
-0.0129154
-0.0449123
-0.0018833
-0.0433836
-0.0193117
-0.0045351
-0.0472993
0.0162072
0.0690340
0.0516995
0.0652310
0.0667139
-0.0396208
-0.0170021
0.0329634
0.0305835
-0.0592318
-0.0436060
-0.0278843
-0.1027046
-0.0283272
0.0536131
0.0352623
0.0024971
-0.0022515
0.0660277
0.0164863
-0.0180445
0.0380534
0.0699802
0.0231896
-0.0090878
0.0644917
-0.0002015
0.0507508
0.0049043
0.0509951
-0.0150602
-0.0542371
-0.0512963
-0.0548412
-0.0051595
0.0649009
0.0448394
0.0123890
0.0623806
-0.0483634
-0.0114093
-0.0253264
-0.0117851
-0.0164747
-0.0051310
-0.0669256
0.0083246
0.0403802
0.0670712
0.0124810
-0.0378237
-0.0342449
0.0718086
-0.0137985
0.0304446
-0.0501607
0.0582394
-0.0263122
0.0437786
-0.0225470
-0.0121538
0.0678298
-0.0371612
-0.0923305
0.0211632
-0.0276744
0.0377273
0.0216236
-0.0212742
0.0485061
-0.0550947
-0.0555438
-0.0581163
0.0510862
-0.0247144
0.0133224
0.0427673
0.0021086
0.0034188
0.0293840
0.0549375
-0.0024254
0.0847658
-0.0169247
-0.0139896
0.0444788
0.0064709
-0.0481215
-0.0154248
0.0023841
-0.0361782
0.1020526
0.0061024
-0.0112760
0.0498120
0.0321304
0.0537484
0.0146840
0.0389910
0.0507229
0.0465460
0.0210206
0.0215987
-0.0215488
0.0312899
-0.0019718
0.0441580
0.0567726
-0.0001724
0.0178713
0.0117237
-0.0020585
0.0640775
-0.0719399
0.0236830
-0.0161770
-0.0621666
0.0203489
0.0064031
-0.0269034
0.0691362
0.0606627
0.0448528
-0.0653400
0.0260943
-0.0122019
0.0708621
-0.0106389
-0.0042123
-0.0355251
-0.0638316
-0.0431776
0.0617608
-0.0035109
0.0003106
0.0148354
0.0429816
0.0729555
0.0366908
-0.0286748
-0.0592713
-0.0290417
-0.0289931
-0.0385731
-0.0498233
-0.0432907
0.0462419
-0.0283253
0.0066128
0.0597937
-0.0658061
-0.0772943
-0.0961737
0.0050160
0.0272631
0.0365712
0.0603973
-0.0164727
0.0750191
0.0284588
0.0583071
0.0498259
0.0172102
0.0494767
0.0469956
-0.0026743
-0.0531173
-0.0758455
-0.1025952
-0.0392047
-0.1271843
-0.0200793
0.0208825
0.1663322
0.2069025
0.1501182
0.1845662
-0.0783031
-0.2232766
-0.2481297
-0.2655959
-0.1226392
0.0491978
0.1171692
0.1478102
0.2220813
0.1238038
0.0567529
0.0824682
0.0586540
-0.0009442
-0.0966728
-0.0084224
-0.0402581
-0.0513485
-0.0102430
-0.0728266
-0.0340283
0.0600933
0.0102284
0.0610809
0.0848162
0.0691216
0.0256532
0.0328574
-0.0165882
0.0570690
-0.0000923
-0.0494562
-0.0045829
0.0008013
0.0241305
0.0313867
-0.0204729
0.0041843
-0.0333859
0.0114017
-0.0541252
0.0279491
0.0124198
-0.0516590
0.0535696
-0.0322546
-0.0651591
0.0492696
0.0338444
-0.0252633
0.0245975
0.0026221
-0.0524934
0.0039547
0.0177829
-0.0130936
0.0497767
-0.0037728
0.0106368
0.0568763
0.0080960
-0.0387980
-0.0445908
0.0724070
0.0274047
-0.0749831
-0.0435129
0.0089247
-0.0008025
-0.0457444
-0.0552571
-0.0820704
-0.0331761
-0.0186299
0.0021086
0.0265447
-0.0229724
0.0411349
-0.0293060
0.0660180
-0.0674581
0.0151467
-0.0055455
0.0249240
0.0460284
-0.0734420
0.0137040
0.0610943
0.0610668
0.0366376
-0.0335661
0.0676987
0.0680283
0.0341082
-0.0137593
0.0119943
0.0119537
-0.0040927
0.0621911
0.0048078
-0.0204437
0.0210264
-0.0279081
0.0397774
