0.3355559
0.4531004
0.3093357
0.0789921
-0.3084900
-0.5431532
-0.4845379
-0.2653394
0.0918502
0.2671596
0.2568299
0.1176787
0.1054496
0.1053396
-0.0078699
0.0382480
-0.0355056
-0.0303439
-0.0542903
-0.0895716
-0.0551123
-0.0621438
-0.0547029
-0.0457885
0.0431846
0.0684727
-0.0084883
0.0676590
0.0269170
0.0261261
-0.0116324
0.0572342
0.0300467
0.0325250
-0.0283687
-0.0922968
0.0299044
-0.0279545
0.0326129
-0.0112565
-0.0027502
0.0474011
0.0108600
0.0918171
0.0236689
0.0010376
0.0644835
0.0423862
0.0183751
-0.0045357
0.0365603
0.0101901
-0.0518720
0.0448603
0.0215132
0.0445363
0.0038807
-0.0006381
-0.0025828
0.0554213
-0.0054223
-0.0388491
0.0457781
-0.0240253
-0.0029058
0.0504388
0.0186114
-0.0529530
0.0249431
0.0308198
-0.0694680
0.0086213
-0.0133141
-0.0785298
0.0298829
0.0202734
-0.0127674
0.0019920
-0.0113924
0.0046209
0.0373766
-0.0181294
0.0074092
0.0078160
-0.0393480
-0.0074549
-0.0547392
-0.0318442
0.0084842
-0.0393728
-0.0230099
0.0569217
-0.0321156
-0.0494779
0.0260356
0.0374835
0.0566832
0.0171179
-0.0461713
-0.0092220
0.0189580
0.0083691
0.0169884
-0.0565001
0.0081221
-0.0413112
-0.0448917
0.0218401
0.0368037
0.0508279
-0.0125758
0.0593587
-0.0415590
0.0155384
-0.0023008
-0.0032733
0.0425706
0.0182450
0.0123490
-0.0092561
-0.0157536
0.0126898
-0.0016296
-0.0418933
0.0205611
0.0299364
-0.0161389
-0.0277702
0.0709477
-0.0409593
-0.0189283
0.0623544
0.0462470
0.0259888
-0.0473998
0.0322204
0.0262429
-0.0575197
-0.0480456
-0.0605378
-0.0147014
0.0014107
0.0274028
-0.0103722
0.0158930
-0.0118755
-0.0008316
0.0034511
0.0381239
0.0185937
-0.0526835
-0.0048455
0.0460796
-0.0398006
0.0087465
0.0192016
0.0217647
0.0507256
0.0375886
-0.0099756
0.0133644
0.0321562
-0.0742209
0.0040297
0.0232002
-0.0330612
-0.0644176
-0.0377923
-0.0234156
0.0135245
0.0232105
-0.0551048
0.0301408
-0.0183591
0.0053477
0.0535435
-0.0326024
-0.0257758
0.0409955
-0.0498153
0.0318535
-0.0441292
-0.0351902
-0.0293316
0.0376394
0.0546484
-0.0265579
-0.0648465
0.0100831
0.0590496
-0.0305725
0.0111517
0.0091407
-0.0117732
0.0029400
0.0145320
0.0675714
-0.0267150
-0.0242690
0.0012657
-0.0391244
-0.0022457
-0.0169108
0.0145650
0.0082677
0.0102185
0.0385942
0.0282782
-0.0373085
-0.0426051
0.0106653
-0.0511214
0.0670166
-0.0495945
0.0106681
0.0373277
0.0724121
0.0729049
0.0532882
-0.0121671
0.0093032
0.0121772
-0.0702468
-0.0118046
-0.0347787
-0.0186441
-0.0402619
-0.0774735
-0.0069684
-0.0173439
-0.0036156
0.0259657
-0.0034695
0.0792663
0.0299104
0.0469750
0.0174301
-0.0850270
-0.0688115
-0.1806661
-0.1669065
-0.1837451
-0.1472741
-0.0564112
-0.0122673
0.1222450
0.2064536
0.3827106
0.4788671
0.3488610
0.0111887
-0.4195497
-0.6087639
-0.5414551
-0.2339569
0.0334178
0.2395919
0.2147837
0.1569609
0.1809511
0.1342402
0.0396258
-0.0148058
-0.0237732
-0.1072293
-0.1192580
-0.0876426
-0.0669111
-0.0926215
-0.0722378
-0.0846399
0.0147545
0.0658903
0.0686881
0.0102836
0.0537032
0.0497362
-0.0110959
0.0612738
0.0345424
-0.0044010
-0.0660010
0.0099416
-0.0166348
0.0014629
-0.0669577
-0.0433275
0.0113604
0.0179685
-0.0098681
0.0588520
0.0190323
0.0185595
0.0581337
-0.0072130
0.0050710
-0.0151018
0.0295123
-0.0170308
0.0250218
-0.0403371
0.0067652
-0.0367414
-0.0160398
0.0645168
-0.0050425
0.0253756
-0.0019833
-0.0254912
0.0128653
0.0367864
-0.0004874
-0.0427231
0.0139285
-0.0015420
-0.0492143
-0.0107395
0.0500927
0.0390378
-0.0222738
-0.0629822
-0.0404120
-0.0160572
-0.0314245
-0.0415482
-0.0315019
0.0630104
-0.0142213
-0.0221184
0.0256986
-0.0493390
-0.0495880
0.0475357
0.0536566
0.0526982
0.0646335
0.0556137
0.0113711
-0.0633770
-0.0230537
-0.0691063
0.0122759
-0.0258352
-0.0513199
-0.0468701
-0.0351273
-0.0341544
-0.0246759
0.0687502
0.0564254
0.0748680
0.0253978
0.0213306
0.0371951
0.0502551
0.0062839
-0.0668793
0.0542633
0.0049969
0.0105964
0.0086593
-0.0340178
0.0563769
0.0371892
0.0429081
0.0230427
0.0178140
0.0194339
0.0528846
-0.0289785
0.0320387
0.0271411
0.0177705
-0.0565792
-0.0220366
0.0246689
0.0004642
0.0527116
-0.0294936
-0.0156035
-0.0294446
0.0221059
0.0709729
-0.0335138
-0.0347497
-0.0527661
-0.0325088
-0.0356160
-0.0285631
0.0468453
0.0096015
0.0169596
-0.0347525
-0.0374877
0.0069959
-0.0214850
-0.0097909
-0.0564759
-0.0023590
-0.0083771
0.0005979
0.0389730
-0.0016893
0.0681920
0.0302041
0.0261856
0.0346000
-0.0275258
0.0588674
-0.0028538
0.0077714
-0.0494421
-0.0112842
0.0471321
-0.0121343
0.0323543
0.0606696
0.0107595
0.0167471
-0.0285834
-0.0524177
0.0161758
-0.0077611
0.0367173
0.0294870
0.0331023
-0.0066825
-0.0392990
-0.0041653
-0.0129973
-0.0412224
0.0020602
0.0413921
-0.0369194
0.0472045
0.0317661
-0.0327223
-0.0001253
-0.0128223
0.0268497
0.0329066
0.0127186
0.0494915
-0.0446299
0.0503600
0.0419919
-0.0064928
0.0458802
-0.0186713
0.0004461
0.0608027
0.0217024
-0.0088967
-0.0290362
-0.0670219
-0.0504782
-0.0305958
0.0384729
-0.0331400
0.0095967
0.0919749
-0.0213403
-0.0187700
0.0194111
0.0719774
0.0187975
-0.0458351
-0.0294346
-0.0286440
-0.0011395
0.0093748
-0.0596684
-0.0695430
-0.0449980
-0.0331718
0.0502299
-0.0208602
0.0402328
0.0512792
0.0306301
0.0559958
0.0479180
0.0823701
-0.0222807
-0.0263494
-0.0433664
-0.0363228
-0.0982301
-0.0800805
-0.1170670
-0.0909816
-0.0663714
-0.0361500
0.0275773
0.1130616
0.2858753
0.3942564
0.4030376
0.1404167
-0.1442809
