0.5187296
0.4411255
0.1566122
-0.2683440
-0.5923711
-0.6086416
-0.3576996
-0.0934420
-0.0318433
0.0340844
0.1161592
0.2141072
0.3195383
0.2997931
0.2172312
0.0848976
-0.0544327
-0.1629719
-0.1216116
-0.1467576
-0.1294245
-0.0639874
-0.1285727
-0.0762836
-0.0640161
0.0024404
0.0332103
0.1100811
0.1036259
0.0097003
0.0507139
0.0338571
0.0851404
-0.0190781
-0.0909357
-0.0935786
0.0123626
-0.0015530
-0.1003533
0.0031812
0.0287338
-0.0193336
0.0175412
0.0602410
0.0752256
0.0192926
0.0875896
0.0341747
-0.0270520
0.0678914
-0.0374127
0.0115757
0.0263418
-0.0458532
0.0298264
-0.0478152
-0.0067544
0.0151364
0.0215224
-0.0306295
-0.0275270
-0.0309580
-0.0251146
0.0698039
0.0300614
-0.0782632
-0.0132761
0.0097051
-0.0023746
0.0007557
-0.0884174
-0.0014000
0.0220903
-0.0148263
0.0339042
-0.0584985
-0.0161818
-0.0178421
0.0333935
0.0070816
-0.0582556
-0.0487135
0.0097289
-0.0165598
-0.0646556
0.0527473
-0.0209911
-0.0181250
0.0409768
0.0029439
-0.0052313
-0.0597621
-0.0072203
-0.0266301
0.0441505
-0.0027133
-0.0361956
-0.0318594
0.0607481
-0.0138145
-0.0533865
0.0199904
0.0535134
-0.0328018
0.0127198
0.0043920
-0.0396746
0.0716434
0.0085783
-0.0261563
0.0011354
-0.0192808
-0.0616539
-0.0114730
0.0599072
-0.0457569
0.0448376
0.0518043
-0.0311878
-0.0565837
0.0140532
-0.0052560
-0.0358050
0.0148077
0.0487946
0.0295287
0.0118974
0.0114913
-0.0342006
-0.0128987
-0.0130827
-0.0388614
0.0406703
0.0573874
-0.0592536
-0.0610164
0.0590411
0.0113013
0.0223093
-0.0116783
0.0513849
-0.0209680
-0.0206817
0.0534657
-0.0249131
-0.0137044
-0.0356655
-0.0265192
-0.0191916
-0.0374288
-0.0044327
-0.0286476
0.0134745
0.0463629
-0.0055370
-0.0029232
-0.0147185
-0.0005750
0.0490833
0.0302402
0.0180345
-0.0389658
-0.0000892
0.0370622
0.0010471
-0.0454438
-0.0240672
0.0231926
-0.0021297
-0.0058875
-0.0295118
-0.0000402
-0.0341337
-0.0181633
0.0868503
0.0547969
0.0248048
-0.0443753
0.0183647
0.0593644
-0.0937422
-0.0183851
-0.0683407
-0.0870394
0.0005967
0.0400443
-0.0049215
-0.0101716
0.0823788
0.0224623
0.1161540
0.0610106
0.0489394
0.1477164
0.0480321
0.0635612
-0.0308535
-0.1079026
-0.1223947
-0.1044556
-0.1243646
-0.1241781
-0.1731757
-0.1247108
-0.0574515
-0.0543754
0.1582152
0.3421537
0.4994432
0.5815842
0.4099959
0.0527414
-0.4719163
-0.7543680
-0.6434505
-0.4031520
-0.1558315
-0.0322645
0.2376082
0.3524312
0.4481328
0.3756246
0.2913125
0.1522715
-0.0967436
-0.1244080
-0.1244894
-0.2245400
-0.1766905
-0.1211625
-0.1461370
-0.0360704
-0.0708409
0.0945933
0.0431878
0.1143450
0.1407023
0.0545558
0.0714306
0.0997927
0.1089812
0.0053980
-0.0317857
-0.0613956
-0.0468423
-0.0282740
-0.0579070
-0.0136998
-0.0047028
0.0335485
-0.0224476
-0.0389855
0.0473472
0.0807696
0.0405164
-0.0402318
0.0389232
0.0815266
0.0477370
-0.0300914
-0.0134941
0.0281888
0.0300348
0.0529251
0.0203590
-0.0447267
-0.0116113
0.0082895
0.0163694
0.0463686
-0.0460283
0.0166333
0.0377415
-0.0083348
0.0469928
-0.0196766
0.0052558
0.0297378
0.0565944
-0.0384763
-0.0694409
0.0381343
0.0552695
0.0157449
-0.0279211
-0.0551306
-0.0032846
-0.0020124
-0.0544091
0.0011922
0.0113389
-0.0000124
-0.0237816
0.0510425
0.0453911
-0.0551488
0.0359292
0.0924529
-0.0481762
-0.0215454
0.0464958
0.0539011
-0.0262310
0.0129897
0.0041428
0.0014053
0.0492076
-0.0109082
0.0382338
0.0062948
-0.0000706
-0.0377224
-0.0006625
-0.0324019
0.0350287
0.0239429
-0.0373288
0.0300204
-0.0007397
-0.0333362
-0.0273690
-0.0173331
-0.0497441
-0.0596997
-0.0416682
-0.0813368
-0.0438276
-0.0042895
-0.0130966
-0.0125559
0.0183005
0.0138482
0.0321443
0.0637850
-0.0395715
0.0047512
-0.0263468
-0.0137556
0.0245460
0.0546643
-0.0165086
0.0064636
0.0049016
-0.0759008
-0.0734497
-0.0413286
0.0493899
0.0496272
0.0388486
-0.0397336
-0.0258767
0.0819231
0.0160633
-0.0707026
0.0560179
-0.0293185
-0.0811169
-0.0305437
0.0097489
-0.0581291
-0.0590263
-0.0240781
0.0093720
-0.0025870
0.0185619
0.0365184
0.0122882
0.0905967
-0.0441600
0.0105228
0.0594277
-0.0613703
0.0296762
-0.0521278
-0.0855799
-0.0763645
-0.0036464
0.0407237
-0.0077334
0.0034115
0.0167976
0.1084245
0.0464865
0.0239506
0.0783656
0.0213422
0.1203047
0.0832193
-0.0335116
-0.0148868
-0.0622102
-0.1693542
-0.2003473
-0.1992414
-0.2354077
-0.2103541
-0.0710956
0.0079569
0.1237684
0.2139968
0.4588006
0.5495267
0.4287996
0.2295540
-0.2771553
-0.5954010
-0.6616610
-0.5372829
-0.1495552
0.0292930
0.0988731
0.2659373
0.2399295
0.3694726
0.3250009
0.1593844
0.0909928
-0.0711871
-0.1739807
-0.1686393
-0.2068074
-0.1962644
-0.1177333
-0.1127162
-0.0767929
0.0720438
0.0810772
0.0459703
0.1025678
0.1081640
0.0712816
0.0034878
0.0650833
0.0039781
0.0425487
-0.0333285
-0.0129490
-0.0650284
-0.1116994
-0.0466585
-0.0033809
0.0265903
-0.0372613
0.0089805
0.0108374
-0.0473316
0.0460214
0.0911446
0.0770247
0.0162763
-0.0463369
0.0559861
0.0106378
-0.0371896
-0.0152094
0.0030166
0.0202699
-0.0154262
-0.0437087
0.0642871
-0.0044177
-0.0348968
0.0359600
-0.0303766
-0.0342367
-0.0432649
-0.0479065
-0.0189697
0.0431689
0.0386661
0.0195961
0.0452970
0.0289904
0.0633107
0.0320941
0.0605546
-0.0089462
-0.0068782
-0.0115435
-0.0583344
0.0649050
0.0075456
-0.0223031
-0.0377997
-0.0007420
0.0470536
-0.0324904
0.0726901
0.0606064
0.0617801
0.0510137
0.0546146
-0.0415725
0.0328272
0.0576456
-0.0232830
0.0245836
0.0786685
-0.0376256
0.0601051
