0.3855497
0.3823580
0.2266071
-0.0176634
-0.1928014
-0.2341870
-0.2281930
-0.1967410
-0.1162477
-0.0439376
-0.0319975
-0.0322353
0.0295960
0.0890351
0.0697145
0.0613351
0.0849114
0.0403060
0.0115463
0.0545456
0.0305382
-0.0057910
0.0335172
0.0157704
-0.0558281
-0.0581786
-0.0290059
-0.0018240
0.0107184
-0.0294286
-0.0303430
0.0248790
0.0322901
0.0013614
-0.0078501
0.0209273
0.0448094
0.0202649
-0.0062376
0.0147693
0.0317075
0.0009971
-0.0211267
-0.0191050
-0.0329836
-0.0358608
-0.0361286
-0.0445868
-0.0334382
-0.0370724
-0.0177392
0.0235153
0.0147827
0.0041001
0.0101606
0.0126320
0.0008457
-0.0250617
-0.0072590
0.0242813
0.0080778
-0.0145557
0.0056792
0.0242673
-0.0169951
-0.0361344
0.0148290
0.0326878
0.0162434
0.0370034
0.0201650
-0.0249316
-0.0011860
0.0176165
0.0214088
0.0140964
-0.0286442
0.0025721
0.0412866
-0.0021360
-0.0128972
-0.0014996
-0.0259188
-0.0083663
0.0344231
0.0321949
0.0233845
0.0042184
-0.0342871
-0.0368449
-0.0391189
-0.0452230
0.0041189
-0.0057260
-0.0503615
-0.0177320
-0.0251256
-0.0354317
-0.0075832
0.0068771
0.0443990
0.0423211
0.0323819
0.0597754
0.0194418
-0.0202860
0.0250035
0.0101506
-0.0670493
-0.0744817
-0.0620611
-0.0552154
-0.0273666
-0.0261749
-0.0151512
0.0430146
0.0690094
0.0551044
0.0391282
0.0257824
0.0373778
0.0137271
-0.0587622
-0.0493151
-0.0050026
-0.0445612
-0.0421717
-0.0053095
-0.0197565
-0.0000642
-0.0017222
0.0007648
0.0363066
0.0099655
0.0149916
0.0291515
-0.0135534
-0.0240025
-0.0068551
0.0022288
0.0037817
-0.0041019
-0.0158176
-0.0195061
-0.0005689
0.0302019
0.0245970
-0.0090502
-0.0212377
-0.0209700
0.0033789
0.0081207
-0.0224714
-0.0078374
-0.0144475
-0.0304923
0.0181490
0.0354031
0.0186713
0.0133300
-0.0054721
-0.0162881
-0.0060611
0.0010011
0.0178202
0.0435941
0.0415047
0.0045676
-0.0300083
0.0020699
0.0219890
-0.0286868
-0.0286928
-0.0057714
-0.0067804
-0.0198856
-0.0474169
-0.0154238
0.0078481
-0.0000987
0.0089053
0.0004748
0.0501363
0.1026884
0.0878411
0.0854333
0.0593917
0.0106635
-0.0083321
-0.0230508
-0.0777640
-0.1563800
-0.1656875
-0.1260297
-0.1230856
-0.0913648
0.0168984
0.1272310
0.2463457
0.3149746
0.2445173
0.1602766
0.0676919
-0.0726219
-0.1514483
-0.1743895
-0.1560128
-0.0843489
-0.0326430
-0.0045087
0.0298527
0.0240669
0.0044059
0.0541470
0.0833249
0.0358680
0.0513592
0.0732673
0.0359874
0.0313482
-0.0112517
-0.0454814
-0.0330682
-0.0439015
-0.0041354
0.0140188
-0.0190304
-0.0340823
-0.0503940
-0.0268808
-0.0055130
-0.0075358
-0.0003237
-0.0048599
0.0087946
0.0196480
0.0385952
0.0499912
-0.0066708
-0.0222863
-0.0069050
-0.0347715
-0.0334567
0.0008245
0.0328788
0.0321752
0.0069038
0.0053991
0.0090732
0.0058996
0.0067190
0.0105271
0.0238833
0.0185501
-0.0168287
-0.0084132
0.0135031
-0.0187239
-0.0145876
0.0105900
-0.0017199
0.0002360
0.0166813
0.0340017
0.0085953
-0.0219451
0.0057823
0.0126978
0.0126282
0.0150452
-0.0016672
0.0027662
-0.0112323
-0.0247835
-0.0284329
-0.0198832
0.0203969
0.0016273
-0.0090796
0.0168238
0.0049537
0.0202222
0.0062976
-0.0459647
-0.0271286
0.0095674
0.0141558
0.0111305
-0.0149034
-0.0234829
-0.0109956
-0.0326731
-0.0067357
0.0118078
-0.0206402
0.0156852
0.0152677
-0.0108721
0.0318701
0.0246861
-0.0201294
-0.0254380
-0.0178928
-0.0395112
-0.0452814
0.0055566
0.0128819
-0.0017854
0.0221418
0.0233949
0.0047913
-0.0256880
-0.0243855
0.0162444
-0.0049395
-0.0299927
0.0051472
-0.0081282
-0.0311571
0.0042084
-0.0149486
-0.0219146
0.0195950
-0.0200821
-0.0463282
-0.0174953
-0.0220485
-0.0246632
-0.0038806
0.0177581
0.0258926
-0.0033607
-0.0301244
-0.0031254
0.0066714
-0.0323026
-0.0334653
-0.0071352
-0.0180463
-0.0267480
-0.0029047
0.0300419
0.0429961
0.0261693
0.0249975
0.0278392
-0.0253819
-0.0365738
0.0252957
-0.0101199
-0.0300139
0.0262697
-0.0255248
-0.0497461
-0.0185179
-0.0132462
0.0163025
0.0013249
0.0021532
0.0198274
0.0149889
0.0332617
0.0064176
-0.0011666
0.0038091
-0.0175162
-0.0024166
-0.0189439
-0.0004414
0.0242500
-0.0311187
-0.0437515
-0.0486906
-0.0340615
0.0034571
-0.0151502
0.0002977
0.0115378
-0.0154433
0.0097971
0.0534388
0.0661776
0.0542872
0.0434848
0.0525066
0.0543612
0.0347199
0.0215146
0.0046108
-0.0493140
-0.1174621
-0.1622810
-0.1750501
-0.1787175
-0.1788317
-0.1170295
0.0288745
0.1748112
0.2553399
0.2793927
0.2426540
0.1321793
-0.0239061
-0.1372259
-0.1767881
-0.1832206
-0.1318814
-0.0709107
-0.0616083
-0.0403547
-0.0174031
-0.0056335
0.0733961
0.1069847
0.0428896
0.0733023
0.0823746
0.0092637
0.0290540
0.0072789
-0.0613401
-0.0491564
-0.0323568
-0.0308900
-0.0127123
0.0233403
0.0098889
-0.0073877
0.0249162
-0.0157166
-0.0318619
0.0039291
-0.0068568
0.0291126
0.0375535
0.0077758
-0.0050971
-0.0413417
-0.0251847
-0.0259083
-0.0337113
0.0079604
-0.0131724
-0.0344608
-0.0217318
-0.0125826
0.0053897
0.0139310
0.0404914
0.0288692
-0.0273543
-0.0200904
0.0127182
0.0088621
-0.0142231
-0.0176146
-0.0232879
-0.0522781
-0.0122345
0.0304047
0.0018091
-0.0256557
-0.0447913
0.0044485
0.0291851
-0.0296024
-0.0120208
0.0032614
-0.0060178
0.0157690
-0.0030325
-0.0083790
0.0107125
0.0180546
0.0190806
0.0053014
-0.0021944
-0.0175544
-0.0278716
-0.0144468
-0.0027715
0.0135245
0.0210695
0.0343950
0.0392912
-0.0100554
-0.0350733
-0.0149267
-0.0054995
-0.0064660
-0.0237434
-0.0258113
0.0137414
0.0057749
-0.0384295
-0.0212389
-0.0111153
-0.0163522
-0.0144867
-0.0390419
