0.3516616
0.3435003
0.2037974
0.0092464
-0.1566209
-0.2143505
-0.2411049
-0.1934943
-0.1212885
-0.1069539
-0.0261540
0.0133684
-0.0006674
0.0414060
0.0454309
0.0484808
0.0818256
0.0690053
0.0267473
0.0176350
0.0295321
-0.0117341
-0.0331956
-0.0254781
-0.0530688
-0.0180564
0.0050794
-0.0346196
-0.0168919
-0.0207878
-0.0550788
-0.0143694
0.0274339
0.0109782
0.0123452
0.0414590
0.0410391
0.0146839
0.0088531
0.0164217
-0.0176570
-0.0218150
0.0164318
-0.0185630
-0.0514961
-0.0222380
-0.0117893
-0.0197099
-0.0220123
-0.0306060
-0.0300677
0.0148103
0.0385742
-0.0102204
-0.0075014
0.0366455
0.0114336
-0.0260409
-0.0152357
0.0255488
0.0217899
0.0049840
0.0318934
0.0036544
-0.0119194
0.0233330
0.0088324
0.0092746
0.0185712
-0.0091000
-0.0268581
-0.0314743
-0.0119603
0.0157955
0.0042527
-0.0192520
0.0025118
0.0281601
-0.0067761
-0.0192227
0.0054473
0.0037752
0.0306523
0.0363051
-0.0021566
0.0069301
0.0055088
-0.0161705
0.0071311
0.0336728
0.0208274
0.0037554
0.0157115
0.0112496
-0.0082742
-0.0075661
-0.0223785
-0.0304848
-0.0087684
0.0061508
0.0068439
0.0020394
0.0248306
0.0319692
-0.0041430
-0.0019452
0.0099180
-0.0025109
-0.0261102
-0.0547360
-0.0439476
-0.0325680
-0.0453168
-0.0665723
-0.0749649
-0.0074828
0.0535201
0.0388560
0.0564576
0.0863763
0.0426539
0.0191123
0.0355337
-0.0047259
-0.0384930
-0.0188421
-0.0379180
-0.0477339
-0.0179258
-0.0358464
-0.0316353
-0.0101413
-0.0234227
0.0072282
0.0134591
-0.0273217
0.0035190
0.0503215
0.0382825
0.0318696
0.0291474
-0.0051660
-0.0171179
-0.0176356
-0.0379906
-0.0193182
-0.0121641
-0.0360648
-0.0007353
-0.0030064
-0.0447642
-0.0106182
0.0179645
0.0018583
-0.0212085
-0.0239027
0.0121264
0.0292699
0.0040807
-0.0022989
0.0267114
0.0449832
0.0368000
0.0253885
0.0339958
0.0021912
-0.0337709
0.0154400
0.0063335
-0.0328502
-0.0370340
-0.0661851
-0.0181361
-0.0040586
-0.0345522
-0.0031485
-0.0358453
-0.0396812
0.0028130
-0.0160726
0.0094949
0.0576508
0.0520204
0.0650332
0.0811132
0.0456906
0.0455074
0.0722492
0.0272123
-0.0509407
-0.0815556
-0.1082421
-0.1948331
-0.2043365
-0.1334694
-0.1133735
-0.0065463
0.1860002
0.2840793
0.3258429
0.3098190
0.1674189
0.0166496
-0.1102540
-0.2185574
-0.1952767
-0.1334280
-0.0832279
-0.0207832
-0.0208094
-0.0132244
-0.0022336
0.0124352
0.0762332
0.0797126
0.0295971
-0.0089968
-0.0230394
0.0075241
0.0298875
0.0146758
-0.0003166
-0.0118093
-0.0124023
0.0078112
-0.0123218
-0.0658462
-0.0640525
-0.0191420
0.0021902
-0.0118972
-0.0139653
0.0066087
0.0335295
0.0599837
0.0144968
-0.0360785
-0.0287937
-0.0311811
0.0118011
0.0210635
-0.0167262
0.0316501
0.0409378
0.0088888
0.0165179
0.0129008
0.0092071
0.0109362
0.0269678
0.0105534
-0.0196088
0.0137323
0.0071571
-0.0318853
-0.0167561
-0.0138115
-0.0123738
0.0207432
0.0074584
-0.0235175
0.0082442
0.0324101
0.0068794
-0.0092653
-0.0006739
0.0237463
0.0387173
0.0121369
-0.0145110
0.0166653
0.0386715
-0.0021197
-0.0048667
0.0068545
-0.0149591
0.0047559
0.0127449
0.0096471
0.0042133
-0.0314738
0.0066595
0.0402366
0.0030316
0.0105356
0.0324108
0.0108399
-0.0193490
-0.0233100
-0.0305962
-0.0308471
0.0134483
-0.0060908
-0.0353173
0.0171014
0.0295843
0.0286648
0.0117641
-0.0158871
0.0254193
0.0303515
0.0154102
-0.0073534
-0.0479584
-0.0447272
-0.0685320
-0.0487209
-0.0105319
-0.0321139
0.0027870
0.0327428
0.0517169
0.0603213
-0.0092074
-0.0373240
-0.0329283
-0.0365877
-0.0047373
-0.0127511
-0.0458578
-0.0178013
-0.0032790
-0.0409592
-0.0125556
0.0454857
0.0035017
-0.0320855
0.0189881
0.0338342
0.0087938
0.0160808
-0.0031117
-0.0343568
-0.0147220
-0.0085933
-0.0072071
0.0096385
0.0028669
0.0124650
0.0001138
-0.0392234
-0.0238873
0.0240313
0.0418689
-0.0055357
-0.0174964
0.0037843
-0.0310397
-0.0100126
0.0117352
-0.0246450
-0.0175043
-0.0202986
-0.0184876
0.0020357
-0.0022423
0.0024015
0.0168847
0.0457990
0.0198265
-0.0205343
0.0208277
0.0218816
0.0051714
0.0121552
0.0166743
0.0426981
0.0011666
-0.0178777
0.0157042
-0.0324541
-0.0525113
-0.0303230
-0.0591017
-0.0441557
0.0045629
-0.0073738
-0.0017649
0.0169808
0.0079711
0.0558752
0.0986984
0.0719122
0.0628880
0.0736415
0.0594170
0.0344888
-0.0071049
-0.0591961
-0.1005954
-0.1528222
-0.1796178
-0.1520403
-0.1584388
-0.1613536
-0.0502788
0.0760983
0.1814233
0.3118876
0.3502148
0.2491007
0.0914315
-0.0522158
-0.1543630
-0.2095562
-0.1878837
-0.1112595
-0.0517814
-0.0475713
-0.0524466
0.0002371
0.0561057
0.0708299
0.0838506
0.0664717
0.0107633
-0.0132644
-0.0192888
-0.0259158
0.0146198
0.0494340
0.0261414
0.0142692
0.0206062
-0.0037320
-0.0245441
-0.0223327
-0.0140833
-0.0117848
-0.0361818
-0.0220745
0.0294627
0.0501226
0.0640581
0.0319767
-0.0234572
-0.0276202
-0.0400740
-0.0465958
-0.0059139
0.0095041
-0.0156632
-0.0015822
0.0393434
0.0196202
-0.0033711
-0.0093575
-0.0371798
0.0032883
0.0308028
-0.0355496
-0.0447972
-0.0100351
-0.0046289
0.0227145
0.0152494
-0.0348659
-0.0075240
0.0173358
-0.0267814
-0.0196006
0.0136605
-0.0107454
-0.0399140
-0.0223297
-0.0003248
-0.0042020
0.0067535
0.0345292
0.0262724
-0.0002421
-0.0018673
-0.0039180
0.0071906
0.0319265
0.0071634
-0.0237032
-0.0073684
-0.0113977
-0.0278835
0.0050342
0.0247336
-0.0013616
-0.0224942
-0.0310377
-0.0183928
0.0146265
0.0214058
-0.0006961
-0.0072816
0.0084442
0.0230002
0.0310868
0.0143218
0.0096124
0.0397604
0.0019708
-0.0303020
-0.0009170
-0.0239925
