0.7433448
0.6189931
0.3405913
-0.0884976
-0.3548102
-0.2998982
-0.2557996
-0.2811028
-0.1902262
-0.0571181
0.0215731
0.0386798
-0.0003531
0.0501979
0.1477554
0.1074068
0.0615152
0.0811256
0.0181726
0.0062304
0.0941170
0.0255192
-0.0808474
-0.0677004
-0.0751694
-0.0686703
-0.0122520
0.0123987
0.0144404
-0.0171966
-0.0427035
0.0355198
0.0211627
-0.0742774
0.0128433
0.0360102
-0.0212474
0.0129343
-0.0399312
-0.0391191
0.0285393
0.0018328
0.0428839
0.0898557
0.0075163
-0.0467902
-0.0295911
-0.0069532
0.0525657
0.0521879
0.0034592
0.0387733
0.0391423
0.0060861
0.0035202
-0.0592056
-0.0713840
0.0370440
0.0642885
0.0685522
0.1080835
-0.0014397
-0.0176752
0.0367530
-0.0365915
0.0423101
0.0440175
-0.0569456
0.0384822
0.0546551
0.0352783
0.0472688
-0.0634532
-0.0965661
-0.0479086
-0.0496233
0.0343399
0.0901290
-0.0293261
-0.0224525
0.0477129
0.0452367
0.0856551
-0.0119200
-0.0268625
0.0822914
0.0351857
0.0658386
0.0327164
-0.0631982
0.0626558
0.0825464
-0.0232225
-0.0039777
0.0459207
0.0214471
-0.0457224
-0.0083468
0.0680694
0.0374870
-0.0417906
-0.0954339
-0.0006774
0.0790109
-0.0281130
-0.0088854
0.0744203
-0.0277766
-0.0804072
-0.0329588
-0.0333360
0.0026827
0.0761546
0.0625260
0.0304896
0.0368160
-0.0043670
-0.0529830
-0.0214697
0.0360715
0.0144695
-0.0379059
-0.0392638
-0.0312589
0.0331409
0.0820524
0.0339956
0.0359283
-0.0012205
-0.0547243
0.0133778
-0.0185949
-0.0947267
-0.0235198
0.0175883
-0.0476454
-0.0969746
-0.0641906
0.0431025
0.0898968
-0.0186366
-0.0837945
0.0055956
0.0747626
0.0543920
0.0117674
-0.0084888
0.0125795
0.0335061
0.0404062
0.0697833
0.0527707
-0.0211309
0.0071889
0.0825741
0.0175342
-0.0190058
0.0573109
-0.0012618
-0.0985115
-0.0482405
-0.0185630
-0.0012295
0.0840505
0.0443783
-0.0159336
0.0657166
0.0243174
-0.0460884
0.0756759
0.1020815
0.0243868
0.0650913
0.0491863
-0.0361793
-0.0055834
-0.0292113
-0.1182569
-0.0713894
-0.0283640
-0.0693638
-0.0560956
-0.0225832
0.0385511
0.1186264
0.0440142
0.0539680
0.1700278
0.0705509
0.0605720
0.1363714
0.0579197
0.0529414
0.0296728
-0.0519267
-0.0422678
-0.1119127
-0.2803639
-0.3399701
-0.2844118
-0.2463830
-0.1226113
0.2257609
0.5808579
0.7388407
0.6614941
0.3283145
-0.0686547
-0.3549450
-0.4830637
-0.4065702
-0.2373129
-0.0812700
-0.0495289
-0.1244657
-0.0879014
-0.0361204
-0.0048130
0.0959141
0.1064410
0.0672823
0.0427260
0.0582616
0.1097298
0.0423782
0.0434825
0.0504135
-0.0784376
-0.0240093
0.0137054
-0.1106805
-0.1163910
-0.0855942
-0.0674164
-0.0390556
-0.0368314
0.0414805
0.1152499
0.0241130
-0.0575181
-0.0247032
-0.0009043
0.0303895
-0.0087259
-0.0536371
0.0538172
0.0499197
-0.0758347
-0.0765852
-0.0205625
0.0322737
0.0374830
-0.0763508
-0.0998607
0.0040726
-0.0421058
-0.0725809
0.0691141
0.0421669
-0.0848767
0.0030043
0.0831163
-0.0086112
-0.0191000
0.0330893
-0.0522760
-0.0614155
0.0571862
0.0218172
-0.0393306
-0.0506217
-0.0846060
-0.0243038
-0.0240592
-0.0431525
0.0468113
0.0518453
0.0576224
0.0610368
-0.0363249
-0.0523111
0.0019588
0.0102810
0.0193779
0.0253828
0.0516414
0.1134002
0.0196968
-0.0737198
0.0358983
0.0205566
-0.0712071
-0.0306631
-0.0193372
-0.0426102
-0.0482133
0.0199730
0.0798910
0.0030780
-0.0072043
0.0459903
0.0268429
-0.0008694
-0.0527033
-0.0824107
-0.0419765
0.0195498
0.0621199
0.0115064
-0.0493639
-0.0279435
0.0242704
0.0531198
-0.0295510
-0.0719158
0.0275392
0.0520506
-0.0037765
-0.0804163
-0.0702951
0.0477960
-0.0059513
-0.0714669
0.0049113
-0.0288699
-0.0574585
0.0315408
0.0515002
-0.0104568
-0.0023061
0.0672767
0.0238937
-0.0246820
-0.0066160
-0.0699221
-0.0545742
0.0031103
-0.0684642
-0.0278429
0.0694720
-0.0188521
-0.0631229
-0.0094764
-0.0641440
-0.0327415
0.0965560
0.0837759
0.0355467
-0.0188743
-0.0288777
0.0765352
0.0771961
0.0027848
0.0218082
0.0132202
-0.0713469
-0.0868177
-0.0143684
0.0833115
0.0679698
-0.0329769
0.0324267
0.0360615
-0.0826556
-0.0317703
-0.0103410
-0.0117239
0.0677885
0.0477934
0.0451791
0.0798853
0.0139176
-0.0094514
0.0325725
-0.0086810
-0.0495047
-0.0555872
-0.0918439
-0.0636074
-0.0502873
-0.1346111
-0.0911653
0.0182929
-0.0544395
-0.0821198
-0.0192607
-0.0458006
0.0367707
0.1409638
0.1209132
0.0869455
0.0182810
0.0680673
0.1743775
0.1115068
-0.0175938
-0.1182341
-0.0915511
-0.0442321
-0.1555171
-0.2306936
-0.2361181
-0.2977347
-0.2404815
0.0175918
0.2884269
0.4847269
0.5275371
0.3905607
0.2132929
-0.0407547
-0.2879177
-0.3353294
-0.3102660
-0.2655092
-0.1806412
-0.1324834
-0.1158516
-0.0778225
0.0229104
0.0760809
0.0572388
0.1297737
0.1862221
0.0882401
0.0225216
0.0227785
-0.0358282
-0.0072269
0.0437672
-0.0226341
-0.0189597
-0.0199472
-0.0178736
0.0292378
-0.0623953
-0.0725956
-0.0245331
-0.0881241
-0.0049838
0.1128901
0.0527760
0.0145982
0.0081519
-0.0463223
0.0099486
0.0642470
0.0510052
0.0958135
0.0353387
0.0002394
0.0760132
-0.0042041
-0.0471800
0.0540195
0.0318187
-0.0150416
0.0441596
0.0236492
-0.0176825
0.0155148
-0.0030843
-0.0176204
-0.0214029
-0.0387554
0.0064528
0.0080308
-0.0602650
-0.0463485
0.0431754
0.0787221
0.0005851
-0.1106235
-0.0654339
0.0662073
0.0256310
-0.0585234
-0.0167096
-0.0492483
-0.1010106
0.0243248
0.0361960
-0.0619858
0.0309231
0.0750408
-0.0051729
-0.0257375
-0.0341999
-0.0190480
0.0045258
0.0156904
0.0437904
0.0389011
-0.0009385
-0.0427394
-0.0223681
0.0473451
0.0212871
-0.0649453
-0.0494871
