0.5735906
0.6095756
0.4211094
0.0725026
0.0561646
0.0287944
-0.0808724
-0.0481334
-0.1400098
-0.0645661
-0.0325487
-0.0026445
-0.1052010
-0.1245068
-0.0158459
0.0323973
0.0964347
0.0860863
0.0427869
0.0799197
0.0745691
0.1010899
0.0894283
-0.0366092
0.0125067
0.0676273
0.0398860
0.0271638
-0.0978857
-0.0428016
0.0104901
-0.0721827
-0.0151537
-0.0548295
0.0000361
0.0970045
0.0295543
0.0699132
0.0649960
-0.0064849
-0.0173720
0.0563445
0.0554950
-0.0711347
0.0178852
0.0470171
0.0089902
0.0728987
-0.0649226
-0.0030983
0.1205594
-0.0312679
0.0054013
0.0599991
-0.0878960
-0.0063064
0.0590582
-0.0311779
0.0683103
-0.0380219
-0.1018879
-0.0019692
0.0371789
0.0065026
0.0233806
0.0180151
-0.1036200
-0.0319015
0.0518273
-0.0023162
0.0299111
0.0235434
0.0069869
-0.0386270
-0.0315076
0.0249492
0.0711629
-0.0136401
-0.0327823
0.0806949
0.0295974
0.0611269
-0.0030424
-0.0223159
-0.0411429
0.0158779
0.0980371
0.0394776
-0.0163740
0.0185084
0.0307096
-0.0178765
0.0172434
0.0005980
-0.0401140
-0.0849322
0.0384718
-0.0368876
-0.0049404
0.0439371
0.0339462
0.0612486
-0.0811906
-0.0430136
-0.0408496
0.0474521
-0.0138871
-0.0382567
0.0833300
-0.0441852
0.0306744
0.0299599
-0.0696858
0.0597295
-0.0127204
-0.0258590
0.0325103
0.0728912
0.0048353
-0.0355043
0.0482451
0.0705960
0.0138427
-0.0410948
-0.0047516
0.0974793
0.0656305
-0.0122389
-0.0183782
-0.0290370
-0.0276527
-0.0651840
-0.0041960
0.0293536
-0.0137671
-0.0218489
0.0348945
0.0436295
-0.0664709
-0.0185385
0.0740012
0.0843261
-0.0301532
0.0196011
0.0404760
-0.0702833
0.0508978
0.0079541
-0.0333769
-0.0110063
-0.0698335
0.0740253
-0.0230316
0.0697633
0.0346297
0.0293347
0.0219337
-0.0312924
0.0720588
-0.0605825
-0.0192136
0.0483556
-0.0902408
-0.0085446
-0.0177315
-0.0670938
-0.0263220
0.0060263
-0.0702233
-0.0025397
0.1042757
0.0059368
0.0347550
0.0687437
-0.0030805
-0.0218975
0.0328522
0.0482109
-0.0369697
-0.0823372
-0.0704956
-0.0913667
-0.1148169
-0.0945948
-0.0524943
-0.0867101
-0.0459875
0.1243553
0.1673304
0.1807932
0.2198195
0.4321636
0.5028112
0.3357869
-0.0331207
-0.6525948
-0.9844470
-0.8499480
-0.3178524
0.2710920
0.5621890
0.4582402
0.2740528
0.1211986
0.0813059
0.0572596
-0.0146474
-0.0392731
-0.0785599
-0.0695974
-0.0787741
-0.0942992
-0.1522663
-0.0326172
0.0303932
-0.0041064
0.0370184
0.0192875
0.0491132
0.1222234
0.0751421
0.0022500
0.0207288
-0.0152563
-0.0494699
-0.0257258
0.0004244
0.0066338
-0.0840042
-0.0752985
0.0274160
0.0060124
-0.0125087
-0.0146253
-0.0007925
0.0080584
-0.0370861
-0.0665960
-0.0449423
-0.0447408
-0.0132266
0.0872439
0.0426662
0.0000217
-0.0018662
-0.0764562
0.0216829
-0.0324995
-0.0186925
0.0091854
-0.0236548
0.0638679
0.0732767
0.0646671
0.0619468
0.0328023
0.0168638
-0.0366307
-0.0783183
-0.0289486
0.0017788
-0.0827418
-0.0201012
0.0828999
0.0359103
-0.0482488
-0.0736734
0.0548216
0.0481538
-0.0432284
0.0374219
0.0226469
0.0211880
0.0320097
-0.0101692
-0.0294649
0.0233069
0.0344204
-0.0342050
0.0233981
0.0506980
0.0707722
-0.0196463
-0.0807556
-0.0360972
0.0619826
-0.0427083
-0.0440756
-0.0135641
-0.0708719
0.0343070
-0.0836739
-0.0748701
-0.0334079
-0.0561929
-0.0435699
-0.0048480
0.0364520
-0.0545008
-0.0096270
0.0614132
0.0267242
0.0728270
-0.0097147
-0.0566704
-0.0762035
-0.0461679
-0.0513397
0.0039977
-0.0035511
-0.0106049
0.0112320
-0.0403918
-0.0168817
-0.0582918
-0.0462617
-0.0631598
-0.0837230
0.0375061
0.0875089
-0.0274528
-0.0200030
0.0126310
-0.0013889
0.0737636
0.0494097
0.0010579
0.0329913
0.0162864
-0.0034087
-0.0260789
0.0206435
0.1319717
-0.0267729
-0.0271697
0.0804856
0.0001823
0.0185670
-0.0306581
-0.0219682
-0.0423325
0.0292290
0.0371930
-0.0828058
-0.0230950
-0.0362094
-0.0302073
0.1005135
0.0412060
-0.0420971
-0.0155414
0.0506930
0.0455221
0.0259009
0.0125961
0.0674801
0.0118030
-0.0464284
0.0114131
0.0167887
0.0358757
0.0191659
-0.0369420
-0.0662463
0.0228178
0.0320780
-0.0724381
-0.0311086
0.0301540
0.0273946
0.0015476
0.0406399
0.0645988
0.0421659
0.1013613
-0.0402558
-0.0074300
-0.0034788
-0.1045060
-0.0835206
-0.0950866
-0.1366543
-0.1894180
-0.1044787
0.0584171
0.0560405
0.0427515
0.1508635
0.2598228
0.3693468
0.4793708
0.3062435
-0.2578346
-0.7247059
-0.9288753
-0.7558761
-0.1579713
0.3732969
0.6697283
0.4969478
0.2129877
0.0120521
0.0355632
0.0023686
-0.0277995
-0.0329849
-0.1900646
-0.1142195
-0.0449271
-0.0323663
-0.0719533
-0.0363619
-0.0251693
-0.0699287
0.0451501
0.0805192
-0.0343982
0.0156428
0.0824140
0.0066932
-0.0370476
-0.0102704
0.0069990
-0.0513682
-0.0877444
-0.0306979
-0.0472166
-0.0231576
-0.0193545
-0.0507261
0.0294416
0.0050416
-0.0086939
0.0087349
-0.0512444
-0.0595422
-0.0215316
0.0653767
0.0631845
-0.0110264
0.0154971
0.0077733
-0.0047454
0.0634188
0.0591178
-0.0072067
0.0310583
0.0358575
0.0057113
0.0199657
-0.0282543
0.0176265
0.0222723
-0.0769504
0.0248656
0.0395731
-0.0552625
0.0193371
0.0450296
-0.0649383
-0.0850828
-0.0802358
-0.0427809
-0.0633816
-0.0620833
-0.0320582
-0.0651201
-0.0538972
-0.0883241
0.0618139
-0.0276638
-0.0890292
0.0927368
-0.0378441
-0.0261644
0.0785730
-0.0509561
-0.0342602
0.0270925
-0.0179662
-0.0726665
0.0223446
-0.0455296
-0.0443078
-0.0065339
-0.1052309
0.0285757
0.0411527
-0.0596611
0.0825835
0.0622563
0.0037010
0.0142488
-0.0669632
0.0562305
0.0019540
-0.0703868
-0.0201928
-0.0200582
0.0687261
