0.3400772
0.3346475
0.1614683
0.0466976
-0.0954585
-0.2172749
-0.2241708
-0.2045211
-0.1163750
-0.0234975
-0.0194968
0.0013664
0.0598804
0.1055009
0.1119293
0.1249104
0.0819794
0.0336839
0.0346573
-0.0205398
-0.0376979
-0.0334452
-0.0453445
-0.0188647
-0.0135280
-0.0277154
-0.0128704
0.0230536
0.0324637
-0.0112425
0.0200570
0.0311605
-0.0174668
0.0168691
0.0323949
-0.0060346
-0.0194360
-0.0079480
0.0067326
-0.0151418
-0.0229694
-0.0108145
-0.0155294
0.0056495
-0.0096920
-0.0232317
-0.0098610
-0.0275314
-0.0140223
0.0083936
-0.0258427
-0.0081290
0.0319166
-0.0205073
-0.0228685
-0.0110301
-0.0416108
0.0166322
0.0212475
-0.0346871
0.0080735
0.0094181
0.0095796
0.0415662
-0.0281679
-0.0196386
0.0374097
-0.0041087
0.0202661
0.0092730
-0.0153365
0.0323711
0.0238976
-0.0042684
0.0069346
0.0317236
-0.0054371
0.0073360
0.0240323
0.0054014
0.0375504
0.0378858
0.0099442
0.0116924
0.0210426
-0.0227065
-0.0208478
-0.0244542
-0.0381880
0.0035989
-0.0222039
0.0004865
0.0343339
0.0018581
-0.0156995
0.0005158
0.0265357
0.0140115
-0.0135387
-0.0221310
-0.0063103
0.0183701
0.0172945
0.0144662
0.0362105
0.0110865
-0.0359965
-0.0029546
0.0342844
0.0010661
0.0101670
0.0084467
-0.0284246
-0.0058358
0.0075477
0.0251888
-0.0090611
-0.0027073
0.0216347
0.0057902
0.0096501
-0.0342562
0.0031668
0.0261616
-0.0201992
-0.0254216
0.0085210
0.0019212
-0.0285318
-0.0172384
-0.0298897
-0.0107135
-0.0252520
-0.0150250
0.0000377
-0.0097036
0.0348784
-0.0303330
-0.0540773
0.0088992
0.0144674
0.0212337
0.0046541
-0.0419958
-0.0193184
0.0140386
-0.0009316
0.0044672
0.0462694
0.0418581
-0.0029222
0.0167180
0.0362592
0.0039459
0.0063265
-0.0203896
-0.0194809
-0.0118532
-0.0447175
-0.0201229
-0.0199534
-0.0276873
-0.0004063
0.0101345
-0.0143619
0.0188396
0.0718009
0.0383562
0.0370479
0.0841350
0.0869283
0.0865930
0.0308271
-0.0560214
-0.0949643
-0.1187360
-0.1381214
-0.1805462
-0.1518277
-0.1021444
-0.0200151
0.1097727
0.2427790
0.3592780
0.3159440
0.1848134
-0.0118148
-0.2052437
-0.2569916
-0.2153362
-0.1349300
-0.0869524
-0.0600090
0.0183635
0.0330030
0.0453711
0.1027464
0.1045925
0.0733793
0.0309850
0.0025018
-0.0255488
-0.0180560
0.0065034
-0.0454886
-0.0272543
0.0054022
-0.0617080
-0.0268759
-0.0259044
-0.0237200
0.0328116
0.0035176
0.0013983
0.0488151
0.0398898
0.0049655
0.0252681
-0.0014812
-0.0178669
0.0002676
-0.0210757
-0.0193004
-0.0203815
-0.0146664
-0.0014174
-0.0042116
0.0097209
0.0166012
0.0031969
0.0019810
-0.0142175
-0.0377205
-0.0157908
-0.0033350
0.0051386
0.0135486
0.0285623
0.0306739
-0.0230292
0.0111675
0.0170793
-0.0279682
-0.0182146
-0.0223050
-0.0237218
-0.0010497
0.0143336
-0.0198735
-0.0264290
0.0205565
0.0241400
-0.0263215
-0.0270637
0.0229387
0.0111080
-0.0061094
0.0297102
0.0156156
-0.0187669
0.0148638
0.0284952
0.0169001
0.0290937
-0.0013774
0.0039974
-0.0196348
-0.0401321
0.0014366
-0.0384696
-0.0047230
0.0521309
-0.0063789
0.0301406
0.0625127
0.0235204
0.0297335
-0.0136411
-0.0212544
-0.0083528
-0.0566965
-0.1065578
-0.0805413
-0.0271988
0.0191786
0.0654831
0.0363053
0.0334176
0.0730342
0.0237462
0.0072313
0.0134831
-0.0243314
0.0116334
0.0062049
-0.0377147
-0.0219874
-0.0063780
-0.0373544
-0.0170506
0.0097253
-0.0155693
0.0210029
-0.0087587
0.0139231
0.0327483
-0.0076948
0.0384965
0.0242710
-0.0082875
-0.0065193
0.0141195
0.0106313
0.0089408
0.0192613
-0.0048458
-0.0116591
0.0089610
0.0264212
0.0124118
0.0208779
-0.0054675
-0.0100421
0.0198187
-0.0180922
0.0081299
0.0049026
-0.0181885
0.0126184
-0.0082986
-0.0120848
0.0498643
0.0491181
-0.0040420
0.0099659
0.0327315
0.0266593
0.0060300
-0.0279321
-0.0530740
-0.0411025
-0.0029813
-0.0389326
-0.0662754
-0.0259630
-0.0040940
0.0021260
-0.0077222
0.0087755
0.0664451
0.0591180
0.0626199
0.0860415
0.0623170
0.0199812
-0.0337484
-0.0774971
-0.1363897
-0.1546060
-0.1744376
-0.1658583
-0.0842439
-0.0027950
0.1209153
0.2451631
0.3162385
0.3198484
0.1849126
-0.0202673
-0.1710971
-0.2698276
-0.2528102
-0.1378691
-0.0825418
-0.0404067
-0.0270707
0.0066739
0.0675882
0.0798970
0.1142564
0.0833012
0.0591138
0.0538591
-0.0005186
-0.0212292
0.0060823
0.0071355
-0.0105811
-0.0024243
-0.0392219
-0.0582574
-0.0374421
-0.0224898
-0.0093516
-0.0290892
-0.0162609
0.0345281
0.0294891
-0.0056452
0.0149597
0.0599887
0.0469772
0.0074990
0.0044577
0.0072488
-0.0049445
-0.0457587
-0.0227302
0.0347110
0.0109487
-0.0027767
0.0199590
0.0277420
-0.0069795
-0.0264657
-0.0027845
-0.0152580
-0.0330161
-0.0164091
-0.0268474
-0.0203607
0.0238799
0.0276552
0.0126990
0.0296171
0.0264676
-0.0224802
-0.0354235
0.0096272
0.0242828
0.0130021
-0.0234163
-0.0335650
-0.0036652
-0.0191150
0.0169513
0.0422621
-0.0094677
0.0278760
0.0210005
-0.0189767
0.0409197
0.0380445
0.0425201
0.0035227
-0.0290912
0.0085482
0.0085731
0.0042864
-0.0220560
-0.0220820
0.0121350
-0.0115840
-0.0302184
-0.0205524
0.0118114
0.0439145
0.0171291
0.0277834
0.0321519
0.0018561
-0.0263779
-0.0567568
-0.0505303
-0.0689907
-0.1024065
-0.0722286
-0.0403199
0.0497594
0.0859973
0.0619433
0.0929275
0.0478259
-0.0066501
0.0088890
0.0270293
-0.0131343
-0.0004840
-0.0062915
-0.0638619
-0.0376416
-0.0201863
0.0151025
0.0390029
-0.0009091
0.0040810
0.0244959
0.0199592
0.0489811
0.0367292
-0.0242036
-0.0013315
0.0106088
-0.0239676
-0.0009051
0.0264051
0.0084227
0.0030456
0.0338153
0.0165130
