0.7314777
0.5405709
0.2641720
-0.1524824
-0.4111267
-0.3465556
-0.2736496
-0.2124363
-0.1016156
-0.0047850
0.0288600
-0.0052118
0.0516130
0.1365244
0.1049371
0.0836662
0.1017473
0.0891138
0.0492977
0.0056784
-0.0006521
0.0087432
0.0108059
0.0032792
-0.0395854
-0.0625880
-0.0510550
-0.0397510
-0.0330955
-0.0426579
0.0019830
0.0442413
-0.0020166
0.0221875
0.0750217
0.0183221
-0.0177882
-0.0058481
-0.0190430
-0.0099227
0.0069705
-0.0234488
-0.0200253
0.0532335
0.0398804
-0.0566009
-0.0446191
0.0217365
0.0349900
0.0324739
-0.0147898
-0.0530924
-0.0075144
0.0247200
0.0112647
-0.0060441
-0.0340178
-0.0303712
0.0258772
0.0480578
0.0264492
0.0020479
-0.0381395
-0.0303271
0.0312274
0.0469340
-0.0242909
-0.0916145
-0.0161289
0.0411461
-0.0264561
-0.0158397
-0.0045542
-0.0438235
0.0247173
0.0617999
-0.0120935
-0.0435872
-0.0028080
0.0309124
0.0091375
-0.0287698
-0.0474108
-0.0071120
0.0722092
0.0276571
-0.0600283
-0.0209557
0.0062417
-0.0151547
0.0205118
0.0447562
0.0337734
0.0432453
0.0223806
-0.0046922
0.0311531
0.0452124
0.0343757
0.0400471
0.0111129
-0.0014233
0.0222238
0.0095037
-0.0206682
-0.0162524
0.0133877
0.0245655
0.0102681
0.0236075
0.0650665
0.0448175
-0.0137867
-0.0267450
-0.0366807
-0.0357330
0.0137278
0.0362885
0.0219912
0.0253613
0.0152787
0.0036927
0.0413338
0.0612276
0.0390012
0.0183726
0.0133960
0.0448277
0.0326706
-0.0657628
-0.0740102
0.0114750
-0.0125775
-0.0261406
0.0629614
0.0382906
-0.0023469
0.0525221
0.0193381
-0.0388497
-0.0094411
0.0084587
0.0106078
0.0131172
-0.0442965
-0.0735234
-0.0433156
-0.0381867
-0.0181523
-0.0401123
-0.0925077
-0.0545410
-0.0289955
-0.0305737
-0.0165521
-0.0207117
0.0213431
0.0786311
0.0924766
0.0838972
0.0585557
0.0569526
0.0573040
0.0296521
0.0259946
0.0260702
-0.0120331
-0.0857948
-0.1964093
-0.3141890
-0.3806960
-0.3263087
-0.1608466
0.0978735
0.4536165
0.6847736
0.6544148
0.4743244
0.1323352
-0.2504736
-0.3945347
-0.3546781
-0.3040952
-0.2116535
-0.0799261
-0.0114173
-0.0199344
-0.0433960
0.0045693
0.1073772
0.1319428
0.0934401
0.0743346
0.0769098
0.0755416
0.0454313
0.0245903
-0.0088989
-0.0692483
-0.0626043
-0.0454429
-0.0686321
-0.0392609
-0.0185603
-0.0675792
-0.0637375
0.0253533
0.0523563
-0.0074014
-0.0000500
0.0272165
-0.0194140
-0.0090880
0.0223904
-0.0326403
-0.0465887
0.0157886
0.0544019
0.0559453
0.0210950
-0.0303030
-0.0127956
0.0469359
0.0392173
-0.0147336
-0.0367936
-0.0054983
0.0231048
0.0269785
0.0475192
0.0235152
-0.0138245
0.0042312
-0.0119222
-0.0077596
0.0495992
0.0476844
0.0272976
0.0237315
0.0122652
0.0060486
-0.0043415
0.0053239
0.0362912
0.0255609
-0.0225421
-0.0456559
-0.0271028
0.0062189
0.0266284
0.0133952
-0.0138011
-0.0035755
-0.0122960
-0.0585724
-0.0051122
0.0645206
0.0408776
0.0075351
-0.0437627
-0.0306231
0.0273312
-0.0157350
-0.0173031
0.0071812
-0.0518711
-0.0394439
0.0235503
0.0034951
-0.0251506
-0.0055545
0.0047976
0.0046450
-0.0090963
-0.0341360
-0.0154089
0.0248466
0.0636605
0.0464376
0.0051374
0.0493118
0.0157234
-0.0472066
0.0025875
-0.0212621
-0.0134454
0.0608366
0.0079531
-0.0055645
0.0582107
0.0415923
-0.0106509
-0.0397539
-0.0122251
0.0728446
0.0647403
-0.0399223
-0.0340465
0.0184790
-0.0153256
-0.0450902
-0.0230389
0.0297145
0.0176443
-0.0526416
-0.0206250
0.0494411
0.0446471
0.0399187
0.0428985
0.0322010
0.0701471
0.0601555
-0.0222583
0.0145323
0.0846271
0.0732853
0.0417361
-0.0288464
-0.0257921
0.0502718
0.0102265
-0.0680670
-0.0614435
-0.0299599
-0.0372170
-0.0418836
-0.0064278
-0.0191919
-0.0762014
-0.0557456
0.0096504
0.0331699
0.0426196
0.0598888
0.0469238
0.0224683
0.0549630
0.0840647
0.0476240
0.0306083
0.0038278
-0.0556108
-0.0701158
-0.1075848
-0.1918586
-0.2904478
-0.3408083
-0.2534284
-0.1218630
0.1205597
0.5095741
0.6669033
0.5244040
0.3490677
0.0704102
-0.2945811
-0.4233743
-0.3715433
-0.3089721
-0.1773577
-0.1024906
-0.1142975
-0.0459089
0.0262147
0.0331862
0.0749883
0.0821526
0.0530089
0.0968394
0.0706234
0.0052042
0.0014283
-0.0444448
-0.0224360
0.0218440
-0.0405336
-0.0588194
-0.0192951
0.0302098
0.0146760
-0.0798780
-0.0767365
-0.0407584
-0.0237369
0.0261345
0.0371961
0.0638898
0.0473758
0.0142129
0.0784738
0.0370442
0.0073866
0.0664015
-0.0174516
-0.0429340
0.0394659
0.0466393
0.0434909
0.0185926
0.0026313
0.0502298
0.0585106
-0.0096408
-0.0540810
0.0188721
0.0501097
-0.0376908
-0.0146572
0.0513264
-0.0106690
-0.0267315
0.0248457
-0.0076775
-0.0335945
0.0012697
-0.0089565
-0.0012654
0.0610312
0.0591880
-0.0075214
-0.0595974
-0.0221644
0.0543914
0.0566080
0.0153014
-0.0464308
-0.0451992
0.0408304
0.0323883
-0.0070251
0.0361508
0.0216257
-0.0465171
-0.0532671
-0.0453888
-0.0480788
-0.0360826
-0.0498644
-0.0343590
0.0443955
0.0718935
0.0358530
-0.0053200
-0.0037046
0.0401293
0.0247165
-0.0368556
-0.0535397
-0.0106097
0.0347470
0.0118789
-0.0004884
0.0323974
-0.0110177
-0.0688563
-0.0259115
0.0162661
-0.0294319
-0.0726857
-0.0400881
-0.0233048
-0.0386618
-0.0025538
0.0127963
-0.0159855
-0.0037671
0.0056768
-0.0091873
0.0005582
0.0067936
-0.0018944
0.0228944
0.0577789
0.0431224
0.0045698
0.0020637
0.0296742
0.0252510
0.0201702
0.0527518
0.0188586
-0.0543013
-0.0265339
0.0017373
-0.0554089
-0.0308356
0.0117294
-0.0289022
0.0268140
0.0414203
-0.0273896
0.0514789
0.0827194
0.0072906
-0.0164870
-0.0233288
0.0111561
0.0192454
-0.0298610
