0.5611016
0.4534194
0.0618532
-0.2271902
-0.3538313
-0.2222998
-0.1117310
-0.0765151
-0.0556695
-0.0365549
0.0045462
0.1293658
0.0729082
0.0464921
0.0446935
0.0147995
0.0816003
0.0207170
0.0280664
-0.0370476
-0.0964450
-0.0270635
-0.0601625
-0.0048006
0.0010002
-0.0548290
0.0352261
-0.0122967
-0.0249687
-0.0144049
-0.0090316
0.0685874
0.0356507
-0.0208046
-0.0179090
-0.0446829
-0.0675226
-0.0648911
-0.0128043
0.0097784
-0.0325112
-0.0125606
-0.0240211
0.0513368
0.0049500
0.0531317
0.0520739
0.0215452
-0.0314330
-0.0144554
-0.0576013
0.0353401
-0.0576254
-0.0954150
-0.0380500
-0.0480822
-0.0556381
0.0056299
-0.0034822
0.0703162
0.0415385
0.0774529
0.1205759
0.0914725
0.1053646
0.0261266
-0.0701398
-0.0830846
-0.1171747
-0.2564861
-0.3433029
-0.3178802
-0.1141976
0.2959589
0.6068015
0.4874221
0.2082078
-0.0930423
-0.2453048
-0.2920457
-0.2509272
-0.0866630
-0.0092696
-0.0649220
0.0587351
0.1130065
0.0447112
0.0711135
0.0838014
0.0355560
-0.0105093
0.0183793
-0.0268659
-0.0336767
0.0097817
-0.0483874
-0.0309179
0.0025818
-0.0112891
0.0003245
0.0239332
-0.0222681
0.0391726
0.0375750
-0.0289941
0.0463802
0.0119855
0.0208866
0.0596969
0.0243726
-0.0199169
0.0269611
-0.0087279
-0.0598502
-0.0346432
-0.0305716
-0.0458569
-0.0244574
0.0395714
0.0266674
-0.0204328
0.0182778
0.0173988
-0.0192319
-0.0636170
0.0240296
-0.0383129
-0.0204349
-0.0359979
-0.0904386
-0.0496683
-0.0248845
-0.0063998
-0.0329144
0.0189332
0.1364474
0.0905250
0.1067436
0.1286420
0.0150819
0.0312903
-0.0501337
-0.1030116
-0.1937330
-0.3226040
-0.3307315
-0.2390456
0.1036589
0.4582942
0.6457708
0.4035957
0.0846464
-0.2932585
-0.3595114
-0.2647077
-0.1395529
-0.0354107
-0.0826237
-0.0373384
0.0814593
0.0498169
0.0241545
0.0732086
-0.0075187
0.0720793
0.0004619
0.0032077
0.0197689
-0.0067278
-0.0284727
-0.1054104
-0.0515370
-0.0155679
-0.0372582
-0.0103035
0.0416913
-0.0329318
0.0339220
-0.0432931
0.0076217
-0.0218245
-0.0281526
0.0589822
0.0069678
0.0428894
-0.0014432
0.0058996
0.0169719
0.0075320
0.0318616
-0.0045839
-0.0054685
0.0051598
0.0412664
0.0620523
0.0321500
-0.0003097
-0.0166513
0.0101876
-0.0121483
-0.0392902
-0.0700428
-0.0839917
-0.0637577
-0.0560196
0.0197261
-0.0019600
0.0016803
0.0457477
0.0377382
0.1257375
0.1140431
0.0963859
0.0540709
-0.0024472
-0.0056096
-0.1211788
-0.1828090
-0.2299044
-0.3453003
-0.3117486
-0.0735060
0.3568763
0.6252683
0.6713466
0.2728998
-0.1694079
-0.3394152
-0.2815660
-0.2745157
-0.0952278
-0.0690655
-0.0759829
0.0306386
0.0828908
0.1250741
0.1316285
0.0562344
0.0446049
0.1150528
0.0597639
0.0525756
-0.0405749
-0.0676591
0.0144942
-0.0738832
-0.0858561
-0.0556207
-0.0573890
-0.0053931
0.0247018
0.0664211
0.0123773
0.0358589
0.0269603
-0.0073268
-0.0450447
0.0249319
0.0479388
0.0021623
-0.0237132
0.0157759
-0.0219353
0.0191493
0.0185171
-0.0585790
-0.0227178
0.0630251
0.0181869
-0.0099839
0.0670896
0.0547521
0.0161076
-0.0309533
-0.0226213
-0.0620768
-0.0567260
0.0143170
0.0005914
-0.0271951
-0.0783484
-0.0218651
0.0443405
0.0470950
0.0078595
0.1261740
0.0630681
0.1099495
0.1050979
0.0793612
0.0198665
-0.0495093
-0.1605554
-0.2028317
-0.3336293
-0.2401053
-0.0453973
0.2209142
0.5506779
0.4802941
0.2336720
-0.1585796
-0.2992235
-0.2667257
-0.1603416
-0.0956947
-0.0253526
-0.0080101
-0.0026489
0.0711735
0.0111427
0.1068578
0.0310898
0.0295175
0.0874101
0.0096237
0.0063798
0.0018733
-0.0338352
-0.0028477
-0.0442477
-0.0289834
-0.0596913
0.0237233
-0.0537149
-0.0028826
-0.0289037
0.0569108
0.0647942
0.0196029
0.0544692
0.0135862
-0.0256954
-0.0459474
0.0236895
-0.0161734
-0.0492141
0.0233734
-0.0306430
0.0222171
0.0154623
0.0096360
0.0377328
-0.0072911
0.0152494
0.0185507
0.0322449
0.0310477
0.0169036
0.0342106
0.0115014
-0.0676396
0.0279905
-0.0135016
-0.0540605
-0.0658854
0.0075297
-0.0079249
0.0073061
0.0133007
0.0437744
0.1399738
0.0581066
0.1076689
0.0200394
-0.0477463
-0.0101157
-0.0547399
-0.1504803
-0.2540299
-0.3129935
-0.0507044
0.3355689
0.5583193
0.5358733
0.1855505
-0.0984583
-0.3081793
-0.2739378
-0.1100400
-0.0457699
-0.0123843
-0.0426927
0.0394860
-0.0079006
0.0340308
0.0702215
0.0174966
0.0227241
0.0251197
-0.0300235
-0.0198414
-0.0447423
0.0123235
0.0061540
-0.0723905
0.0074094
0.0146983
-0.0353304
-0.0184607
0.0148311
-0.0261405
0.0497549
0.0026130
-0.0321451
0.0102597
-0.0139206
0.0069447
0.0353343
0.0048760
-0.0891697
-0.0172526
0.0022501
-0.0847474
-0.0352168
0.0302653
0.0604490
0.0234425
0.0209165
0.0090444
-0.0298975
-0.0145456
-0.0178494
0.0397823
0.0299115
-0.0110202
-0.0302680
-0.0006119
-0.0874260
-0.0879630
0.0025713
-0.0283153
0.0169672
0.0233069
0.0428604
0.1270876
0.0752653
0.1188829
0.1228235
-0.0037365
-0.0364666
-0.1045334
-0.2364280
-0.3018038
-0.3472745
-0.3127837
0.0293261
0.4284801
0.6156080
0.5146510
0.1660461
-0.1489156
-0.2816156
-0.2605185
-0.1426328
-0.0502841
-0.0944221
0.0362227
-0.0018683
0.0575497
0.1356804
0.1386337
0.0404464
0.0787612
0.0571238
0.0236461
-0.0311135
-0.0092162
-0.0209714
-0.0398046
-0.0387338
-0.0677084
-0.0258331
-0.0154763
0.0124829
0.0307081
0.0195729
-0.0058189
0.0094509
0.0583406
0.0044257
0.0286253
0.0309007
-0.0719572
-0.0022266
0.0223401
-0.0123828
0.0296051
0.0143353
0.0458963
-0.0148676
-0.0491611
-0.0002123
0.0692192
0.0290109
0.0553666
0.0312559
0.0259650
0.0361070
-0.0064165
