0.5914159
0.4521876
0.1222941
-0.2568899
-0.3109091
-0.1518852
-0.1432064
-0.1346039
-0.0591404
0.0598971
0.0278437
0.0951197
0.0977241
0.0654571
0.1104991
0.0541093
0.0301407
-0.0009384
0.0497077
-0.0001788
-0.0262490
0.0129931
-0.0044540
0.0072394
0.0304210
0.0192792
0.0327766
-0.0246339
0.0311382
0.0756332
0.0381509
0.0464920
-0.0205062
-0.0181966
0.0143992
-0.0138155
-0.0139229
0.0286778
0.0147074
0.0394985
-0.0595632
0.0182554
0.0170228
0.0026537
0.0036328
-0.0356120
-0.0290595
-0.0001286
0.0628850
-0.0200804
-0.0334375
-0.0004250
0.0005685
-0.0758402
-0.0899161
-0.0826686
-0.0675151
-0.0509107
0.0206221
0.0148633
0.0773965
0.1266863
0.1030652
0.1102398
0.0993487
0.0065159
-0.0879380
-0.0808010
-0.1311095
-0.2970814
-0.3855073
-0.2957596
-0.0304341
0.3213826
0.6284198
0.6146459
0.2670070
-0.1220085
-0.4025880
-0.3522151
-0.2308769
-0.1455845
-0.0789403
-0.0791274
-0.0006713
0.0345802
0.1144595
0.1317941
0.0376482
0.0186324
0.0300526
0.0227868
-0.0017620
-0.0196244
-0.0245238
-0.0965825
0.0138958
-0.0533455
-0.0503842
0.0173229
-0.0072012
0.0293911
-0.0035625
0.0505840
0.0565740
0.0614480
-0.0007817
-0.0595369
-0.0159712
0.0378538
0.0070514
-0.0430725
-0.0260639
-0.0571774
-0.0251815
0.0596610
0.0106703
-0.0220607
0.0475243
0.0552194
0.0561849
-0.0035780
0.0047801
0.0189087
-0.0340979
0.0209340
-0.0774158
-0.0326496
-0.0527607
-0.0768397
-0.0627514
-0.0323993
-0.0031025
-0.0098068
0.0763780
0.0361112
0.0732436
0.1314515
0.1515013
0.0904072
0.0527390
-0.0499608
-0.1467119
-0.2572188
-0.2924555
-0.3894295
-0.3292255
0.0834461
0.4498802
0.6307337
0.5124892
0.1918097
-0.1537505
-0.3814393
-0.3249291
-0.1516930
-0.1279188
-0.0707183
0.0098930
0.0526767
0.1165652
0.0899191
0.0777330
0.1061817
0.0823292
-0.0061496
0.0465246
-0.0125769
-0.0452553
-0.0382186
-0.0574574
-0.0204210
-0.0792496
-0.0154279
-0.0534606
0.0196901
-0.0011492
0.0137155
0.0055864
0.0192098
0.0003198
0.0082270
0.0395907
-0.0556364
-0.0002067
-0.0398328
-0.0288626
-0.0120675
-0.0024045
0.0150279
0.0004991
0.0136474
-0.0452595
0.0507277
0.0168917
-0.0228187
0.0059251
-0.0212794
0.0688605
0.0009755
-0.0663166
-0.0587733
-0.0522673
-0.0494773
-0.0362957
-0.0313615
-0.0307513
-0.0519901
-0.0187394
0.0697236
0.0296113
0.1186576
0.1610691
0.1670882
0.0744145
0.0302825
-0.0528318
-0.1798162
-0.2193225
-0.3988868
-0.3901725
-0.2264814
0.1832513
0.5728175
0.7138026
0.5545395
0.0936041
-0.2084852
-0.4614065
-0.3501244
-0.1348568
-0.0900623
-0.0635527
-0.0345134
0.0478662
0.1337126
0.1260884
0.0985184
0.0608719
0.0247193
0.0686516
0.0283204
0.0197157
-0.0146942
-0.0366858
-0.0829012
-0.0486424
-0.0620654
0.0052528
-0.0206103
-0.0517921
-0.0345989
0.0471718
0.0439484
-0.0232097
0.0261810
-0.0092344
0.0213343
0.0140474
0.0052942
-0.0313174
-0.0017536
-0.0701554
0.0120036
0.0068925
-0.0185725
-0.0214164
-0.0094122
0.0025932
-0.0369289
0.0304330
0.0323295
0.0344426
0.0116842
0.0090850
-0.0450371
-0.0883457
-0.0090684
-0.0371465
-0.0625536
-0.0441369
0.0083325
0.0301483
-0.0240480
0.0674314
0.0509964
0.1035647
0.1163346
0.0828024
0.0931285
-0.0090257
-0.0183171
-0.1464001
-0.2715050
-0.3671273
-0.3082582
-0.1125185
0.2324224
0.5879160
0.5501877
0.2708247
-0.0565520
-0.2582073
-0.3771592
-0.2822984
-0.1147927
-0.1250088
0.0042662
0.0275346
0.0850489
0.1638990
0.0422212
0.0956540
0.0770913
-0.0047480
0.0152865
-0.0168750
-0.0265134
0.0237467
-0.0458106
-0.0491416
-0.0349734
-0.0600877
-0.0270505
0.0198791
0.0285180
-0.0513316
0.0297831
0.0350278
-0.0406280
-0.0138729
-0.0162960
-0.0300850
0.0082358
0.0100413
-0.0324685
-0.0682611
0.0183625
-0.0101228
0.0289458
-0.0467561
0.0450148
-0.0115446
0.0104468
0.0364469
0.0015728
-0.0383255
0.0353944
0.0013809
0.0136019
-0.0019493
-0.0640883
0.0267139
-0.0585482
-0.0909300
-0.0622331
-0.0115725
0.0804313
0.0169344
0.0641067
0.0763489
0.0686491
0.1024033
0.0354280
0.0170207
-0.1118199
-0.1348224
-0.2016728
-0.3546405
-0.3879009
-0.2515955
0.1122511
0.4845286
0.6265575
0.3857227
0.0564639
-0.2314229
-0.3122358
-0.2972430
-0.1364663
-0.0202292
-0.0052985
0.0008816
0.0554031
0.0565499
0.0817592
0.1317662
0.0557431
0.0174246
0.0787290
0.0284146
-0.0752516
-0.0464929
-0.0047905
-0.0111903
-0.0304976
-0.0874217
-0.0462936
0.0037630
-0.0418662
0.0195918
-0.0321983
0.0156591
0.0504020
0.0314131
0.0223666
-0.0233710
-0.0211854
0.0069570
-0.0536267
0.0014523
0.0102873
0.0247856
-0.0085703
0.0241868
0.0753369
-0.0312088
0.0348592
0.0625566
0.0050733
-0.0113468
-0.0002757
-0.0359496
-0.0110370
0.0306569
-0.0267868
-0.0669383
-0.0534877
-0.0388291
-0.0337671
-0.0097949
0.0147381
0.0503205
0.0025444
0.0563969
0.0792407
0.1271774
0.0677156
0.0786378
-0.0192968
-0.1226817
-0.1902129
-0.2108626
-0.3703934
-0.3159577
-0.1480939
0.2083869
0.5815966
0.7225891
0.3791864
-0.0784322
-0.3709307
-0.4314366
-0.2678387
-0.1296807
-0.0269330
-0.0125103
0.0115051
0.1004789
0.0441433
0.1050111
0.1190712
-0.0017214
0.0462355
0.0807116
0.0075950
-0.0707050
-0.0660998
-0.1001427
-0.0230210
-0.0358284
-0.0236287
-0.0497579
-0.0545565
-0.0312212
0.0464369
0.0061356
0.0791925
0.0769119
0.0276487
0.0046585
-0.0039197
0.0122355
0.0170390
-0.0452647
-0.0236250
-0.0208835
-0.0186276
-0.0390896
-0.0537562
0.0115286
0.0110923
-0.0271885
-0.0085633
-0.0077260
0.0399277
0.0494550
-0.0504861
-0.0371793
-0.0535448
