0.5567180
0.4573910
0.2064484
-0.0809173
-0.2885755
-0.3759548
-0.3082944
-0.1865284
-0.0811993
-0.0155415
-0.0506813
-0.0245133
0.0808055
0.0517934
0.0102995
0.0802228
0.0802537
0.0126254
0.0462405
0.1087681
0.0642409
-0.0035056
-0.0110257
-0.0180828
-0.0488563
-0.0693498
-0.0445177
0.0167234
0.0146750
-0.0292914
0.0003923
0.0173389
-0.0288784
-0.0113811
0.0299427
-0.0062995
-0.0079413
0.0734900
0.0915433
0.0162608
-0.0421025
-0.0321704
0.0215060
0.0493010
0.0027337
-0.0238591
-0.0402762
-0.0977200
-0.0150467
0.0349842
-0.0588818
0.0071822
0.0134987
-0.0559329
0.0366083
-0.0023886
-0.0422941
0.0664205
0.0156448
-0.0525411
0.0064962
0.0087807
-0.0015646
0.0424417
0.0189223
-0.0160576
0.0304264
0.0290545
-0.0018518
0.0340615
0.0381974
-0.0133011
-0.0079544
0.0346614
-0.0126267
-0.0703893
-0.0078128
0.0366761
-0.0140933
-0.0137441
0.0206993
-0.0253831
-0.0369783
-0.0166834
-0.0626379
-0.0039679
0.0550763
-0.0109098
0.0315453
0.0443576
-0.0269411
0.0219268
0.0201316
-0.0336825
-0.0004932
0.0386072
0.0320974
-0.0298854
-0.0416748
-0.0192440
-0.0437454
0.0171496
0.0402661
-0.0396990
0.0041962
0.0455430
-0.0290379
-0.0460576
-0.0062492
0.0140911
0.0043810
-0.0331575
-0.0390182
0.0075412
0.0221988
-0.0235628
-0.0096736
0.0519644
0.0057856
-0.0485267
-0.0089546
0.0031672
0.0161961
0.0352433
-0.0348173
-0.0539633
0.0366605
0.0535326
-0.0026540
-0.0133893
-0.0152334
-0.0129462
0.0138521
-0.0141667
-0.0459438
0.0150752
0.0429700
-0.0146546
-0.0113233
0.0329976
0.0561537
0.0644379
0.0081899
-0.0065997
0.0260731
0.0050972
0.0300051
0.0434036
0.0186583
0.0353092
-0.0218205
-0.0724494
-0.0327479
-0.0434935
-0.0799394
-0.0745878
-0.0383849
0.0085585
0.0058828
-0.0107183
0.0371550
0.0604167
0.0201198
0.0515220
0.1074348
0.0988593
0.1033984
0.0986440
0.0822307
0.0921116
0.0755092
0.0499936
0.0055452
-0.0642701
-0.0900614
-0.0982948
-0.1392190
-0.2391466
-0.3143866
-0.2074584
0.0088514
0.2612365
0.5590434
0.6847973
0.4837429
0.1112511
-0.1856426
-0.3237348
-0.3835810
-0.3169310
-0.1222464
-0.0129817
-0.0102311
0.0105671
0.0498726
0.0740497
0.0693575
0.0630038
0.0720005
0.0831379
0.1060707
0.0965016
0.0512589
0.0209838
-0.0098382
-0.0060757
-0.0039459
-0.0645435
-0.0684434
-0.0153085
0.0130827
-0.0016089
-0.0595566
-0.0262024
0.0393859
-0.0249078
-0.0442955
0.0323614
0.0184700
-0.0372780
-0.0199383
-0.0049734
-0.0159573
0.0003054
0.0069365
-0.0138024
-0.0363032
-0.0114925
0.0387324
-0.0013160
-0.0356292
0.0248965
0.0248117
-0.0077114
0.0521157
0.0527217
-0.0444561
-0.0315492
0.0432362
0.0541916
0.0517504
0.0211025
-0.0026756
0.0243652
0.0023730
-0.0456206
-0.0351601
-0.0324158
-0.0289055
0.0278117
0.0225446
-0.0245758
0.0066820
0.0177039
-0.0027739
0.0432610
0.0496076
-0.0342520
-0.0477585
0.0111872
0.0113043
-0.0328576
-0.0531946
-0.0096230
0.0270827
0.0021104
0.0149965
0.0084336
-0.0390315
0.0020272
0.0291068
-0.0070477
0.0207653
0.0490475
0.0039344
-0.0215236
-0.0216829
-0.0273449
0.0051090
0.0072935
-0.0437214
-0.0253107
0.0392084
0.0587512
0.0406421
0.0091057
-0.0172180
-0.0154001
0.0229713
0.0400878
0.0014762
-0.0211503
-0.0086960
0.0108929
0.0442651
0.0477794
0.0126561
0.0050263
0.0210251
0.0163989
-0.0058512
-0.0251020
-0.0457204
-0.0592040
-0.0361416
0.0042237
0.0048087
-0.0131296
0.0041307
-0.0130420
-0.0486939
0.0041874
0.0221168
-0.0433969
-0.0172737
0.0407553
-0.0159067
-0.0621658
-0.0568567
-0.0729754
-0.0059644
0.0424789
-0.0261264
-0.0436366
-0.0572743
-0.0203930
0.0669192
0.0064129
0.0100089
0.0676159
0.0132855
0.0274213
0.0375448
0.0242550
0.0284383
-0.0383886
-0.0153338
0.0102916
-0.0634535
-0.0307787
0.0169181
0.0059433
0.0009012
-0.0424375
-0.0493099
0.0125791
0.0795549
0.0980067
0.0438254
0.0441418
0.1126639
0.1055484
0.0671799
0.0807458
0.0421703
-0.0407490
-0.0797477
-0.1268075
-0.1108504
-0.1133841
-0.2752990
-0.3043650
-0.2200863
-0.1690745
0.0920739
0.4228786
0.5751190
0.5783137
0.4043018
0.1292544
-0.1346990
-0.3140206
-0.3235175
-0.2230522
-0.1124918
-0.0528869
-0.0337292
0.0179495
0.0575013
0.0559646
0.0671436
0.0804772
0.0901094
0.0580013
0.0124563
0.0372175
0.0238887
-0.0081969
0.0098164
-0.0063922
0.0140780
0.0143217
-0.0458247
-0.0112755
-0.0197846
-0.0844979
-0.0522357
-0.0432499
-0.0456300
0.0128691
0.0387830
0.0020628
-0.0367757
-0.0058724
0.0196841
-0.0145872
0.0127260
0.0536445
0.0137008
0.0009001
0.0161069
-0.0337419
-0.0536992
0.0073452
0.0379962
0.0387611
0.0225693
-0.0126713
0.0164095
0.0577281
0.0514235
0.0228123
-0.0223263
-0.0117371
0.0013752
-0.0202804
0.0287653
0.0683127
0.0511020
0.0159048
-0.0229809
0.0301951
0.0492418
-0.0373523
-0.0365151
0.0075582
0.0196031
0.0220191
0.0210401
0.0604698
0.0276109
-0.0113439
0.0466265
-0.0038841
-0.0714853
-0.0485527
-0.0545906
0.0053739
0.0589194
-0.0029874
-0.0155773
0.0278892
0.0340278
0.0138864
0.0329390
0.0678016
0.0151160
-0.0206150
0.0263477
0.0142484
-0.0005863
0.0627399
0.0272243
-0.0675070
-0.0100234
0.0297509
-0.0408129
-0.0254291
-0.0047562
-0.0534973
-0.0428423
-0.0022431
0.0217474
0.0493836
0.0382484
-0.0092179
-0.0267383
-0.0197263
-0.0212490
-0.0107627
0.0059012
0.0110834
0.0267359
0.0398277
0.0280873
0.0307743
0.0488948
0.0503001
0.0247101
-0.0268244
-0.0193338
0.0376102
0.0213316
-0.0007767
0.0296649
0.0322886
0.0236114
0.0346224
0.0205965
-0.0274712
