0.5356636
0.4150438
0.1486305
-0.3364906
-0.6881446
-0.5285128
-0.2270672
0.0308040
0.2318924
0.1921031
0.2121753
0.2695355
0.1813148
0.0330701
0.0248769
-0.0125544
-0.0649342
-0.1671272
-0.0768272
-0.1016427
-0.0914597
0.0033747
-0.0224719
0.0465331
0.0235134
0.0971206
0.0391870
0.0794016
0.0242123
0.0020083
0.0175143
-0.0137271
0.0059324
-0.0268924
-0.0395372
-0.0512346
0.0427997
-0.0094820
-0.0081222
-0.0423291
-0.0157024
-0.0197561
0.0112105
0.0301714
0.0306257
0.0635554
0.0398843
0.0185228
0.0201142
-0.0063835
0.0385408
-0.0156897
-0.0379582
0.0298833
0.0156509
-0.0424684
-0.0072019
-0.0176936
-0.0395037
0.0249561
0.0305119
0.0190269
0.0080208
-0.0069493
-0.0100047
-0.0709609
0.0138667
-0.0184666
0.0036408
-0.0072439
-0.0359946
-0.0446214
0.0217636
-0.0047629
0.0113693
0.0248190
0.0157612
-0.0753542
-0.0273669
0.0022414
-0.0425096
-0.0039676
0.0231997
0.0262581
0.0408884
-0.0391886
-0.0033301
-0.0342964
-0.0494043
0.0447504
0.0275020
0.0340009
-0.0331933
0.0410744
-0.0583014
-0.0109458
0.0221191
-0.0116630
-0.0243847
-0.0288948
-0.0538453
-0.0559075
-0.0329001
-0.0342001
0.0248754
-0.0030017
-0.0066077
0.0416227
0.0206697
-0.0394423
0.0036188
-0.0183443
0.0233352
0.0008663
-0.0349598
-0.0136517
0.0408246
0.0032482
0.0017763
-0.0275592
-0.0342293
-0.0321556
-0.0427605
0.0275355
0.0250572
-0.0473572
-0.0033306
-0.0043150
-0.0406811
0.0534478
-0.0420874
-0.0383205
0.0034607
-0.0310461
0.0458611
-0.0190627
-0.0239920
-0.0153898
-0.0312804
0.0393905
-0.0393407
0.0178838
-0.0186789
0.0378364
0.0072068
-0.0317043
0.0329936
-0.0234370
0.0519156
-0.0814140
0.0057827
-0.0071985
-0.0323116
-0.0138384
0.0389889
-0.0026714
0.0448068
0.0421439
0.0200321
0.0066579
-0.0037011
-0.0430437
0.0119703
0.0277637
0.0206436
-0.0589828
-0.0250713
0.0220554
0.0684604
0.0670692
0.0082040
-0.0580523
0.0294228
0.0316860
-0.0379262
-0.0280346
0.0170558
-0.0267080
-0.0309274
-0.0119058
0.0256123
-0.0099264
-0.0085497
0.0571985
0.0626908
0.0190341
0.0275869
0.0722088
-0.0306231
-0.0313373
-0.0205449
-0.1158240
-0.1230608
-0.0512120
-0.0824342
-0.0936774
-0.0577613
0.0151466
0.1265658
0.2488375
0.4674007
0.4470145
0.0727189
-0.3451055
-0.6226089
-0.6183340
-0.2344490
0.0179515
0.2083680
0.2341652
0.2046845
0.2679090
0.1504227
0.0555598
0.0197472
-0.1071468
-0.0589953
-0.0976067
-0.1394796
-0.0952420
-0.0464944
-0.0667145
0.0502033
0.0326889
0.0782935
0.0827985
0.0562109
0.0876001
0.0391686
-0.0261939
-0.0217451
0.0117989
-0.0784437
-0.0050060
0.0130645
0.0133512
-0.0356613
-0.0049965
-0.0299410
0.0209465
-0.0044973
0.0220469
-0.0026458
-0.0342335
0.0280679
-0.0420980
0.0175946
0.0257611
0.0456267
0.0060954
-0.0470979
0.0313562
0.0248683
0.0463270
0.0527445
0.0459243
0.0401485
0.0030024
-0.0485893
-0.0396436
-0.0551065
-0.0006910
0.0322393
-0.0636449
0.0170007
0.0503520
0.0553882
0.0244865
-0.0172764
0.0417503
0.0019854
0.0121042
-0.0300168
0.0386902
-0.0440265
-0.0325559
-0.0110785
-0.0570106
-0.0372439
-0.0422854
0.0130099
0.0439694
0.0066157
-0.0262894
0.0349767
0.0125792
0.0074725
0.0069752
-0.0214030
0.0584385
0.0630761
-0.0278800
0.0052527
0.0076715
-0.0131241
0.0235650
-0.0683081
-0.0391640
0.0097298
0.0506325
0.0044390
-0.0291881
-0.0554287
-0.0433413
0.0222645
0.0372568
0.0021565
-0.0424696
-0.0477870
-0.0064342
-0.0096321
-0.0402335
0.0131315
-0.0470420
-0.0090949
0.0601201
-0.0295602
-0.0431654
0.0420756
-0.0439620
-0.0602033
-0.0590763
0.0032573
-0.0397559
0.0091900
0.0208502
-0.0569581
0.0195411
0.0152885
-0.0153945
-0.0565120
0.0669137
-0.0308860
0.0138785
0.0004105
-0.0320941
0.0466957
0.0520314
0.0389276
-0.0455807
-0.0255444
-0.0403024
-0.0161647
-0.0373898
0.0306867
-0.0296268
0.0433570
-0.0020548
0.0109435
-0.0147296
0.0180392
-0.0155038
0.0281430
0.0090107
-0.0314727
0.0344929
0.0501314
-0.0511038
-0.0120102
-0.0113036
0.0113689
-0.0344990
-0.0109364
0.0126168
-0.0553988
0.0395611
0.0352464
-0.0211906
0.0214985
0.0831339
0.0742714
0.0101452
-0.0345939
0.0071847
-0.0425461
-0.0945795
-0.0670440
-0.0063643
-0.0429317
-0.0219293
0.0632770
0.0966108
0.0373205
0.0419424
0.1397129
0.0688101
-0.0031925
-0.0742333
-0.0315317
-0.0772446
-0.0615656
-0.0146916
-0.0852702
-0.0611430
-0.1081733
-0.1052503
-0.0453007
0.0892718
0.3524496
0.5186872
0.4974840
0.0525612
-0.3623046
-0.6673682
-0.5418470
-0.2178010
0.0928136
0.2453227
0.2360502
0.2058534
0.2502318
0.1367689
0.1422850
0.0107225
-0.1006331
-0.1305183
-0.0962996
-0.1001947
-0.1740821
-0.0426464
-0.0041760
-0.0510872
0.0315047
0.1083735
0.0385269
0.0784252
0.0508741
-0.0198481
-0.0156654
-0.0181093
-0.0512581
-0.0436836
-0.0162566
-0.0432499
0.0039992
0.0122374
-0.0025064
-0.0255173
-0.0107423
0.0192396
-0.0295100
0.0479609
-0.0385901
0.0360137
-0.0020941
0.0154857
0.0327335
0.0208767
-0.0275111
-0.0475359
-0.0566947
-0.0270490
0.0635342
0.0008862
0.0067815
-0.0098297
-0.0429871
0.0448678
-0.0152383
0.0239346
0.0552363
-0.0133312
-0.0352010
-0.0464033
0.0140194
-0.0154430
-0.0362942
0.0077730
-0.0291906
-0.0006686
-0.0243962
0.0178222
0.0274080
0.0391207
-0.0069981
0.0048909
-0.0058675
0.0421357
-0.0505902
0.0304404
0.0559656
0.0342414
0.0429191
-0.0325929
-0.0405249
-0.0045342
-0.0155892
-0.0188799
-0.0371101
-0.0699414
0.0036899
0.0017850
-0.0265241
-0.0256628
0.0303268
-0.0091678
0.0458118
0.0430633
-0.0313001
0.0534239
