0.4445018
0.4312325
0.2697870
-0.1332074
-0.4190207
-0.3513222
-0.1458875
-0.0358425
0.0437387
0.1041557
0.0991996
0.0711834
0.0436443
0.0156487
-0.0538096
0.0045766
-0.0445710
0.0179093
-0.0305568
-0.0260436
0.0118837
-0.0449911
-0.0407693
-0.0466085
-0.0150835
0.0044895
0.0378681
0.0235768
-0.0171462
-0.0020677
0.0465346
0.0210010
-0.0202653
-0.0413904
0.0306945
-0.0135856
0.0411900
0.0210112
0.0425808
0.0275880
0.0091000
0.0023215
-0.0035999
0.0311122
-0.0411834
-0.0477083
0.0083708
-0.0129031
0.0239019
0.0050997
0.0697434
0.0238398
0.0120367
0.0366538
-0.0134168
-0.0175034
-0.0788179
-0.0125113
-0.0853275
-0.0751404
-0.0157632
0.0450298
0.1114716
0.1049534
0.1358183
0.0957823
0.0131102
-0.0512822
-0.1021840
-0.1958750
-0.2205382
-0.2805198
-0.1025239
0.0435579
0.2828608
0.5214508
0.3924843
0.1118159
-0.2907998
-0.4469352
-0.3013581
-0.1133860
0.0346765
0.0648231
0.1345108
0.0903156
0.1018545
0.0393374
-0.0215197
-0.0170079
-0.0283982
0.0296336
-0.0201079
0.0227596
-0.0055591
-0.0086373
-0.0616793
-0.0005790
0.0131347
-0.0258533
0.0117046
0.0074976
0.0513363
-0.0220310
-0.0171523
0.0100541
0.0130945
-0.0496105
-0.0159645
-0.0384913
0.0217682
0.0257643
0.0147186
0.0084418
0.0191357
-0.0042560
0.0266779
0.0070505
0.0424062
0.0221293
-0.0233949
0.0010303
-0.0128118
0.0199056
0.0176260
0.0509614
0.0035798
0.0541530
0.0505274
-0.0423564
-0.0811342
-0.0964755
-0.0874480
-0.0398110
-0.0577559
-0.0590154
0.0231233
0.1337129
0.1438923
0.1378270
0.0817746
0.0674635
-0.0383530
-0.1111987
-0.2247767
-0.2428517
-0.2298608
-0.0766009
0.0622402
0.2449986
0.4521968
0.4276691
0.1915948
-0.1966851
-0.4371354
-0.3453446
-0.1859446
-0.0338881
0.0431549
0.1037182
0.0757672
0.0935265
0.0918972
0.0067839
-0.0350437
-0.0134391
-0.0165736
-0.0097623
0.0203556
0.0135768
-0.0628140
-0.0364209
0.0018741
0.0252965
-0.0214907
0.0297563
0.0411429
0.0651692
0.0289744
-0.0394470
0.0195353
-0.0013426
-0.0415784
-0.0016817
-0.0081939
0.0280799
-0.0236853
0.0210545
-0.0251876
0.0185992
-0.0024753
-0.0060821
-0.0360480
-0.0054957
-0.0625741
-0.0477793
-0.0250419
0.0186233
-0.0073228
0.0759338
0.0395677
0.0555842
0.0398719
-0.0181166
-0.0510322
-0.0927525
-0.0844727
-0.0903303
-0.0639844
-0.0680995
-0.0444496
0.0646405
0.1212153
0.1934675
0.1599740
0.0614308
-0.0048606
-0.0888262
-0.1634886
-0.2299707
-0.2413204
-0.1716248
-0.1018027
0.1220263
0.3131477
0.4597691
0.3696619
0.0355030
-0.3171822
-0.4258145
-0.2621036
-0.0489816
0.0344811
0.0975792
0.1089272
0.1031773
0.0909816
0.0294408
0.0133106
-0.0276295
-0.0336027
0.0109510
-0.0381650
-0.0033454
0.0057025
-0.0607861
0.0097473
-0.0224126
0.0155135
0.0508364
-0.0093986
0.0221842
0.0049140
-0.0010692
0.0274187
-0.0499527
0.0193822
0.0018954
-0.0415007
0.0464373
-0.0146367
-0.0373933
0.0326197
0.0229270
0.0271685
0.0273195
0.0569391
-0.0252949
-0.0385876
0.0077680
0.0241108
-0.0039005
-0.0197727
0.0454842
0.0399169
0.0740374
0.0694575
0.0312414
-0.0224032
-0.0031070
-0.0078329
-0.0605992
-0.1159712
-0.0814916
-0.0251341
-0.0321716
0.0866765
0.1536601
0.1378682
0.1206933
0.0775728
0.0646755
-0.0902152
-0.1129380
-0.2096284
-0.2139525
-0.1908326
-0.0806743
0.0424458
0.3073373
0.4760464
0.4659933
0.1698404
-0.2323547
-0.4262472
-0.3721215
-0.0995359
0.0072820
0.0661784
0.0740494
0.1448153
0.0758870
0.0217711
-0.0164521
-0.0112665
0.0363780
-0.0235065
-0.0420576
-0.0054769
-0.0485720
-0.0342136
-0.0404149
-0.0380385
0.0240432
-0.0190411
-0.0168332
0.0299617
0.0181832
0.0035885
-0.0211102
0.0063487
-0.0493088
0.0027664
0.0131310
-0.0211384
-0.0447461
-0.0341209
-0.0004079
0.0399880
-0.0095069
0.0127331
0.0347528
0.0104055
0.0103902
-0.0015360
-0.0607457
0.0358306
-0.0063525
-0.0300171
-0.0148451
0.0100045
0.0169553
0.0048908
0.0354609
-0.0693099
-0.0473427
-0.0592260
-0.0825023
-0.0692201
-0.0406194
-0.0085065
0.0555158
0.1115694
0.1319457
0.1489996
0.0487694
0.0155650
-0.0516632
-0.1128415
-0.2144665
-0.2184294
-0.1990539
0.0093318
0.1176571
0.3017164
0.4875813
0.3832771
0.0074037
-0.3506599
-0.4225208
-0.2738679
-0.0601733
0.0405495
0.0686934
0.1084431
0.0648857
0.0919413
0.0710510
0.0105097
-0.0023041
0.0239095
-0.0151175
-0.0343884
-0.0434051
-0.0515763
-0.0248584
-0.0491751
-0.0412337
0.0291492
-0.0028248
0.0268735
0.0426528
0.0181570
0.0233744
-0.0124377
0.0169009
-0.0198449
0.0108940
0.0132870
-0.0141501
-0.0192153
-0.0073784
0.0294264
0.0374174
0.0188524
0.0038279
-0.0214495
-0.0421153
-0.0195235
0.0188865
-0.0279962
-0.0117209
-0.0145902
-0.0166039
0.0751997
0.0368541
0.0391285
0.0202183
0.0310501
-0.0585521
-0.0809194
-0.0697551
-0.0822225
-0.1239787
-0.0804213
0.0049385
0.0565883
0.1718400
0.1219687
0.1424012
0.0615684
0.0188503
-0.0979150
-0.1478743
-0.1724647
-0.2428618
-0.2251180
-0.0524848
0.0603247
0.2863929
0.4727198
0.4260860
0.0896750
-0.2227130
-0.4033701
-0.2874995
-0.1319583
0.0446993
0.0579776
0.1111627
0.0872673
0.0778815
0.0769788
0.0421946
0.0190656
-0.0512813
-0.0224222
0.0269040
0.0040397
-0.0427260
-0.0061331
0.0025794
0.0159891
-0.0053142
0.0134164
0.0221213
0.0371819
0.0075223
0.0097779
0.0059049
-0.0014893
0.0053811
-0.0324556
-0.0384931
-0.0143082
0.0520584
-0.0214405
0.0109660
0.0140385
0.0008121
-0.0382577
0.0064349
0.0353719
0.0154665
-0.0010686
-0.0523285
0.0019922
0.0188122
0.0376736
-0.0057308
