0.4871902
0.4237416
0.1891771
-0.2314354
-0.4131111
-0.3584124
-0.1573875
0.0008571
0.0619178
0.0988241
0.1198316
0.0751110
0.0837842
-0.0297560
-0.0054663
-0.0395976
0.0276859
0.0397842
0.0051559
-0.0214284
0.0090790
-0.0522273
-0.0208879
-0.0245561
-0.0367974
0.0195538
0.0322558
0.0151065
-0.0274523
0.0036738
0.0500106
0.0276194
0.0208312
-0.0068505
-0.0149540
0.0055812
-0.0004805
0.0005042
0.0106058
-0.0174731
0.0509476
-0.0155026
-0.0009920
0.0000606
-0.0496103
-0.0274781
0.0376306
-0.0054634
0.0064089
-0.0178159
0.0734700
0.0570930
0.0139804
0.0232868
0.0166302
-0.0256699
-0.0339213
-0.0918636
-0.1285550
-0.0410767
-0.0291373
0.0263875
0.1038794
0.1372737
0.1379036
0.1117767
0.0324328
-0.0505420
-0.0988110
-0.1624262
-0.2385677
-0.2599035
-0.1196629
0.0248994
0.2178203
0.3988954
0.4485110
0.1779140
-0.1023180
-0.4457977
-0.3377580
-0.1837839
0.0053762
0.1410659
0.1397977
0.1232775
0.0648443
0.0565618
-0.0415597
0.0035929
-0.0107196
-0.0571869
-0.0436328
-0.0419996
0.0356084
-0.0250730
0.0082849
0.0378891
-0.0009772
0.0066438
-0.0206893
0.0264533
0.0276077
0.0237204
0.0312444
0.0399740
0.0160795
0.0172096
0.0057034
-0.0486282
0.0225037
0.0485067
-0.0150170
-0.0065746
0.0329124
-0.0537214
-0.0245088
0.0005224
-0.0077646
-0.0421174
-0.0040454
-0.0198096
0.0122545
0.0238989
0.0517798
-0.0008604
0.0214462
0.0232729
0.0070152
-0.0030801
-0.0428906
-0.0502188
-0.0790779
-0.0883790
-0.0801170
0.0256631
0.0451043
0.1255818
0.1813589
0.1732012
0.1047356
0.0402295
-0.0245240
-0.1196340
-0.2083251
-0.2071718
-0.2340938
-0.0796646
0.0296157
0.2750563
0.4109897
0.4284360
0.1491558
-0.2168918
-0.3787524
-0.3843020
-0.1631108
0.0731893
0.0805970
0.0962556
0.0804911
0.0774830
0.0270632
-0.0173639
-0.0373133
0.0021981
0.0314544
-0.0366735
0.0190404
-0.0063176
-0.0276517
-0.0449930
-0.0016767
0.0160297
0.0005312
0.0246717
-0.0306562
-0.0210526
-0.0233840
-0.0132683
-0.0192320
0.0235090
0.0128242
0.0353507
0.0011404
0.0371584
0.0381240
-0.0203774
0.0051959
0.0159910
0.0232377
-0.0006066
-0.0245594
-0.0050273
-0.0262504
0.0326709
-0.0091847
0.0223745
-0.0325939
0.0295295
0.0431222
0.0654112
0.0372994
0.0175411
-0.0103408
-0.0313228
-0.1099965
-0.1080329
-0.0592854
-0.0361336
-0.0614898
-0.0019015
0.1160373
0.1456148
0.1648892
0.1240895
0.0782966
-0.0230227
-0.1453417
-0.1760298
-0.2694146
-0.2201874
-0.1639154
-0.0187369
0.2290154
0.5085156
0.5318157
0.2027655
-0.2546854
-0.5200954
-0.3865744
-0.0987997
0.0450572
0.0573963
0.0868686
0.0827394
0.0975797
0.0753016
0.0065124
0.0007668
-0.0237798
-0.0251220
-0.0482523
-0.0266348
-0.0012196
-0.0035801
-0.0105954
-0.0132460
-0.0442268
-0.0065216
0.0316881
-0.0166239
-0.0097423
0.0048044
-0.0147915
-0.0066818
-0.0226690
-0.0170463
-0.0107393
-0.0200628
0.0432879
-0.0074299
0.0366095
0.0097169
0.0210797
-0.0431159
-0.0296328
0.0032789
0.0319998
0.0263822
0.0055105
0.0061454
0.0515433
-0.0269472
0.0505010
0.0629747
0.0008330
0.0244965
-0.0355973
0.0074350
-0.0668456
-0.1029944
-0.1154241
-0.1054920
-0.0383043
-0.0377134
0.0440196
0.0620904
0.1368976
0.1698186
0.1164234
0.0072396
-0.0800043
-0.1127374
-0.1766591
-0.2193338
-0.1548499
-0.1381679
0.0175208
0.3016203
0.4267263
0.4408972
0.1330558
-0.1809804
-0.3805723
-0.3562664
-0.1276416
0.0632132
0.1298959
0.0843815
0.1004200
0.1376799
0.0127169
-0.0066849
0.0137131
0.0130230
-0.0035188
-0.0232572
-0.0268019
-0.0173143
-0.0487087
-0.0539234
0.0077821
-0.0459350
0.0157934
-0.0092834
-0.0312539
0.0329849
0.0404583
-0.0335012
0.0264992
0.0010995
0.0109381
0.0181843
-0.0510982
-0.0011025
0.0028140
-0.0237530
0.0146181
0.0707426
0.0044397
0.0096821
0.0450661
-0.0328229
-0.0122720
-0.0088799
-0.0409788
-0.0167603
0.0396101
-0.0125932
0.0684539
0.0484213
0.0230211
0.0237135
0.0327624
-0.0522002
-0.0816785
-0.1036682
-0.0726968
-0.0805812
-0.0629875
0.0144345
0.0708565
0.1277310
0.1840067
0.1033266
0.0267605
0.0080109
-0.1200657
-0.1983852
-0.1775113
-0.1910047
-0.1301898
0.0147788
0.2048627
0.4588441
0.4358380
0.2166214
-0.1719024
-0.3622255
-0.3114168
-0.1442398
0.0102996
0.0712359
0.0794464
0.1335988
0.0951959
0.0370183
-0.0032976
-0.0407081
-0.0391585
0.0281615
-0.0185914
-0.0137555
-0.0019630
-0.0125099
0.0123128
-0.0663526
-0.0387095
-0.0303654
0.0235340
0.0212156
0.0329201
-0.0124491
-0.0196239
0.0058785
-0.0217290
0.0158385
-0.0031843
0.0175726
0.0384327
0.0035055
0.0395720
-0.0131853
-0.0340553
0.0144197
0.0031977
0.0046060
-0.0372139
-0.0021503
-0.0327544
0.0125775
0.0097688
0.0330968
0.0575222
0.0659548
0.0538930
0.0472055
-0.0068827
0.0383409
-0.0653599
-0.0587814
-0.0479874
-0.0950956
-0.0488162
0.0263531
0.0773838
0.1626016
0.1906425
0.1473588
0.0610346
0.0265555
-0.0912500
-0.1561374
-0.2244827
-0.2289571
-0.2061314
-0.0840696
0.1243307
0.2706416
0.3982107
0.3832432
0.0457037
-0.3202496
-0.3783997
-0.2436577
-0.0526827
0.0726237
0.0751993
0.1003189
0.0393474
0.0155828
-0.0136779
-0.0511329
-0.0065374
-0.0258783
-0.0071564
-0.0188077
-0.0411779
0.0432481
-0.0233671
-0.0725364
-0.0298748
0.0049027
-0.0250207
-0.0070278
0.0486590
0.0313227
-0.0018177
-0.0177203
0.0158070
0.0182554
-0.0416617
0.0133702
-0.0092480
-0.0312015
-0.0003047
-0.0298336
-0.0038058
0.0386056
-0.0094773
-0.0227056
0.0164728
0.0245619
0.0105936
0.0067162
0.0098472
0.0004282
0.0243463
0.0536316
