1.1000510
1.5120192
0.9248657
0.2341614
-0.4643828
-0.7315683
-0.6691536
-0.2632494
-0.0053577
0.0145874
0.1431816
0.2604056
0.1974524
0.1818113
0.2716260
0.0292911
0.0835109
0.1538570
-0.0544319
-0.1737769
-0.1096810
-0.0044709
-0.0930786
-0.1741267
-0.1366158
-0.0130052
-0.1272807
-0.0282789
0.1027928
-0.0631823
-0.0233180
-0.0708396
-0.0225093
-0.1038075
0.0206955
0.0670937
-0.0746911
-0.1304672
-0.1594396
0.0660951
-0.1487310
-0.0768261
-0.0472512
0.1056092
-0.0315828
-0.0437606
-0.0537499
0.0409727
0.0709480
0.2050293
0.0267788
0.0496069
-0.0485645
-0.0412712
-0.1387584
-0.1662275
0.0121188
-0.0576711
-0.1663472
-0.0603874
-0.0978171
0.0430108
0.2561024
0.2298284
0.2108671
0.1787024
0.1612257
0.0932333
-0.1135029
-0.0583274
-0.3046444
-0.7392846
-0.7868092
-0.3587917
0.3483144
1.1213728
1.2383566
0.8828818
-0.1391112
-0.6911234
-0.7805556
-0.6603102
-0.1445334
-0.0737471
0.0515410
0.0742182
0.2539608
0.1989143
0.0605828
0.1809223
0.1543328
-0.0479836
0.0991449
-0.1600562
-0.0799308
-0.1939403
-0.2336190
-0.0742374
-0.1254837
0.0391108
0.1186385
0.1773720
0.0532027
0.0868740
0.0329775
0.0637365
0.1148112
0.0548404
-0.0336508
-0.1059083
-0.1141919
-0.0373236
0.0405380
0.0146867
-0.1498610
-0.0855840
-0.1360104
-0.0143109
0.0592524
-0.1601850
0.0658885
0.0982946
0.0267442
0.1112226
-0.0270245
0.0149316
-0.1263023
0.0061712
-0.0221207
-0.0170069
-0.1594073
-0.0283965
0.0127351
-0.0613457
-0.0390074
-0.0968006
0.0142295
0.0302041
0.2361545
0.1368123
0.2902203
0.0672036
0.0794130
0.0203484
-0.1996752
-0.4933459
-0.9247928
-1.0040530
-0.3341062
0.4770730
1.1194736
1.3514479
0.8294978
-0.0363691
-0.8237474
-0.7056973
-0.4379563
-0.1688187
-0.1644724
-0.0643916
0.0140013
0.1802456
0.0468531
0.2027080
0.1766986
0.1833358
-0.0070643
-0.0095642
-0.1473976
-0.0693031
-0.1214789
-0.0885279
0.0063949
-0.1178977
-0.1509488
-0.0666341
0.1203994
-0.0879995
-0.0168114
0.0527718
0.0530179
-0.0189261
-0.0292049
0.0658448
0.0098411
-0.0921306
0.0211472
-0.0912106
-0.1529384
-0.1053956
-0.1144952
-0.0328946
0.0070024
-0.1121520
-0.0744404
0.0046832
0.1061605
0.1394974
0.2165201
0.0240314
0.1110871
0.0245976
-0.0804023
-0.1588217
-0.0246121
-0.0679563
-0.2312455
-0.0813833
-0.0093495
0.1156965
-0.0646892
0.1319257
0.2216905
0.1539855
0.1523950
0.1688217
0.2098623
0.0598899
-0.2173299
-0.1324873
-0.4718348
-0.8415138
-0.7703363
-0.3248301
0.5722826
1.2640101
1.3951290
0.6188102
-0.2976620
-0.7838105
-0.8083017
-0.5474147
-0.1925585
-0.0849058
-0.0323576
0.0738860
0.1052433
0.1431987
0.2312379
0.0806775
0.0509091
0.1862310
-0.0021682
-0.1399078
-0.1728893
-0.1918041
-0.1314191
-0.0472824
-0.0101256
-0.0262294
0.0839302
0.0004280
0.2039037
0.1245618
0.1655934
0.0774156
0.0757257
0.0647914
-0.0746243
0.0754833
-0.0193862
-0.0914723
-0.0852862
0.0645457
0.0740330
-0.0745626
-0.0856932
0.0720103
-0.0315894
0.0405804
0.0519327
-0.0984107
-0.0674650
0.0479553
-0.0101624
0.0463330
-0.0097586
-0.0188440
-0.0119772
-0.1987648
-0.0971838
-0.2313711
-0.0541836
-0.0179847
-0.0033826
0.0712192
0.1688801
0.0613912
0.0928885
0.2600233
0.0403893
0.1372086
0.0086380
-0.0871357
-0.2898168
-0.6086635
-0.8871062
-0.7809907
-0.1145873
0.7993939
1.3476105
1.2205574
0.3968908
-0.5122768
-0.7646264
-0.7549007
-0.3593939
-0.0623987
0.0207411
-0.0097695
0.1024623
0.2176808
0.2879765
0.2107166
0.2211833
0.0335304
-0.0895633
0.0329681
0.0002702
-0.0570403
-0.0651991
-0.1931864
0.0400401
-0.1225681
-0.1242444
-0.0860424
-0.0906446
0.1801001
0.0532785
-0.0410378
0.1563157
-0.0120843
-0.0546537
0.0063936
0.0057185
-0.0882793
-0.1474488
-0.1368822
0.0473513
-0.0629641
0.0823770
-0.1071572
0.0646947
0.1339011
-0.0558980
-0.0347004
0.0817744
0.1072148
0.0268797
0.0734810
-0.1510958
-0.0203782
-0.1126879
-0.0883207
-0.0060216
0.0008392
-0.0287060
-0.2186097
-0.0547879
-0.0308401
0.1478423
0.2531497
0.0144691
0.2225310
0.2554635
0.1252567
0.0747691
-0.0647531
-0.0478596
-0.2281842
-0.6692173
-0.7153403
-0.4639790
0.1664387
0.9594727
1.2918437
0.8764844
0.1326828
-0.6642310
-0.6350544
-0.4311537
-0.3389958
-0.2452123
-0.1453243
0.0295931
0.1368986
0.2413722
0.1074996
0.0282364
0.0207922
-0.0299159
0.0438097
-0.0445622
-0.0092877
-0.0934768
-0.1647189
0.0422232
0.0716891
0.1054193
-0.0609265
0.0922739
0.0175650
-0.0440999
0.0296560
0.1431782
-0.1220811
0.1001357
-0.0119355
0.0027287
0.0775757
-0.0175437
0.0000350
-0.1475619
-0.0680778
-0.1527076
0.0025548
0.0935136
0.0106643
0.0380300
-0.0613228
0.0555099
-0.0624269
0.0016974
0.1267475
0.0200856
0.0064513
-0.0908694
0.0082139
-0.0383797
-0.0924441
0.0766758
-0.2034104
-0.0786238
-0.0307580
-0.0890001
-0.0541559
-0.0257594
0.1676799
0.1573529
0.1887885
0.2025730
0.2050426
-0.0561891
-0.2159550
-0.3059741
-0.5359143
-0.9143801
-0.5793850
0.0197337
0.7921714
1.1767495
0.9086607
0.3208748
-0.5432730
-0.6027191
-0.4555522
-0.2262210
-0.0376505
-0.1886014
0.0665744
0.1725501
0.1295229
0.1948878
0.1597114
0.0083878
0.0875456
0.0883172
-0.1310754
-0.0477817
-0.1573009
-0.1296545
0.0415978
-0.0565774
0.0536072
0.0584519
-0.1067507
-0.0432391
0.1497252
0.0912712
0.1683141
0.0581188
0.0803606
0.1321513
0.0073723
0.0134341
0.0711923
-0.1218079
-0.1258814
-0.0218339
0.0088784
-0.0486833
0.0464659
-0.1312831
0.1050898
0.0006433
0.1406432
0.1445057
-0.0415104
0.0118091
0.0171647
