0.7064282
0.5196378
0.0353170
-0.0598161
-0.0646884
0.0208457
-0.0665273
-0.1136852
-0.0610036
0.0852470
-0.0273643
-0.0247294
0.1121337
-0.0277293
0.0937370
0.0282150
-0.0916723
-0.0254939
-0.1286533
-0.0264529
-0.0397022
0.0222864
-0.0254034
-0.0656477
0.0868451
0.0893113
0.0565686
-0.1272618
0.0489077
0.0605440
0.0888926
-0.0992487
-0.0473734
0.1126577
0.0959339
0.1335928
0.0924952
0.1254944
0.0266952
0.0881464
-0.0342900
-0.1324127
0.0719979
-0.0304557
-0.0243891
0.1063087
-0.0755928
-0.0180322
0.0766370
0.0612127
0.0140432
0.0760995
0.0480684
0.1113511
-0.0936253
-0.0196988
-0.0999240
-0.1277898
-0.0092490
-0.0833999
-0.1189242
-0.0365773
0.1091027
0.0015901
-0.0084076
0.2863887
0.2357599
-0.0967950
-0.7074809
-0.5767201
0.1863950
0.5966984
0.4489390
-0.0330483
0.0001396
0.0551879
-0.0485068
-0.0345707
-0.0002386
0.0930748
-0.0330943
0.0277683
0.1356470
0.0265508
0.0946363
-0.0264622
0.0030839
-0.1395876
-0.0581368
-0.1023889
-0.0243946
-0.0132104
0.0004603
0.0168906
0.0512195
-0.0171286
-0.0876172
-0.0924149
0.0597050
-0.0370029
-0.0459232
-0.0193370
-0.1306973
0.0862896
0.0706723
-0.0225026
0.0012173
-0.0877130
-0.0752550
-0.0201345
0.1629169
0.0068296
-0.0717175
0.1177327
0.0653445
-0.0893090
-0.0011682
-0.0746471
0.0045711
0.1376566
0.0418453
-0.0046385
0.0286843
0.0544059
-0.0786139
0.0713027
-0.0645933
-0.0552154
-0.0419692
-0.0872565
-0.1268276
-0.0718173
0.0282099
0.0675173
0.1821359
0.1086336
0.1909895
0.2372217
0.1919579
-0.3053422
-0.8211159
-0.4921362
0.3341316
0.6099959
0.4242487
-0.0482623
-0.0261026
-0.1054292
-0.1030639
-0.1095947
-0.1867200
-0.0769475
-0.0522543
-0.1173071
0.1165075
0.1307012
-0.0926676
0.1115092
0.0071879
0.0086535
0.0081266
-0.0017638
-0.0296674
0.0150035
0.0186450
0.0359800
-0.0887064
-0.1241581
0.0624837
0.1459397
-0.0728686
-0.0998177
0.0091767
-0.0935972
-0.0500720
-0.0731878
0.0041838
-0.0865292
0.0920155
0.0179681
0.0942880
0.0520242
0.0587510
-0.0209837
-0.0002530
-0.0135010
0.0376583
0.0330441
-0.0153086
-0.0192216
-0.0339024
-0.0317645
-0.0371343
0.0789150
0.0363683
-0.0493620
-0.0159456
0.1179502
-0.0599614
-0.0742421
-0.1399197
-0.1000616
-0.0178274
0.0113661
0.0853897
0.1421818
0.2086280
0.0852392
0.2514504
0.2158851
-0.0586522
-0.5509505
-0.5777571
-0.0224718
0.5340850
0.3444497
0.0304130
-0.0571325
-0.1000347
0.0118834
-0.1324321
-0.1439718
0.0079910
0.0746199
-0.0184620
0.0973111
0.0825314
-0.0334787
-0.0268586
0.0743207
0.0392468
-0.1237740
-0.0235485
0.0919823
0.0651109
-0.1217831
-0.0728079
0.0488504
0.1620330
-0.0229052
0.0801758
0.0750369
-0.0418912
0.0928205
0.0879329
0.0943019
-0.0620941
0.0314321
-0.0895723
0.0733142
-0.0913732
-0.0184603
0.0450579
-0.0160256
0.0108761
-0.0399036
0.0944063
-0.0248361
-0.0274707
-0.0221975
-0.1089779
0.0354756
-0.0551934
-0.1178885
0.0324842
0.0640622
0.0599242
-0.0093541
-0.0603119
0.0226177
-0.0010699
-0.0191655
0.0216127
-0.0743328
-0.1465131
-0.0391436
0.0740141
0.0422021
-0.0593910
0.0685240
0.2392717
0.1579150
-0.1745324
-0.5448533
-0.5291699
-0.1098101
0.4817168
0.3620951
0.1262761
-0.1206400
-0.0870257
-0.0181000
-0.1412808
-0.0788558
-0.0047028
0.0754486
-0.0459599
0.0547537
0.1483149
0.0059025
-0.0450082
-0.1013820
-0.0543167
0.0512719
-0.1128857
0.0945258
0.0082322
-0.0555619
-0.0104467
0.0607717
0.0285095
-0.0173026
-0.0999249
-0.0026363
-0.0298630
0.0409161
0.1151470
-0.0233930
-0.1337892
0.0161105
0.0076954
-0.0678181
0.0445973
0.1306444
0.0380373
0.0146240
0.0041085
0.1002405
-0.1043088
-0.1177956
0.0733266
-0.0901530
-0.0498527
-0.0316950
0.0656310
-0.0045563
-0.0285928
-0.0221508
-0.0258975
0.0217794
0.0133471
0.1093436
-0.1083989
-0.0776689
-0.0955339
-0.1180758
0.0478714
0.0508673
0.0513914
0.0161710
0.1616245
0.3314396
0.3382788
-0.0138182
-0.4650645
-0.7555520
-0.2021331
0.4103687
0.5807505
0.3231694
0.0790083
-0.0252341
0.0683910
-0.1960038
-0.1433329
-0.1559291
-0.0861594
-0.1510694
0.0410170
0.0933484
-0.0071447
0.1213943
-0.0240064
-0.0029915
0.0981558
0.0490428
-0.1003899
-0.1053135
-0.0844047
0.0765867
0.1216008
-0.0889984
-0.0391076
0.0410661
0.0177670
0.0314105
0.0755406
-0.1136050
0.0663260
0.0049978
-0.0541074
-0.0126322
-0.0745058
0.0318741
-0.0286385
0.0176476
-0.0198476
-0.1344542
0.0558010
-0.1726488
-0.0030494
0.0347508
0.0408790
0.1140517
0.0204940
0.0178400
-0.0051674
0.0749164
0.0864823
-0.0443060
0.0219386
0.1341133
0.0954582
-0.0417804
0.0470571
-0.0505183
-0.0339782
-0.0220419
-0.0510981
-0.0968995
0.1423588
0.1079170
0.0343930
0.2055838
0.2790875
0.0978013
-0.2826187
-0.5700831
-0.4912201
0.2713932
0.4762654
0.2281207
-0.0064618
-0.0329120
-0.1114015
-0.1013720
-0.1772392
-0.0283450
0.0210299
-0.1013278
0.0976582
-0.0920800
0.0571768
0.0078151
0.0287024
0.0076459
0.1569840
-0.0878404
-0.0194174
-0.0644989
-0.0198546
-0.0273096
-0.0974138
-0.0365560
0.0125343
-0.0560214
-0.0636299
-0.0149331
-0.0471097
0.0382500
-0.0846956
0.0185460
-0.0182645
-0.1559748
-0.0758939
0.0621950
0.0811010
0.0819465
0.1665182
0.0355352
-0.0959680
-0.0941632
-0.0535696
-0.1025124
-0.0144619
-0.1625747
-0.0196426
0.0942643
0.0011428
-0.0514904
0.0064467
-0.0409845
0.1484280
0.0671515
-0.1532220
0.0345755
0.0080222
-0.1250442
0.0519145
-0.0977054
-0.1797455
-0.0079388
0.1370336
0.1227273
0.1573776
0.3260342
0.2187792
-0.0142471
-0.4499010
-0.7518417
