0.4549064
0.4330327
0.2622760
-0.0488289
-0.2156236
-0.2991599
-0.2950640
-0.1689153
-0.1440466
-0.0541553
-0.0074337
0.0105919
0.0861116
0.0398556
0.0359703
0.0540400
0.0491196
0.0673938
0.0315930
0.0243651
0.0183851
-0.0343538
0.0005219
-0.0458380
-0.0723570
0.0163991
-0.0047925
-0.0306988
-0.0088301
-0.0325134
-0.0402081
0.0152984
0.0142378
-0.0313613
0.0114445
0.0487341
0.0105095
0.0337950
0.0088545
-0.0041701
0.0312831
-0.0215374
0.0122817
0.0138936
-0.0011901
0.0321813
0.0355983
0.0358837
-0.0311622
-0.0459651
0.0052397
0.0175631
-0.0265298
-0.0167720
0.0346933
-0.0162390
-0.0307611
0.0189273
0.0362800
0.0345773
0.0346195
-0.0121133
-0.0493701
0.0316274
0.0208329
0.0253886
0.0249983
-0.0478822
0.0221651
0.0144760
-0.0170501
0.0202223
0.0168380
0.0028365
-0.0201735
0.0073605
0.0469543
0.0008342
-0.0183625
0.0163451
0.0226556
0.0234742
0.0025434
-0.0212250
-0.0278398
-0.0233774
0.0043420
0.0244358
0.0120126
0.0059944
0.0148477
-0.0037510
-0.0062667
-0.0538963
-0.0468814
0.0379729
-0.0331673
-0.0182271
0.0870854
-0.0003794
-0.0193158
0.0082385
-0.0405963
0.0312084
-0.0083127
-0.0351468
0.0193504
-0.0549111
-0.0158111
0.0458353
-0.0114791
0.0096896
0.0536893
0.0404787
0.0362914
0.0268396
0.0363482
0.0095382
-0.0294138
0.0007731
-0.0014355
-0.0405157
-0.0261659
-0.0109977
-0.0086427
0.0186205
0.0621386
0.0272707
-0.0346394
0.0005528
-0.0149516
-0.0665348
0.0065749
0.0282184
-0.0019975
-0.0051367
-0.0471308
0.0016101
0.0156640
-0.0295899
-0.0293605
-0.0322657
0.0116746
0.0328671
-0.0048827
-0.0106908
-0.0156017
-0.0032629
0.0331021
-0.0206907
-0.0520722
0.0097699
-0.0083455
-0.0518562
-0.0296166
0.0065064
0.0377257
-0.0161645
-0.0562126
0.0349563
0.0252627
-0.0100996
0.0439395
-0.0010039
0.0137340
0.0648914
-0.0222770
0.0248437
0.0388059
-0.0500200
0.0290607
-0.0284098
-0.0499539
0.0160629
-0.0517938
-0.0617306
-0.0317730
0.0116931
0.0571920
0.0424193
0.0237584
0.0272358
0.0450717
0.0529266
0.0201736
0.0383483
0.0417212
0.0440361
0.0262728
-0.0837884
-0.1228650
-0.1178789
-0.1787498
-0.2760812
-0.2390829
-0.0156867
0.2339330
0.4624246
0.5410114
0.3420375
0.1209599
-0.0753689
-0.3037168
-0.3119878
-0.2172550
-0.1850957
-0.0542953
-0.0310280
-0.0445741
0.0583873
0.0710863
0.0894477
0.0636494
0.0535422
0.0972305
0.0301801
-0.0069145
-0.0053369
-0.0443997
-0.0181470
-0.0484043
-0.0573709
-0.0188911
-0.0657926
-0.0365719
-0.0204211
-0.0128743
0.0459454
0.0154222
-0.0393465
-0.0285864
0.0210600
0.0669526
0.0223437
0.0339986
0.0363441
-0.0392504
-0.0317382
-0.0345801
-0.0182103
-0.0475567
-0.0420809
-0.0016511
-0.0334544
-0.0157251
-0.0319697
-0.0395510
-0.0401386
-0.0080281
0.0272466
-0.0166086
0.0026227
0.0155426
-0.0183626
-0.0320714
-0.0445358
-0.0092078
0.0274455
-0.0153331
-0.0288274
-0.0127528
0.0054298
-0.0232224
-0.0481417
-0.0467803
-0.0585501
0.0376863
-0.0015910
-0.0292085
0.0625690
0.0206503
0.0263228
0.0411994
-0.0244366
-0.0407978
0.0125106
0.0238363
-0.0175296
-0.0086059
0.0274199
0.0183142
-0.0105615
0.0300837
0.0124989
-0.0457455
-0.0003468
-0.0143895
-0.0230857
-0.0211642
0.0033732
0.0333626
-0.0048914
0.0270154
-0.0067313
-0.0129428
0.0510091
0.0334431
-0.0204930
-0.0224046
0.0404688
-0.0112766
-0.0763507
-0.0005578
0.0273724
-0.0029162
0.0236233
0.0185563
-0.0069381
0.0102972
0.0075369
0.0161131
0.0197414
-0.0019953
0.0095211
-0.0308814
-0.0115750
0.0251445
-0.0035855
0.0125755
-0.0164539
-0.0261721
-0.0080419
-0.0109705
0.0393613
0.0204018
-0.0223532
0.0375504
0.0011336
-0.0416243
-0.0365956
-0.0385752
-0.0002442
-0.0230692
-0.0461524
-0.0426656
-0.0349780
-0.0286085
-0.0176717
-0.0008147
0.0044746
0.0195490
0.0117613
0.0302864
0.0168515
-0.0512087
0.0023584
0.0440327
-0.0336076
-0.0140622
-0.0006246
-0.0336259
-0.0342432
-0.0486226
-0.0047023
-0.0024567
0.0051451
0.0171783
0.0337326
0.0455770
-0.0241816
0.0143300
0.0559060
-0.0007380
-0.0347574
-0.0058238
0.0580857
0.0220762
-0.0519710
-0.0109439
-0.0358074
-0.0507218
0.0029530
-0.0441978
-0.0505126
-0.0289690
-0.0113038
0.0313492
0.0357236
0.0020606
0.0186225
0.0905663
0.1042161
0.1091895
0.0786702
0.0400868
0.0227527
-0.0332204
-0.0553235
-0.1023477
-0.1398038
-0.1955733
-0.2864254
-0.2385020
-0.0598784
0.1857893
0.4066099
0.4773416
0.4258343
0.1728894
-0.1499346
-0.2765181
-0.3140650
-0.2075495
-0.1119589
-0.1091139
-0.0456203
-0.0008754
0.0552876
0.0837544
0.0666488
0.0521777
0.0495940
0.0552637
0.0679662
0.0741556
0.0075308
-0.0547964
-0.0320922
0.0186272
0.0081094
-0.0668016
-0.0735550
-0.0252320
-0.0604257
-0.0217923
-0.0017197
-0.0345137
0.0238677
-0.0222558
0.0260429
0.0503738
0.0163761
0.0349829
-0.0345586
-0.0058440
-0.0151648
-0.0410978
0.0206487
-0.0026708
-0.0526162
-0.0219985
-0.0155200
-0.0414132
0.0116922
0.0052916
-0.0341127
0.0325353
0.0561490
0.0207899
-0.0008198
-0.0346936
-0.0158284
0.0319689
0.0041362
-0.0122089
-0.0024414
-0.0319715
0.0125731
0.0104092
-0.0248474
0.0359132
0.0145909
-0.0171347
-0.0197189
-0.0248055
-0.0070929
0.0128411
0.0113139
-0.0161202
0.0091428
-0.0092451
-0.0687162
-0.0059172
0.0399837
-0.0222873
-0.0271298
0.0021219
0.0043763
-0.0309515
-0.0118889
0.0264624
-0.0232073
-0.0170888
-0.0218470
-0.0281781
0.0003213
-0.0190744
-0.0005305
0.0313354
-0.0050714
-0.0272636
0.0170493
-0.0064888
-0.0316606
0.0096685
-0.0209850
-0.0374790
0.0008831
0.0390570
0.0193150
