0.4145068
0.5674221
0.3551090
-0.0535022
-0.3248842
-0.3130768
-0.1253382
-0.0533126
-0.0309719
-0.0287715
0.0439261
0.0492855
0.0947362
0.0592269
0.0490055
0.0142005
0.0508521
-0.0329584
0.0227344
0.0028838
-0.0367965
-0.0438869
-0.0609179
-0.0505641
0.0000121
-0.0143277
0.0498069
-0.0011673
0.0383027
0.0169463
-0.0021727
0.0687725
0.0153224
0.0521241
-0.0139120
-0.0027719
0.0294830
-0.0412021
-0.0118752
-0.0141243
0.0241743
-0.0035307
0.0075328
0.0223207
-0.0005930
0.0152918
0.0342811
0.0145602
-0.0091761
0.0030241
-0.0292654
-0.0282828
-0.0267377
-0.0051917
0.0097568
0.0069035
-0.0574073
0.0177587
0.0385801
0.0027953
-0.0293476
-0.0259694
0.0130537
0.0153245
-0.0272247
0.0302133
-0.0105973
0.0331219
0.0355157
0.0533659
0.0175383
-0.0119801
-0.0135692
-0.0289349
-0.0413827
-0.0109798
-0.0026402
-0.0476083
0.0227537
0.0157580
0.0434304
0.0346178
0.0578137
-0.0007813
0.0281933
0.0119683
-0.0260659
0.0199401
0.0168471
-0.0203477
-0.0428315
-0.0253159
-0.0026603
0.0276512
0.0249354
-0.0135468
-0.0063893
0.0560653
0.0263982
0.0417862
-0.0259570
-0.0163772
-0.0332640
0.0101100
0.0369902
0.0228663
0.0195535
0.0402161
0.0111659
-0.0035277
0.0362770
0.0156482
0.0107722
-0.0092005
-0.0307622
-0.0240572
-0.0403133
-0.0172471
0.0325141
0.0152423
-0.0007332
0.0237879
-0.0233410
-0.0225097
0.0076013
0.0072808
-0.0482396
-0.0013170
0.0296333
-0.0034732
0.0106279
0.0007339
-0.0337218
-0.0194030
0.0418910
-0.0217263
0.0172480
-0.0361076
-0.0245944
0.0077039
-0.0015679
0.0284946
-0.0248627
-0.0188873
-0.0391034
0.0090860
0.0344794
0.0169214
0.0375919
0.0020820
-0.0008386
0.0504618
-0.0083018
-0.0163495
0.0122295
0.0223890
-0.0255887
-0.0129900
-0.0188759
-0.0095119
0.0087317
0.0137455
-0.0295489
-0.0342487
-0.0023849
0.0140328
0.0446782
0.0161238
-0.0305832
0.0197240
-0.0360347
0.0058054
0.0440002
-0.0138471
-0.0010812
0.0574051
-0.0392561
-0.0102408
0.0153205
-0.0428313
-0.0431262
-0.0672397
0.0268255
-0.0140021
0.0324771
0.0270711
0.0377463
0.0426062
0.0265985
0.0382362
0.0199821
-0.0394401
-0.0439735
-0.1245617
-0.2343913
-0.2010916
-0.0801151
0.1705302
0.3846237
0.4235986
0.2684420
-0.0959938
-0.2241307
-0.2645400
-0.1534218
-0.0697684
-0.0557043
-0.0293563
-0.0154224
0.0265490
0.0847062
0.0313714
0.0470757
0.0646923
-0.0196335
-0.0257957
0.0192463
-0.0374205
-0.0459259
-0.0350554
-0.0371312
0.0022198
-0.0041080
0.0476515
-0.0221605
-0.0196712
0.0034281
0.0075869
0.0415345
0.0420033
0.0407510
0.0300886
-0.0392166
0.0145758
-0.0194676
0.0019880
-0.0470996
-0.0228325
0.0014192
-0.0314881
0.0175099
-0.0283713
0.0307149
0.0129373
0.0156024
0.0297541
0.0184075
0.0333246
0.0254619
-0.0113097
-0.0195065
-0.0009431
0.0237279
-0.0164799
0.0300056
0.0128013
-0.0075848
-0.0196455
-0.0045011
0.0442929
-0.0073746
-0.0391076
0.0175949
0.0363083
0.0202931
-0.0416981
0.0063081
-0.0130865
-0.0003759
0.0147500
0.0065652
-0.0077019
-0.0232590
0.0185840
0.0351992
-0.0029068
0.0307574
-0.0293523
-0.0478840
-0.0407783
-0.0397990
-0.0116409
-0.0210567
-0.0001429
0.0284546
-0.0198506
-0.0383620
-0.0203310
-0.0107898
-0.0284911
-0.0067123
-0.0250539
-0.0385015
0.0094827
0.0126978
0.0030878
0.0593455
-0.0288547
-0.0066106
0.0116172
-0.0045584
0.0486863
0.0107348
0.0010777
0.0246359
0.0101481
0.0211569
0.0136498
0.0397674
0.0235457
-0.0082465
0.0043509
0.0208995
-0.0470128
0.0019366
-0.0343107
0.0171358
0.0093259
-0.0134747
0.0044057
0.0417605
-0.0087464
-0.0170373
-0.0149300
0.0183238
-0.0175610
0.0063040
0.0359528
0.0383324
0.0222123
-0.0085820
0.0540163
0.0201491
-0.0291670
0.0295178
0.0155275
-0.0191238
-0.0352687
-0.0336669
0.0018129
0.0227584
0.0276126
0.0243323
0.0153822
0.0378943
-0.0199305
-0.0315797
0.0381825
0.0105064
0.0266900
-0.0415315
-0.0335948
0.0132961
0.0407058
0.0015172
-0.0241161
-0.0051619
0.0438524
-0.0193693
-0.0290132
0.0072084
-0.0275112
-0.0020355
0.0073105
-0.0273674
0.0196995
0.0451391
0.0347579
0.0138660
-0.0042383
0.0284629
-0.0115653
0.0055414
0.0240279
-0.0374664
0.0100918
-0.0426214
-0.0567389
0.0069187
-0.0455809
-0.0393388
0.0112476
0.0748462
0.0747664
0.0637628
0.0361976
0.0455767
-0.0165223
-0.0174967
-0.0023156
-0.0695504
-0.1643145
-0.2211024
-0.2612005
-0.1509507
0.1346223
0.3930078
0.4332579
0.2697722
-0.0497975
-0.2584828
-0.2641725
-0.1566137
-0.0910617
-0.0108650
-0.0277052
0.0302335
0.0195925
0.0580744
0.0476768
0.0974670
0.0505227
0.0345803
0.0125777
0.0092132
-0.0186193
-0.0643325
-0.0098647
-0.0580572
-0.0336289
-0.0327882
0.0039680
0.0289043
0.0327008
-0.0011784
0.0532422
0.0230834
-0.0094032
0.0207941
-0.0287125
-0.0196689
-0.0043246
0.0091919
0.0154726
-0.0011007
-0.0169805
0.0096143
-0.0355326
0.0404787
-0.0217203
0.0194909
0.0096502
0.0069067
0.0186940
-0.0100049
0.0453438
-0.0270023
-0.0316872
-0.0074626
-0.0052432
0.0128613
0.0029934
0.0295116
0.0411031
0.0101470
-0.0193464
-0.0074076
-0.0413331
0.0041625
0.0370587
-0.0138244
-0.0540609
-0.0196625
-0.0218227
0.0075445
0.0256593
0.0050711
0.0064907
-0.0201576
0.0261844
-0.0212839
0.0284087
0.0142638
0.0324706
0.0327560
-0.0428583
0.0159595
-0.0059585
-0.0230984
0.0082642
-0.0294625
-0.0080469
-0.0061108
0.0022986
-0.0006599
0.0287387
-0.0088816
0.0152121
0.0410487
0.0199734
0.0043706
-0.0099020
-0.0056788
0.0239673
-0.0041324
0.0334408
0.0262325
0.0020896
-0.0296460
0.0389343
