0.5354367
0.5022881
0.1456037
-0.2059953
-0.3292380
-0.3152293
-0.1250828
-0.0088455
-0.0120658
-0.0147013
-0.0010404
0.1124638
0.0960083
0.0930296
0.0794679
0.0343785
0.0101142
-0.0049912
-0.0508741
-0.0037346
-0.0151425
-0.0502761
-0.0406176
-0.0118769
-0.0231902
0.0081515
-0.0171694
0.0485791
0.0058817
0.0181815
0.0059323
0.0033372
0.0157339
-0.0128514
-0.0121379
-0.0255222
0.0076473
-0.0216941
-0.0237256
0.0031010
0.0221145
0.0014291
-0.0304469
0.0082310
0.0011152
-0.0255532
0.0341997
0.0071094
0.0215429
-0.0692640
0.0029395
0.0073925
0.0050748
0.0201511
-0.0695050
0.0184620
-0.0000261
-0.0028624
-0.0020555
-0.0526349
0.0245347
0.0290696
0.0232207
0.0121428
-0.0025709
0.0368954
0.0091719
0.0188948
-0.0062655
-0.0219877
-0.0098418
-0.0176306
0.0060807
-0.0328174
-0.0148905
-0.0186284
0.0280133
0.0012096
-0.0327772
-0.0167914
0.0120048
0.0261788
-0.0185129
-0.0104285
-0.0165963
0.0263394
-0.0008794
-0.0218599
-0.0180996
-0.0517421
0.0113470
0.0295163
-0.0397187
0.0124214
0.0229103
0.0432891
-0.0063543
0.0077198
-0.0127648
0.0284437
0.0220709
-0.0298044
-0.0459511
0.0138815
0.0156425
-0.0354550
0.0032370
0.0106221
0.0137176
0.0408702
-0.0153999
0.0348607
0.0135053
-0.0254827
-0.0016207
-0.0259766
0.0135620
-0.0126359
0.0161018
0.0003461
-0.0370954
0.0086084
0.0112597
0.0089945
0.0320142
0.0083636
0.0409255
-0.0222761
0.0065461
0.0152202
0.0329488
0.0044031
0.0012055
-0.0104420
-0.0384315
0.0216381
-0.0071011
-0.0212009
-0.0309501
-0.0226025
-0.0101344
-0.0125921
0.0357503
-0.0519299
-0.0115147
-0.0302879
0.0257936
-0.0092025
-0.0093255
-0.0105828
-0.0073620
-0.0003629
-0.0453763
-0.0018037
-0.0258607
-0.0261773
-0.0205399
0.0026615
0.0330959
-0.0176484
-0.0140955
0.0024808
0.0143745
0.0251591
-0.0387373
-0.0476831
-0.0062088
0.0065432
0.0055669
-0.0205539
0.0526940
0.0472184
0.0503531
0.0198688
0.0005314
0.0183765
0.0020976
-0.0005021
-0.0356695
-0.0537530
-0.0516166
-0.0063467
-0.0403641
-0.0485904
0.0352899
0.0241187
0.0358202
0.0301232
0.0607189
0.0918477
0.0250021
0.0104397
-0.0319807
-0.0706181
-0.1856598
-0.2427752
-0.2504559
-0.1311761
0.1690050
0.4300165
0.4913011
0.2830645
-0.0708131
-0.2455570
-0.2924070
-0.1888053
-0.0762646
-0.0097519
0.0056760
0.0535083
0.0773153
0.1225562
0.0824474
0.0138336
0.0390748
0.0688968
0.0291741
0.0027577
-0.0124886
-0.0651247
-0.0626231
-0.0173663
-0.0153934
0.0101997
0.0352618
-0.0116819
0.0231596
0.0038594
0.0510839
0.0037135
-0.0251249
0.0021959
-0.0332782
0.0107934
0.0345131
0.0231151
0.0239100
-0.0001649
-0.0133568
0.0278092
-0.0384346
0.0161505
0.0083736
-0.0186198
0.0572672
-0.0360796
0.0080107
0.0190158
-0.0039104
-0.0031164
-0.0580607
0.0299196
-0.0057098
-0.0304373
-0.0196379
0.0208924
0.0089366
0.0368309
0.0468931
0.0376985
0.0021234
0.0050442
0.0420586
-0.0420842
-0.0089096
0.0114401
-0.0506878
0.0038714
0.0198912
-0.0020461
-0.0195848
0.0144066
0.0404394
0.0109186
-0.0400954
0.0331393
-0.0304918
0.0038589
0.0302627
-0.0493047
-0.0157002
0.0100652
0.0360798
0.0165459
-0.0004446
0.0169132
-0.0293679
-0.0441720
-0.0218801
0.0408889
-0.0001929
0.0443561
0.0048210
-0.0129581
0.0421507
0.0118386
0.0233777
-0.0074136
-0.0496771
0.0224365
0.0416431
-0.0383371
-0.0150645
0.0195974
-0.0359495
-0.0129594
-0.0148933
0.0122818
0.0194849
-0.0207713
0.0224689
-0.0019765
-0.0218594
-0.0080475
-0.0203870
-0.0086655
0.0300919
0.0141972
0.0244811
-0.0279530
-0.0217078
-0.0109424
-0.0470733
0.0351155
-0.0182869
-0.0000803
0.0358606
0.0252859
0.0138381
0.0221600
-0.0036549
0.0098000
-0.0302425
-0.0285797
-0.0101484
0.0490690
0.0363373
0.0285148
0.0028112
-0.0135511
-0.0084166
-0.0259385
0.0010009
-0.0125366
0.0065168
0.0097858
-0.0446000
-0.0325306
-0.0113546
-0.0385534
0.0132702
0.0236335
-0.0316879
0.0158616
0.0152748
-0.0361496
0.0485356
-0.0042374
0.0446668
0.0240499
0.0108667
0.0245131
-0.0405785
-0.0348079
0.0018968
-0.0204941
-0.0541161
-0.0161311
-0.0323016
-0.0183276
-0.0083820
0.0111774
-0.0198710
0.0323747
0.0114026
0.0099509
0.0219720
-0.0277207
-0.0302362
0.0064884
-0.0158817
-0.0037705
-0.0614468
-0.0353359
0.0361197
0.0561154
0.0255507
0.0334989
0.0712107
0.0257606
0.0559184
0.0124975
-0.0139974
-0.0515750
-0.2107508
-0.1893428
-0.2500510
-0.0750268
0.1465284
0.3956425
0.3744695
0.2186249
-0.0524995
-0.2251360
-0.2311525
-0.1700080
-0.0601737
0.0026693
0.0211178
0.0228105
0.0723369
0.0254628
0.0491968
0.0468336
0.0227073
0.0734574
-0.0372385
-0.0235118
-0.0404842
-0.0318721
-0.0631178
-0.0079271
-0.0438062
-0.0142587
-0.0025224
-0.0190221
0.0356401
0.0243721
-0.0018923
-0.0043293
-0.0023558
0.0440054
0.0315763
-0.0401184
-0.0240013
-0.0022498
-0.0482627
0.0305330
-0.0117954
0.0080703
0.0283455
-0.0001069
-0.0132049
0.0384782
0.0187999
0.0404745
-0.0290074
0.0327675
-0.0185635
-0.0462916
-0.0265671
0.0371751
-0.0124690
-0.0307341
0.0035192
0.0398106
0.0188398
0.0002710
0.0385106
-0.0044826
-0.0067710
0.0279562
0.0359161
0.0223812
-0.0071344
0.0233749
-0.0007696
-0.0056088
0.0255381
0.0177462
-0.0345159
0.0155531
-0.0186126
0.0039277
0.0212714
-0.0409390
-0.0038217
0.0314325
0.0179841
0.0023207
0.0101493
-0.0384647
-0.0160574
0.0413377
0.0037109
0.0016452
-0.0079279
-0.0399795
0.0230531
0.0062824
0.0197878
0.0509714
0.0077538
0.0414866
0.0252178
-0.0310279
-0.0285897
-0.0088985
-0.0031271
-0.0198494
