0.3771349
0.2719155
0.0169344
-0.1426373
-0.2368742
-0.1650351
-0.1136872
-0.0954321
-0.0238877
-0.0325665
-0.0278588
0.0357929
0.0678691
0.0468957
0.0467715
0.0499127
0.0245139
0.0576843
0.0378900
0.0036857
-0.0337079
-0.0665082
0.0054311
-0.0366166
-0.0439182
0.0060436
-0.0067885
0.0373648
0.0247194
-0.0228401
-0.0232190
0.0083042
-0.0050316
-0.0126524
-0.0103276
-0.0189714
-0.0402961
-0.0047951
-0.0069528
-0.0128720
0.0036368
-0.0169570
-0.0293885
-0.0333195
-0.0073275
-0.0229691
0.0053624
-0.0028462
0.0153813
0.0188995
0.0256225
0.0161271
-0.0027007
-0.0137105
0.0068319
0.0063396
-0.0130727
0.0148767
-0.0459066
0.0162580
-0.0053592
-0.0185354
0.0004550
0.0061519
0.0086687
-0.0099858
0.0108998
0.0057155
-0.0021662
-0.0066826
0.0163967
0.0295217
-0.0049956
0.0317434
-0.0249263
-0.0147109
0.0445389
-0.0425658
0.0218869
-0.0003068
-0.0105709
0.0443413
-0.0121936
0.0131253
-0.0105417
0.0259785
-0.0268405
0.0154542
0.0193895
-0.0265670
0.0061271
0.0378158
0.0055772
-0.0425852
-0.0030715
0.0365196
0.0044956
0.0030692
0.0363620
0.0226431
0.0080335
-0.0076549
0.0247419
0.0422710
0.0018772
0.0134063
-0.0120144
-0.0066852
0.0423552
0.0193493
0.0234536
0.0180427
0.0270951
0.0356297
0.0145786
0.0301430
-0.0247804
-0.0141151
0.0402492
-0.0003251
0.0165244
0.0177236
0.0082184
0.0450589
0.0383348
-0.0013567
-0.0372965
0.0101681
-0.0152683
-0.0471885
-0.0227415
0.0059520
0.0412971
-0.0156713
-0.0127116
0.0218065
-0.0054490
0.0353765
0.0340591
0.0119910
-0.0055926
-0.0178239
-0.0071188
0.0477704
-0.0074955
0.0007187
0.0229934
-0.0544109
0.0063344
0.0262256
-0.0078258
0.0094086
0.0097802
0.0291484
-0.0285059
-0.0023629
0.0252687
0.0466707
0.0006464
0.0018766
0.0689747
0.0138296
0.0025755
0.0511366
0.0128473
-0.0360020
-0.0143484
-0.0438640
-0.0293490
-0.0213887
-0.0165694
0.0044853
-0.0120648
-0.0192685
-0.0090209
-0.0108051
0.0275831
0.0514646
0.0480752
0.0585379
0.0396071
0.0647518
-0.0021722
0.0077637
-0.0155251
-0.1117605
-0.1859799
-0.2614657
-0.2214121
-0.0146627
0.2327081
0.4193013
0.4404675
0.1891269
-0.0446600
-0.1967273
-0.2259535
-0.1437055
-0.0931951
-0.0191739
-0.0335921
-0.0093634
0.0472031
0.0181296
0.0619497
0.0864628
0.0635654
0.0237160
0.0449388
-0.0111982
-0.0177230
-0.0114321
-0.0095475
-0.0412565
-0.0298532
0.0101875
-0.0203441
-0.0193310
-0.0309058
-0.0178484
0.0066299
0.0345432
-0.0001818
-0.0169636
-0.0249468
-0.0112352
-0.0352103
0.0137074
0.0192273
-0.0346891
0.0256879
0.0079282
-0.0068803
-0.0028384
-0.0314625
-0.0124007
0.0322960
-0.0016166
0.0329106
-0.0089786
0.0049841
0.0549751
0.0004467
-0.0307698
-0.0205368
0.0242044
-0.0099388
0.0180088
0.0322875
-0.0133756
-0.0266086
-0.0164299
0.0061009
-0.0095893
0.0086321
0.0152243
-0.0000841
0.0066525
0.0000744
0.0186990
-0.0188061
-0.0387396
-0.0141889
0.0258915
-0.0237835
-0.0409674
-0.0402434
-0.0240841
-0.0155036
-0.0175380
0.0349499
0.0045412
-0.0353743
-0.0102859
0.0143574
0.0106019
-0.0109766
-0.0017938
0.0207697
-0.0118745
-0.0433684
-0.0357083
-0.0070079
0.0413718
0.0071970
-0.0063195
0.0421540
0.0117778
0.0147142
-0.0213726
-0.0292139
0.0296545
-0.0086840
-0.0160132
-0.0183899
-0.0073931
0.0434740
0.0220190
0.0016539
-0.0210623
-0.0091957
-0.0049654
-0.0122193
0.0428965
-0.0276983
-0.0222641
-0.0249877
0.0187648
0.0102096
0.0001834
0.0187980
-0.0266988
0.0453158
-0.0103272
-0.0228333
0.0242436
-0.0106750
-0.0452383
0.0330710
-0.0011005
-0.0124450
0.0361458
0.0233105
-0.0035164
-0.0020847
0.0248354
-0.0173926
0.0002773
0.0058839
-0.0368209
0.0289433
0.0315940
0.0450911
0.0001767
0.0198036
0.0024240
0.0028873
0.0309080
-0.0335762
0.0163597
0.0110547
0.0110547
0.0112594
0.0289807
-0.0262647
0.0129927
-0.0072058
-0.0435721
-0.0065782
-0.0141582
-0.0017740
0.0307953
0.0089176
-0.0054493
0.0400836
0.0003155
0.0224229
0.0546704
-0.0295245
-0.0119830
-0.0193578
-0.0068963
-0.0232451
-0.0590125
-0.0034565
0.0203886
0.0217524
-0.0131860
0.0322491
0.0350269
0.0086816
0.0860989
0.0769747
0.0255399
0.0033720
0.0043306
-0.0139883
-0.0371204
-0.0800766
-0.1832230
-0.2534787
-0.2589598
-0.0575887
0.2633416
0.4842734
0.4449392
0.2553250
0.0257895
-0.2213057
-0.2313704
-0.1732365
-0.1277895
-0.0176279
-0.0154992
-0.0298419
-0.0165348
0.0726462
0.0987720
0.0648843
0.0706701
0.0240686
0.0263532
0.0044090
-0.0323888
0.0074367
0.0142184
-0.0146983
-0.0211265
-0.0114265
-0.0153322
0.0255468
-0.0267646
0.0061026
0.0441328
0.0074913
0.0318493
0.0414134
-0.0041243
-0.0194659
0.0054842
0.0300920
-0.0070596
-0.0389297
0.0038004
-0.0246625
0.0041103
-0.0235087
-0.0456199
-0.0003478
0.0360320
0.0172486
-0.0433409
-0.0148332
-0.0006598
0.0081581
0.0078872
-0.0285307
0.0174943
-0.0125949
-0.0040273
0.0278555
0.0089746
0.0268705
0.0234029
0.0104814
0.0190315
0.0279362
0.0232959
0.0290289
0.0227226
0.0002601
0.0222327
-0.0186055
0.0177905
-0.0090944
-0.0286913
0.0198742
-0.0165013
-0.0437635
-0.0062055
0.0464159
0.0351699
-0.0085167
-0.0161102
0.0202949
-0.0214921
-0.0476590
0.0185229
-0.0214393
-0.0239957
-0.0148211
-0.0591666
-0.0089175
0.0355442
0.0229229
-0.0106543
-0.0359821
-0.0162430
0.0372656
-0.0069488
-0.0090979
0.0152421
0.0319271
0.0139933
-0.0048382
-0.0021249
0.0165591
0.0013577
-0.0220802
0.0309306
-0.0140296
-0.0118623
-0.0285704
-0.0342253
-0.0067144
-0.0344263
-0.0247349
-0.0342103
-0.0096666
0.0355043
