0.2910547
0.2181683
-0.0293325
-0.2198851
-0.4131892
-0.2437765
-0.0528445
0.0975788
0.1102233
0.1207821
0.0650132
0.0965521
0.0469773
-0.0322404
-0.0267817
-0.0189236
-0.0631973
-0.0335721
0.0098708
-0.0502255
0.0085669
0.0192039
0.0473497
0.0268207
0.0186326
0.0370040
0.0409983
-0.0385698
0.0114322
0.0291447
0.0291967
-0.0210984
0.0037487
-0.0103735
-0.0181176
-0.0257379
-0.0168034
0.0379307
-0.0201128
-0.0129399
0.0296473
-0.0185263
-0.0188740
0.0190140
0.0094411
-0.0248788
0.0080661
-0.0104774
0.0067578
0.0534433
0.0134025
-0.0129915
-0.0530599
-0.0341424
0.0188995
0.0278014
0.0162693
0.0074358
0.0095389
-0.0207842
0.0554615
0.0203585
-0.0029418
0.0294194
-0.0231754
0.0110078
-0.0107486
-0.0469849
-0.1032313
-0.0351088
-0.0149515
-0.0019451
0.0076771
0.1383869
0.2244200
0.2288866
0.1204946
-0.1012630
-0.2948340
-0.3006665
-0.0952554
0.0546979
0.1093111
0.0773547
0.0785711
0.0985064
0.0407589
-0.0147526
-0.0094432
-0.0389337
-0.0073808
-0.0252679
-0.0553687
-0.0279201
0.0117444
-0.0308212
0.0289818
0.0300008
0.0394670
0.0266947
0.0471177
0.0011606
-0.0120944
-0.0079599
-0.0042424
-0.0323659
-0.0025469
0.0073930
-0.0319010
0.0375532
-0.0042551
-0.0327689
-0.0044780
0.0353363
0.0270260
-0.0127661
-0.0084151
-0.0220091
-0.0132394
0.0063993
-0.0262775
0.0186154
-0.0101021
-0.0102687
0.0199768
-0.0425650
-0.0599359
0.0063898
-0.0279672
-0.0144725
0.0133703
0.0205757
-0.0207055
0.0174773
0.0808000
0.0573304
0.0283836
0.0643526
-0.0361916
-0.0393051
-0.0081175
-0.0758747
-0.0847617
-0.0841959
-0.0274919
0.0063342
0.0021710
0.0635095
0.1961069
0.3072854
0.2475897
-0.0114901
-0.2766792
-0.3667542
-0.2341026
-0.0405896
0.0783121
0.0938165
0.1220404
0.0962861
0.0478695
0.0442234
0.0058412
-0.0075670
-0.1065809
-0.0312257
-0.0452200
-0.0607103
-0.0086574
-0.0063240
0.0236741
-0.0112222
0.0663702
0.0276959
0.0297273
-0.0024175
0.0367831
0.0040280
-0.0468725
0.0253098
-0.0566117
-0.0378311
-0.0328662
-0.0165839
0.0260692
-0.0259704
0.0503546
0.0039259
0.0000285
-0.0130467
-0.0240794
0.0154224
0.0260074
0.0222637
-0.0285749
-0.0008594
-0.0300198
-0.0244594
0.0080691
0.0151993
-0.0421459
0.0213294
-0.0143573
-0.0271047
0.0180314
0.0266235
-0.0035633
0.0144387
0.0435151
0.0025488
-0.0050543
0.0249700
0.0249337
0.0456170
0.0060227
-0.0396412
-0.0906792
-0.0428270
-0.0666985
-0.0873967
-0.0464114
-0.0041623
0.0474026
0.1226273
0.2889758
0.2090964
0.0569329
-0.1835310
-0.3405346
-0.2328733
-0.0993552
0.0692431
0.1188570
0.1150321
0.1204011
0.0661203
0.0099545
-0.0241016
-0.0100435
-0.0011840
0.0079594
-0.0573238
-0.0263342
-0.0259425
-0.0307849
0.0362736
-0.0035307
0.0370501
0.0248314
0.0681023
0.0227457
0.0325613
0.0187531
0.0028277
0.0301059
-0.0274162
-0.0303654
-0.0092863
-0.0285547
-0.0209674
-0.0116770
-0.0173705
0.0036154
0.0368305
0.0052856
-0.0284894
-0.0390784
-0.0337850
-0.0169269
0.0226209
-0.0045977
-0.0400411
-0.0239329
0.0153277
0.0340277
0.0097815
0.0099303
-0.0009438
-0.0046695
0.0177548
0.0098862
0.0328505
-0.0039038
0.0484836
0.0380445
0.0462996
0.0418417
0.0069226
0.0347142
0.0058090
-0.1057787
-0.1039646
-0.1006143
-0.0421151
-0.0546734
0.0023165
0.0814662
0.2253294
0.2636239
0.1859913
-0.0099110
-0.2447972
-0.3374411
-0.2778096
-0.0619188
0.0497389
0.1003266
0.1387881
0.0836523
0.0832289
0.0753378
0.0493588
-0.0013107
-0.0492018
-0.0322317
-0.0636950
-0.0295292
-0.0007772
0.0236462
-0.0254475
0.0295392
0.0561758
-0.0020465
0.0354768
0.0408565
0.0234802
-0.0295006
0.0306649
-0.0164047
-0.0379538
-0.0478626
-0.0275902
0.0188979
-0.0433655
0.0074214
0.0103288
-0.0188978
0.0371017
-0.0039959
-0.0192161
-0.0266581
0.0067600
-0.0168921
0.0072476
-0.0281267
0.0007710
-0.0189719
0.0005924
0.0251999
-0.0138266
-0.0332527
-0.0435484
-0.0294021
-0.0003444
-0.0433167
0.0211181
0.0415553
0.0135261
0.0079126
0.0799428
0.0207494
0.0270800
0.0061089
-0.0472758
0.0068101
-0.0702373
-0.0888269
-0.0418735
-0.0352739
-0.0360978
-0.0171078
0.0221961
0.1246474
0.2493961
0.2071614
0.1141086
-0.1296729
-0.2744980
-0.2733777
-0.1719124
0.0511292
0.1091419
0.1334334
0.1478282
0.1095782
0.0903188
0.0011427
-0.0251701
-0.0397966
-0.0459925
-0.0687927
-0.0478127
0.0029371
-0.0126123
-0.0281037
0.0037119
0.0010094
0.0385017
0.0489294
0.0709461
0.0110695
0.0048317
0.0091409
0.0104911
0.0024571
0.0088165
0.0327703
0.0084269
0.0206300
-0.0363012
-0.0170266
-0.0166724
-0.0184066
0.0223574
-0.0183611
-0.0343631
-0.0091684
0.0336083
0.0190721
0.0019631
-0.0227379
0.0256991
-0.0013467
-0.0183444
-0.0480077
0.0076093
-0.0392465
-0.0280588
-0.0343976
-0.0399470
-0.0239072
0.0013608
0.0247567
0.0568755
0.0135119
0.0607617
0.0257996
0.0230247
0.0106362
-0.0557101
-0.1042250
-0.1112737
-0.0855128
-0.0227206
-0.0434995
0.0822556
0.1107199
0.2444494
0.2693566
0.1611390
-0.0256199
-0.3081221
-0.4040043
-0.1880202
-0.0373375
0.1264216
0.1598238
0.0867022
0.1109646
0.0555656
0.0206168
-0.0314734
-0.0412650
-0.0809194
-0.0360879
-0.0329641
-0.0250696
-0.0178749
0.0259266
0.0365140
0.0262098
0.0107204
0.0572093
0.0436970
0.0075792
0.0521265
0.0045749
0.0269332
-0.0256363
-0.0309074
0.0166525
-0.0439874
-0.0242724
0.0236524
-0.0112992
0.0021976
-0.0206851
0.0052662
0.0291452
-0.0212033
-0.0030042
-0.0128359
-0.0070674
-0.0322169
0.0042514
-0.0092359
-0.0188018
-0.0113119
-0.0312446
0.0217311
