0.3496829
0.3845096
0.2052367
0.0575386
-0.1464260
-0.2213153
-0.1498227
-0.1120082
-0.0762463
-0.0561812
-0.0266635
-0.0118894
-0.0035393
0.0270239
0.0634359
0.0344655
0.0434668
0.0111675
-0.0238922
0.0178859
0.0344951
-0.0055758
-0.0238402
0.0012883
-0.0165202
0.0072719
0.0075013
0.0010932
-0.0308206
-0.0033179
0.0152333
-0.0054615
0.0285079
0.0006548
0.0102473
0.0279445
-0.0225752
-0.0043897
-0.0196374
-0.0348600
0.0037673
0.0190874
0.0418513
0.0100710
0.0240097
0.0212095
-0.0178289
0.0132537
-0.0333175
0.0307655
-0.0016578
-0.0174480
0.0452930
-0.0130126
0.0128023
0.0389166
0.0153651
0.0337920
-0.0131891
-0.0452737
-0.0239259
-0.0066549
-0.0335985
0.0304440
-0.0082404
-0.0173840
0.0210822
-0.0385800
-0.0017021
0.0344848
0.0249618
0.0063583
0.0231817
0.0193394
-0.0066547
0.0049000
0.0267302
-0.0147357
-0.0374367
0.0013378
-0.0092568
-0.0018442
0.0167516
-0.0198637
-0.0031850
-0.0116029
0.0094064
0.0215872
0.0051426
-0.0256274
-0.0369072
-0.0389529
-0.0461369
0.0007943
-0.0305898
-0.0223934
0.0184457
-0.0106840
-0.0149927
-0.0144525
0.0072905
0.0109176
-0.0262030
0.0134090
-0.0018072
-0.0235035
0.0252000
-0.0316902
-0.0453262
-0.0161792
-0.0047229
0.0018318
-0.0088034
-0.0182264
-0.0212933
-0.0357387
-0.0288393
0.0030712
-0.0314119
-0.0292758
0.0158369
0.0383970
-0.0329812
-0.0097432
-0.0018887
-0.0134170
0.0437423
-0.0372185
-0.0143622
0.0390416
-0.0207971
0.0219660
0.0051645
0.0066451
0.0262504
-0.0019156
0.0308376
-0.0282168
-0.0139043
0.0374800
-0.0384059
0.0256116
0.0498544
-0.0142117
-0.0186530
-0.0164183
-0.0015052
0.0020402
-0.0122827
-0.0275156
-0.0336703
0.0041715
0.0111050
-0.0119615
-0.0165236
-0.0153473
0.0134158
0.0546451
0.0193077
-0.0014467
-0.0011317
-0.0037580
0.0574042
0.0155719
-0.0340421
0.0083353
-0.0465606
-0.0160222
-0.0091885
-0.0495692
-0.0108495
-0.0353174
-0.0474215
0.0062961
0.0141047
-0.0026473
0.0165797
0.0519230
0.0651717
0.0679402
0.0805070
0.0348717
0.0083277
-0.0202028
-0.0698345
-0.1095211
-0.2063384
-0.2437343
-0.1829159
-0.0359887
0.1711748
0.3254336
0.3712365
0.1763430
-0.0491535
-0.1867234
-0.2296827
-0.1351433
-0.1148958
-0.0738171
-0.0171384
-0.0395974
-0.0130511
0.0487318
0.0666883
0.0418458
0.0516122
0.0432573
0.0275464
0.0607064
0.0300483
0.0011323
-0.0425240
-0.0608900
0.0090298
-0.0442585
-0.0377048
0.0054566
-0.0054469
0.0388926
0.0229447
-0.0236358
-0.0228266
0.0083042
-0.0047745
-0.0127072
-0.0103648
-0.0178438
-0.0403451
-0.0078858
-0.0041545
-0.0154263
0.0047428
-0.0153761
-0.0266323
-0.0366614
-0.0079497
-0.0224275
0.0003540
0.0003445
0.0086660
0.0217173
0.0212408
0.0235813
-0.0014885
-0.0092604
-0.0055346
0.0184164
-0.0203008
0.0188219
-0.0332631
-0.0104033
0.0166947
-0.0266571
-0.0008384
0.0001012
0.0137957
-0.0064857
0.0007367
0.0126596
-0.0014648
-0.0033471
-0.0019642
0.0349251
0.0056209
0.0122129
0.0181616
-0.0452051
0.0309337
0.0073692
-0.0346705
0.0403743
-0.0317286
0.0291195
0.0181111
-0.0031673
0.0039089
0.0011463
0.0162397
-0.0296074
0.0337198
-0.0007507
-0.0223406
0.0174565
0.0374515
-0.0107772
-0.0408786
0.0106236
0.0344136
-0.0020881
0.0104431
0.0367962
0.0197026
0.0055325
-0.0071066
0.0308817
0.0384831
0.0005444
0.0141266
-0.0150157
-0.0029895
0.0425416
0.0186302
0.0237394
0.0178800
0.0270951
0.0359091
0.0144548
0.0304664
-0.0217025
-0.0187031
0.0403356
0.0025101
0.0127554
0.0210749
0.0051633
0.0420187
0.0413777
0.0076130
-0.0379315
0.0020026
-0.0030198
-0.0480088
-0.0277258
-0.0038249
0.0394068
0.0030188
-0.0269532
0.0231451
-0.0030877
0.0215082
0.0409228
0.0184204
-0.0004934
-0.0128844
-0.0198407
0.0334366
0.0235686
-0.0218561
0.0332893
-0.0282320
-0.0349401
0.0368884
-0.0013254
0.0037567
0.0052486
0.0265031
0.0029206
-0.0290526
0.0172141
0.0338785
0.0386921
-0.0200062
0.0400052
0.0559402
-0.0040240
0.0221714
0.0509468
-0.0150619
-0.0285055
-0.0201629
-0.0468483
-0.0212282
-0.0243617
-0.0082886
0.0026950
-0.0165896
-0.0169720
-0.0087357
-0.0076299
0.0385799
0.0484827
0.0525469
0.0537911
0.0435945
0.0606556
-0.0089600
0.0126456
-0.0265074
-0.1187302
-0.1936345
-0.2636990
-0.2134090
-0.0018250
0.2405248
0.4228321
0.4387247
0.1891271
-0.0424604
-0.1939129
-0.2280029
-0.1470703
-0.0967733
-0.0231392
-0.0297230
-0.0179674
0.0478909
0.0184798
0.0550580
0.0853789
0.0715031
0.0246485
0.0445384
0.0018642
-0.0229446
-0.0095597
-0.0106310
-0.0296377
-0.0443360
0.0096813
-0.0138524
-0.0193377
-0.0285323
-0.0236207
-0.0041730
0.0308944
0.0151921
-0.0144078
-0.0232902
-0.0158957
-0.0238303
-0.0193663
0.0391316
-0.0261227
-0.0026105
0.0269299
-0.0075341
-0.0011029
-0.0154442
-0.0344430
0.0188369
0.0167361
0.0082208
0.0287602
-0.0250790
0.0409198
0.0356319
-0.0141804
-0.0365291
0.0016309
0.0164010
-0.0109688
0.0330557
0.0184750
-0.0215316
-0.0258100
-0.0091672
0.0053331
-0.0112840
0.0167884
0.0085159
0.0029176
0.0035223
0.0044261
0.0157194
-0.0255177
-0.0380752
-0.0064199
0.0242830
-0.0304846
-0.0395990
-0.0408119
-0.0211882
-0.0171840
-0.0148602
0.0360243
0.0021872
-0.0353796
-0.0098518
0.0143574
0.0108083
-0.0105928
-0.0029204
0.0208459
-0.0089501
-0.0426546
-0.0370646
-0.0114606
0.0384244
0.0151713
-0.0121580
0.0401018
0.0168331
0.0130757
-0.0102940
-0.0382689
0.0237928
0.0033377
-0.0203385
-0.0134284
-0.0187882
0.0356501
0.0319412
0.0058007
-0.0137909
-0.0192186
0.0027290
-0.0219854
0.0329658
0.0035701
