0.3832423
0.2980401
0.0663244
-0.1288266
-0.2227650
-0.2040089
-0.1070785
-0.0782997
-0.0448460
0.0118323
0.0946604
0.0853039
0.0596261
0.0442046
0.0251215
0.0258254
-0.0254897
-0.0665144
-0.0170017
-0.0451511
-0.0361961
-0.0139131
-0.0181386
-0.0245857
0.0031836
0.0591029
0.0394777
0.0115038
0.0271436
0.0095106
0.0131570
0.0252792
0.0197627
0.0023743
-0.0063540
-0.0049478
0.0024557
-0.0206439
0.0023493
0.0143769
0.0161659
0.0187793
0.0284147
-0.0112379
0.0087186
0.0188856
-0.0173990
-0.0244367
0.0176109
-0.0210544
-0.0128439
-0.0239400
-0.0256139
0.0159606
0.0067367
0.0102944
0.0361395
-0.0236151
0.0005285
-0.0265052
-0.0251033
0.0318706
0.0210181
-0.0276564
-0.0279321
0.0083215
0.0080522
0.0053304
0.0183164
-0.0179990
0.0023147
0.0264129
-0.0223532
0.0103121
-0.0160303
-0.0226634
0.0080540
0.0170530
-0.0020113
0.0472226
-0.0012635
-0.0291582
-0.0056371
-0.0239378
-0.0191032
-0.0145440
-0.0267780
-0.0140449
-0.0051030
0.0285543
-0.0305709
0.0218811
0.0161010
0.0250031
-0.0412122
-0.0262204
-0.0158120
-0.0235326
0.0192282
-0.0210445
0.0386117
-0.0275712
-0.0129172
-0.0216359
-0.0350656
-0.0120350
0.0219798
-0.0134600
-0.0178336
-0.0026694
0.0094933
-0.0256842
0.0200556
0.0295740
-0.0177486
0.0161719
0.0059985
-0.0321804
-0.0062832
0.0035262
-0.0173456
0.0040053
-0.0154150
-0.0174266
0.0516944
-0.0075105
0.0240041
0.0077424
-0.0293809
0.0150144
-0.0234039
-0.0506323
-0.0290116
-0.0380077
-0.0349409
0.0055959
0.0544643
0.0400215
0.0814894
0.0681195
0.0836186
0.0653923
-0.0308804
-0.0724846
-0.0860474
-0.1617316
-0.2583788
-0.2417000
0.0428650
0.3283507
0.4298500
0.3472430
0.0344336
-0.2305782
-0.2772510
-0.1870296
-0.1117573
-0.0187127
-0.0139579
0.0201041
0.0687251
0.0949645
0.0987155
0.0917034
0.0141710
-0.0121612
-0.0263019
-0.0236560
-0.0262433
-0.0522285
-0.0074234
-0.0105441
0.0080216
-0.0032679
0.0000853
-0.0148779
0.0018624
0.0139610
-0.0090434
0.0228359
0.0164204
0.0325659
-0.0312734
0.0048203
0.0222315
-0.0391201
-0.0428280
-0.0258347
0.0092316
0.0463621
-0.0107902
0.0101356
0.0364279
0.0211884
0.0021160
-0.0049931
0.0154104
0.0258556
-0.0509643
0.0179435
-0.0001662
-0.0454951
0.0001754
0.0097809
-0.0120682
0.0510785
0.0152510
-0.0371385
0.0226420
-0.0234866
0.0011321
-0.0119851
-0.0087021
-0.0117692
0.0113996
0.0021288
0.0039997
0.0104204
-0.0045578
0.0091017
-0.0306296
0.0276010
-0.0145112
-0.0255196
0.0042005
0.0196801
0.0094414
0.0115348
0.0015633
0.0213125
-0.0174929
-0.0046774
0.0130241
-0.0271421
-0.0150976
0.0118405
-0.0113909
0.0004278
0.0146365
0.0273969
-0.0255048
-0.0115521
0.0093414
-0.0353593
0.0038007
0.0496655
0.0207680
-0.0114514
0.0216968
0.0131357
0.0158103
-0.0101585
-0.0165514
-0.0131862
0.0312003
-0.0348418
0.0129566
0.0380842
-0.0241821
-0.0316366
-0.0233171
-0.0245118
0.0182579
-0.0333492
0.0284681
-0.0170059
-0.0268818
-0.0281798
-0.0324110
-0.0263120
-0.0037595
0.0340410
0.0058415
0.0117355
-0.0137876
0.0021112
0.0125260
-0.0051923
-0.0315130
-0.0619023
-0.0437796
0.0092818
-0.0018242
0.0200639
-0.0010984
0.0253269
0.0492397
0.0150972
0.0583932
0.0822415
0.0595663
0.0081131
-0.0610861
-0.0889135
-0.1233670
-0.2394669
-0.1765353
-0.0224844
0.2517142
0.4675233
0.3267776
0.0639598
-0.2002024
-0.2149728
-0.1900498
-0.0894333
-0.0153283
-0.0410060
0.0545439
0.0234553
0.0830586
0.0813267
0.0143035
0.0320463
-0.0430976
0.0197771
-0.0214447
0.0003201
-0.0574438
-0.0730121
-0.0095210
-0.0144331
-0.0091215
-0.0085451
-0.0132053
0.0328037
0.0093133
0.0229167
0.0415642
-0.0179400
-0.0046263
-0.0146014
-0.0034329
-0.0281236
-0.0396559
0.0123527
-0.0195114
0.0222513
-0.0067908
-0.0165732
0.0037446
-0.0206460
0.0016561
0.0002083
-0.0430816
-0.0214971
-0.0355940
0.0160445
-0.0111486
0.0177777
0.0087870
-0.0081635
-0.0073719
-0.0267579
0.0172807
-0.0188534
0.0312913
0.0005880
-0.0153242
0.0064527
0.0165208
-0.0014851
-0.0074060
0.0242811
-0.0273185
-0.0273464
-0.0348712
-0.0064222
-0.0266995
-0.0298982
0.0042188
-0.0279919
0.0027732
-0.0092827
-0.0434393
-0.0083870
0.0161521
0.0322751
-0.0145361
-0.0232533
0.0387787
0.0021799
0.0214767
0.0026394
0.0095043
0.0326260
-0.0322177
-0.0231120
0.0255381
0.0070909
0.0206337
-0.0022897
-0.0248360
0.0022520
-0.0257920
-0.0129895
-0.0334741
-0.0355622
0.0028632
-0.0200247
0.0198817
0.0001441
-0.0356792
-0.0231159
-0.0131578
0.0367149
-0.0145587
0.0038077
0.0120474
-0.0015753
-0.0212201
0.0056710
0.0377805
-0.0155928
-0.0426320
0.0172854
-0.0000267
0.0067667
-0.0147741
0.0047758
0.0220931
-0.0287730
0.0022688
0.0339227
0.0254800
-0.0084374
0.0099191
-0.0604477
-0.0210392
-0.0355569
-0.0641874
-0.0277399
0.0147034
0.0408211
0.0424221
0.0655541
0.0056313
0.0534213
0.0140304
0.0010826
-0.0197401
-0.0557834
-0.0870313
-0.1190164
-0.1271231
-0.1457798
-0.0185359
0.1412470
0.2375825
0.2702548
0.1225913
-0.0796018
-0.1853737
-0.1951407
-0.1073794
-0.0258602
0.0217821
0.0269808
0.0054530
0.0339848
0.0145016
0.0331854
0.0231023
0.0206706
-0.0087713
-0.0358245
-0.0565887
-0.0413332
-0.0014847
0.0036734
0.0278985
0.0069695
0.0072144
-0.0087822
0.0021495
0.0054191
0.0313185
-0.0150010
-0.0087875
-0.0377796
-0.0378023
-0.0485979
0.0138204
0.0130146
0.0086129
-0.0262043
-0.0167907
0.0261309
0.0300973
0.0339093
-0.0302937
0.0122874
-0.0042875
0.0216624
-0.0289270
-0.0178609
0.0284821
0.0000922
-0.0268143
-0.0063608
