0.3078799
0.4038579
0.2919652
0.0709605
-0.1489130
-0.2342648
-0.2213417
-0.1372130
-0.0258346
-0.0259592
0.0238672
0.0543726
0.0754899
0.1209776
0.0272524
0.0605101
0.0387859
-0.0070626
-0.0403218
-0.0709884
-0.0577304
-0.0162067
-0.0699891
-0.0298010
-0.0232236
0.0026019
0.0533429
-0.0089179
0.0231753
0.0456034
0.0042622
-0.0139613
0.0030036
0.0066008
-0.0225885
-0.0158690
-0.0291041
0.0009781
0.0006911
-0.0174712
0.0040551
0.0110407
0.0311949
-0.0118520
0.0338521
0.0232974
0.0069418
0.0293440
0.0180195
-0.0117586
0.0287595
-0.0117910
0.0095405
0.0157390
0.0234239
-0.0314851
-0.0086240
0.0366108
0.0043685
0.0197012
-0.0159283
0.0252857
-0.0496658
-0.0107190
0.0014200
-0.0484831
-0.0005460
-0.0343767
0.0107420
0.0065115
0.0105883
-0.0002037
0.0137396
-0.0302233
-0.0188107
-0.0030304
-0.0002024
0.0381636
0.0067222
-0.0062562
0.0350327
-0.0182304
-0.0291788
-0.0172285
-0.0179150
0.0260888
0.0142283
0.0221733
0.0224642
0.0277846
-0.0061680
0.0143242
0.0100997
-0.0137451
-0.0215020
0.0114931
-0.0312331
0.0204305
-0.0010261
0.0161426
-0.0235794
0.0184521
-0.0313799
0.0195265
-0.0110892
-0.0389715
-0.0331854
0.0175010
0.0148487
-0.0301197
-0.0304199
-0.0046771
-0.0019471
0.0224020
0.0006288
0.0171589
0.0117534
0.0363707
-0.0003070
0.0043761
0.0132775
-0.0048938
0.0283554
-0.0254236
-0.0354044
0.0088086
-0.0118927
0.0171415
-0.0026227
0.0397123
0.0071346
-0.0015473
-0.0142176
0.0175156
-0.0423040
-0.0349064
-0.0127658
-0.0686093
-0.0443344
0.0215541
-0.0292785
0.0205143
0.0442284
0.0126688
0.0799185
0.0209697
0.0508434
0.0728447
0.0155087
-0.0434461
-0.0816030
-0.1557598
-0.2274216
-0.2083930
-0.1091340
0.1539736
0.4315879
0.4585510
0.1653048
-0.0983012
-0.2843028
-0.2318205
-0.1732696
-0.0833083
-0.0328582
-0.0325181
0.0242673
0.0710486
0.0637711
0.0464101
0.0656432
0.0198683
0.0245011
-0.0296878
-0.0089158
-0.0558336
0.0134257
-0.0307697
-0.0466186
-0.0383681
0.0019088
0.0337675
0.0198347
-0.0049144
0.0072650
-0.0096197
0.0072154
0.0108201
-0.0077702
0.0215829
-0.0347419
-0.0171613
-0.0622420
0.0048761
0.0196517
-0.0318454
0.0253336
0.0206334
0.0304641
-0.0062156
0.0149450
-0.0119113
0.0133133
-0.0121002
-0.0124064
0.0103265
-0.0486114
-0.0071697
-0.0049391
-0.0367621
-0.0138556
-0.0082748
0.0110343
0.0451616
-0.0035803
-0.0283967
0.0435336
0.0245516
-0.0007433
0.0053203
-0.0013188
0.0025418
0.0112555
-0.0371394
-0.0345454
-0.0255510
-0.0285725
0.0025203
0.0226889
0.0175556
-0.0022210
0.0214018
0.0065985
-0.0227803
0.0119950
-0.0230169
0.0326241
-0.0153787
0.0068641
-0.0201803
0.0129137
-0.0204564
-0.0290095
-0.0156466
0.0187847
-0.0043283
-0.0001114
0.0219843
-0.0428937
-0.0195536
-0.0292443
-0.0061315
-0.0098574
-0.0329109
-0.0061651
0.0199601
-0.0051352
-0.0026328
0.0265834
-0.0333897
-0.0104329
0.0212723
-0.0171191
-0.0396220
0.0188933
0.0338855
0.0120748
-0.0202656
-0.0029564
0.0291116
-0.0191349
0.0144959
0.0093132
-0.0187706
0.0000065
-0.0020811
0.0065614
0.0039233
-0.0369215
0.0106828
0.0015961
0.0024134
-0.0001387
0.0266653
0.0507928
0.0182834
0.0162884
-0.0211688
-0.0058430
-0.0084615
-0.0134051
-0.0684508
-0.0167954
-0.0474961
-0.0298212
-0.0272181
-0.0171873
0.0047216
0.0216274
0.0885438
0.0858710
0.0492564
0.0026593
0.0474991
-0.0322900
-0.1115137
-0.1385574
-0.2388600
-0.2403796
-0.0108007
0.2635237
0.4121880
0.3412683
0.0180200
-0.1940371
-0.2119506
-0.1657232
-0.1065740
-0.0631244
-0.0097678
0.0204465
0.0542849
0.0785531
0.0387434
0.0156237
-0.0053305
0.0175365
-0.0088594
-0.0418676
0.0088616
-0.0415612
-0.0631461
-0.0450085
-0.0241267
-0.0387979
-0.0016108
-0.0030198
-0.0013291
-0.0174994
0.0276574
-0.0139645
-0.0005260
0.0188903
-0.0264495
0.0379740
-0.0373587
0.0148311
-0.0272772
-0.0157648
-0.0130147
0.0097602
0.0236718
0.0005408
-0.0110440
-0.0301922
0.0337863
0.0294851
0.0131383
0.0207018
-0.0100588
-0.0154542
-0.0179131
-0.0406478
-0.0408549
-0.0152801
0.0285808
-0.0277673
-0.0282570
-0.0166130
0.0023842
-0.0175338
0.0471861
-0.0090345
0.0080428
0.0091579
0.0163345
0.0018635
-0.0128765
0.0360206
0.0035160
-0.0164666
0.0027881
0.0129354
0.0235703
-0.0298636
-0.0153543
-0.0236956
0.0380043
0.0009661
-0.0369920
-0.0250392
0.0219317
0.0188740
0.0171768
0.0316464
-0.0315235
0.0282858
0.0315537
0.0070424
-0.0524283
-0.0210249
-0.0062547
0.0002875
-0.0141523
0.0049307
0.0391809
0.0305720
0.0230745
-0.0320884
0.0241332
-0.0108012
-0.0249350
0.0065745
0.0233186
0.0125392
-0.0039747
0.0385390
-0.0141400
-0.0169871
-0.0095283
-0.0042980
0.0361329
-0.0133829
-0.0021048
0.0368799
0.0233375
-0.0082551
-0.0333444
0.0357832
-0.0101324
-0.0295201
0.0253394
-0.0014995
-0.0264687
-0.0305049
0.0242834
-0.0088009
-0.0013890
0.0382323
0.0109462
-0.0099437
0.0019245
-0.0183289
-0.0213081
-0.0277277
0.0195913
0.0124865
-0.0336312
-0.0473132
-0.0361702
0.0322727
0.0453115
0.0122865
0.0592824
0.0532988
0.0365691
0.0425429
0.0146085
-0.0149555
-0.0484503
-0.0238902
-0.1171542
-0.0950701
-0.0482581
-0.0340687
0.0968830
0.2334020
0.2633741
0.1102251
-0.1058431
-0.1758198
-0.1619382
-0.0791828
-0.0167067
0.0336997
0.0518239
0.0212132
0.0760435
0.0267094
-0.0011585
0.0065203
0.0240727
-0.0013795
-0.0346011
0.0176024
-0.0318166
0.0012772
-0.0188451
-0.0542951
-0.0026232
-0.0223566
0.0001270
0.0485867
0.0411646
0.0511719
0.0143715
0.0088037
-0.0102549
-0.0399651
-0.0020095
