0.5151406
0.5088176
0.1824827
-0.1164183
-0.4159428
-0.5481757
-0.2823952
-0.0753015
0.0471194
0.1258383
0.1412427
0.1135696
0.1144548
0.1097082
0.0126467
-0.0115012
-0.0814419
-0.0212820
-0.0580042
-0.0899223
-0.1058935
-0.0747952
-0.0748413
0.0251926
0.0655616
0.0434148
-0.0200677
-0.0091160
0.0268250
0.0564812
-0.0264247
-0.0112215
0.0431100
-0.0766436
0.0096102
-0.0719700
-0.0110410
0.0394907
-0.0472220
-0.0190439
0.0109526
0.0621942
0.0133165
-0.0741739
-0.0459100
0.0282809
-0.0334433
0.0399640
-0.0051109
-0.0319671
-0.0337992
0.0044418
0.0208042
0.0457894
0.0550726
0.0580352
0.0449224
0.0581151
0.0580144
-0.0227675
0.0010505
0.0271691
-0.0028215
-0.0186669
-0.1324162
-0.1448299
-0.1888857
-0.0624769
-0.0031321
0.1241487
0.3211304
0.2810182
0.2476873
-0.0266968
-0.2542063
-0.3239596
-0.2546232
-0.0927438
0.0789107
0.0945164
0.0533552
0.1594222
0.0811874
0.0384995
0.0360986
0.0240706
-0.0785605
0.0039072
-0.1009238
-0.1107553
-0.0119129
-0.0238181
-0.0432989
-0.0198246
0.0315336
0.0449827
0.0026067
-0.0183805
0.0730384
0.0435684
0.0021483
-0.0536404
-0.0778965
-0.0295779
-0.0297589
-0.0058788
-0.0142083
0.0525291
0.0228014
0.0278061
0.0599904
-0.0105355
0.0216823
-0.0166804
0.0006870
0.0022761
-0.0141546
0.0380016
0.0031614
-0.0174899
0.0203294
0.0242152
0.0215018
0.0445211
-0.0284076
0.0392959
0.0459840
0.0205530
0.0323952
0.0078471
-0.0243861
-0.0941793
-0.1085635
-0.0899463
-0.0717834
-0.0721932
-0.1532550
-0.0953699
0.0850771
0.2821992
0.4663328
0.3174646
0.1116336
-0.1195969
-0.4297568
-0.4436792
-0.1847092
0.0341497
0.0638113
0.1217068
0.1804693
0.1296475
0.1637673
0.0798364
-0.0407447
-0.0052145
-0.0203747
-0.0157020
-0.0455417
-0.0748524
-0.0220558
-0.0499939
-0.0224339
-0.0402196
-0.0178822
0.0580945
0.0141263
0.0940598
-0.0406276
0.0021055
0.0196225
0.0211192
-0.0067729
-0.0516768
-0.0288669
-0.0702574
-0.0596712
-0.0059937
0.0360196
-0.0255316
0.0024953
0.0587892
-0.0194964
-0.0527330
0.0186554
0.0173775
0.0363235
-0.0222313
-0.0380930
0.0261523
0.0006113
-0.0808615
-0.0162379
0.0110782
0.0474333
0.0461909
0.0190161
0.0321844
0.0034486
0.1019151
0.0428678
0.0327993
-0.0200589
-0.1651551
-0.1330718
-0.1179822
-0.2015418
-0.0729232
0.0644185
0.2015476
0.4319864
0.3694910
0.1903732
-0.1663476
-0.3144629
-0.4317089
-0.2684344
-0.0434032
0.0119670
0.1445020
0.0639774
0.1010029
0.1623939
0.0333867
0.0146906
0.0491257
-0.0109603
0.0228380
-0.0177028
0.0002181
0.0224362
0.0210906
-0.0719436
-0.0116590
0.0408927
-0.0034639
0.0463098
0.0598614
-0.0062813
-0.0039081
0.0354924
-0.0758335
0.0012210
0.0204143
0.0107776
0.0022933
0.0178367
-0.0013319
0.0778758
0.0699607
0.0648372
-0.0077079
-0.0001945
-0.0310339
0.0604761
0.0027422
0.0065861
-0.0375410
-0.0234422
0.0427872
-0.0166114
-0.0528156
-0.0252728
-0.0173834
-0.0116607
-0.0188050
0.0257763
0.0336673
0.0341557
-0.0113206
-0.0469605
-0.0241996
-0.0126524
-0.1240653
-0.1634505
-0.1698763
-0.1679559
0.0011454
0.2406421
0.4372661
0.4226773
0.1065682
-0.2279137
-0.3426044
-0.3111089
-0.1406419
-0.0154815
0.1028675
0.0583679
0.0081281
0.0619035
0.1495837
0.0308774
0.0633828
0.0119773
-0.0158567
0.0165257
-0.0093816
-0.0249849
0.0263627
-0.0106183
-0.0587595
0.0338186
0.0634973
0.0526781
0.0323830
0.0692687
-0.0080347
-0.0643699
-0.0117626
-0.0286912
-0.0641660
0.0270316
0.0202734
0.0002636
0.0304721
0.0419612
-0.0039343
-0.0020527
0.0276264
0.0172403
0.0482482
-0.0088268
0.0417887
0.0369836
-0.0311897
-0.0373585
-0.0321649
0.0087159
0.0267656
0.0141411
0.0572329
0.0420952
0.0033191
0.0561475
0.0875436
0.0798143
0.0223415
-0.0604822
-0.0422990
-0.0819609
-0.1411895
-0.0375172
-0.0014065
-0.0808362
-0.0241139
-0.0343390
0.1566394
0.3469844
0.4426927
0.1602345
-0.1799428
-0.4723223
-0.5004564
-0.1689560
0.0562728
0.1363827
0.1656685
0.1121848
0.0330871
0.0992893
0.1388698
0.0611679
0.0103809
0.0170503
-0.0302759
-0.0937139
-0.0758492
-0.0065032
-0.0329323
0.0163770
0.0235183
0.0329822
0.0225701
0.0717834
-0.0428923
0.0789640
0.0665942
-0.0287999
-0.0175773
-0.0342841
-0.0698597
-0.0711595
0.0342750
0.0266340
-0.0497835
-0.0188894
0.0588244
0.0181860
-0.0201414
0.0486571
0.0341156
0.0395904
-0.0112834
-0.0278116
-0.0580559
-0.0811315
-0.0555254
-0.0058364
0.0531028
-0.0095503
0.0169156
0.0945184
0.0883023
0.0110608
0.0343145
0.0411607
0.0273106
0.0235631
-0.0644798
-0.0423317
-0.1138700
-0.1693812
-0.1384197
-0.1454878
-0.1511310
0.1319288
0.3494331
0.5140723
0.3990540
0.0011227
-0.3356391
-0.5244399
-0.3616950
-0.0734781
0.1187728
0.1064081
0.0304598
0.1216816
0.1211481
0.0733503
0.0356097
0.0022878
-0.0219536
-0.0549624
-0.0722449
-0.0830839
-0.1067636
-0.0659460
0.0241246
0.0389098
-0.0319978
-0.0011472
0.0763467
0.0970029
0.0522439
0.0167812
0.0370250
-0.0179570
-0.0176472
-0.0586272
-0.0586873
-0.0249046
0.0448180
0.0043428
0.0076371
0.0521442
-0.0580829
0.0007364
0.0421339
0.0524808
-0.0491217
0.0477158
0.0371028
0.0428225
0.0593011
-0.0107809
0.0342796
-0.0050056
0.0225243
-0.0437213
-0.0142410
0.0679362
0.0986755
0.0469111
-0.0296156
0.0619896
0.0419263
-0.0275803
0.0490934
-0.0219057
-0.1094124
-0.0715841
-0.0562616
-0.0963089
-0.1073873
-0.0201636
0.0871548
0.3416926
0.4773058
0.2951671
-0.0194914
-0.2994578
-0.4058738
-0.2882729
-0.1150643
-0.0012915
0.0624088
0.0234582
0.0623223
