0.4216926
0.4666635
0.2955355
-0.0996193
-0.3685151
-0.3949995
-0.3743253
-0.1438469
0.0481430
0.1260380
0.0744907
0.0853606
0.1169528
0.0181788
0.0341403
0.0211831
0.0146236
-0.0063642
-0.0598860
0.0088276
-0.0875812
-0.0511402
-0.0643984
-0.0429213
0.0546588
-0.0346581
-0.0212964
0.0322304
0.0079414
-0.0218591
-0.0232367
0.0019563
0.0064231
-0.0573229
-0.0768871
-0.0788678
-0.0693568
-0.0534406
-0.0046511
0.0807688
-0.0009213
-0.0533136
0.0360976
-0.0240886
-0.0469923
0.0469623
0.0423574
0.0711179
0.0087837
-0.0407294
-0.0927201
-0.0175589
-0.0059837
-0.0636950
0.0563863
-0.0450992
-0.0063206
-0.0053754
-0.0188783
0.0793482
0.0879998
0.0501660
0.0317695
0.0483300
-0.0136903
-0.0923724
-0.1150000
-0.1332239
-0.0694864
-0.1083790
-0.1507420
-0.0936005
-0.0106756
0.1424350
0.3456432
0.4806544
0.3122923
-0.0512843
-0.3534549
-0.4515437
-0.3614897
-0.1730700
0.0751604
0.0374054
0.0912209
0.1407733
0.0534831
0.0340429
0.1270783
0.0495357
-0.0053066
0.0258032
-0.0776192
-0.0658504
-0.0803637
-0.0147547
-0.0290815
-0.0315644
0.0193905
-0.0275808
-0.0298670
0.0367860
0.0623351
0.0578517
0.0382647
0.0592880
0.0290350
-0.0435446
0.0294236
0.0038949
-0.0387819
0.0135069
0.0693379
0.0071369
-0.0497432
0.0052178
-0.0152824
-0.0284256
-0.0027222
0.0203997
0.0357153
-0.0132463
0.0479099
0.0531278
-0.0177367
-0.0759468
-0.0471820
0.0369950
-0.0043218
0.0003861
0.0277540
-0.0137709
0.0735299
0.1049370
0.0003666
0.0293270
0.0425730
-0.0343642
0.0069861
-0.0422033
-0.0371217
0.0042860
-0.0567005
-0.0286143
-0.0570253
-0.1006348
-0.1245888
-0.0162913
0.1895128
0.4036447
0.4525687
0.1775626
-0.0632002
-0.2874311
-0.4245343
-0.2558438
-0.1219897
0.0296489
0.0948196
0.0440733
0.1120827
0.0495586
0.1118678
0.1156710
-0.0133184
-0.0006263
-0.0502752
-0.0614034
0.0461105
-0.0139698
-0.1037257
0.0021900
-0.0326916
-0.0331962
0.0406937
-0.0221592
-0.0053264
-0.0193399
0.0457820
0.0455819
-0.0566449
0.0169788
-0.0520094
-0.0607824
-0.0343617
-0.0673947
0.0460351
0.0112605
-0.0309429
-0.0511498
-0.0384225
0.0053529
0.0107314
0.0587017
0.0222154
-0.0203217
-0.0695145
-0.0592270
-0.0145120
0.0151467
0.0050810
-0.0226456
-0.0254022
0.0084794
0.0083834
-0.0149623
-0.0045840
0.0013034
0.0362116
0.0661750
0.0527389
0.0471194
-0.0106781
-0.0810334
-0.0298856
-0.0555742
-0.0730698
-0.0950859
-0.1614665
-0.1204608
-0.0478535
0.0084251
0.0805312
0.3600929
0.5030148
0.3724635
-0.0177783
-0.2749205
-0.4070242
-0.3821336
-0.1804424
-0.0065621
0.1568381
0.1165787
0.0732260
0.0451629
0.0431947
0.1284508
0.0787777
0.0215798
0.0271869
-0.0373013
0.0182786
-0.0231776
-0.0440886
-0.0044434
-0.0814515
0.0015071
-0.0153546
0.0525225
0.0531417
0.0314332
-0.0160083
0.0635411
0.0295981
-0.0511708
0.0330164
-0.0210700
-0.0099600
-0.0139847
-0.0636680
-0.0779227
-0.0622767
-0.0498491
-0.0050904
0.0501221
0.0484546
0.0030065
-0.0103566
0.0115666
0.0701703
0.0208848
-0.0768296
-0.0103591
-0.0163406
-0.0398550
-0.0355083
0.0509787
0.0064440
0.0404706
0.0509563
0.0281896
0.0685401
-0.0049165
0.0333744
-0.0237643
-0.0231125
0.0448787
0.0074768
-0.0669825
-0.1277634
-0.0882815
-0.1136978
-0.1230595
-0.1073868
-0.1440636
0.0681880
0.3074855
0.4662709
0.4918466
0.1552924
-0.1425002
-0.3598185
-0.4850656
-0.3725257
-0.1200802
0.0224803
0.1045554
0.1321060
0.0951344
0.1485440
0.0714086
0.0546338
0.0656847
0.0005003
-0.0562854
-0.0277321
-0.0716824
-0.0638686
-0.0090102
-0.0225514
0.0039378
0.0513616
0.0187109
-0.0520931
0.0196243
-0.0308779
0.0484597
0.0070573
-0.0759966
0.0450707
0.0081286
-0.0367025
0.0133497
-0.0317280
-0.0823002
0.0112127
0.0301175
-0.0700368
0.0396982
0.0461172
0.0413181
0.0916302
0.0180602
-0.0133163
0.0620895
0.0061075
-0.0403923
0.0605874
0.0319888
0.0035039
-0.0743400
-0.0112759
0.0812202
-0.0375518
0.0363569
0.0446329
0.0511136
0.0952051
0.0544147
0.0636324
-0.0287028
0.0655334
0.0344398
-0.0397431
-0.0308167
-0.0997149
-0.0875888
-0.1146520
-0.1657784
-0.1023543
-0.0350342
0.1284937
0.3476185
0.4499655
0.2923047
-0.0277478
-0.2164005
-0.3695822
-0.3612066
-0.1780548
0.0171416
0.1647205
0.0962318
0.0555962
0.1064643
0.0426939
0.0421539
0.0289321
-0.0620424
-0.0551381
-0.0028904
-0.0363272
-0.0263586
0.0211190
0.0277205
0.0518358
0.0221484
-0.0384932
0.0376698
0.0386685
-0.0112997
0.0814693
-0.0116463
0.0545985
0.0346694
0.0389245
-0.0012946
-0.0786053
-0.0471168
-0.0222602
0.0398695
-0.0206575
0.0267472
-0.0539768
-0.0154763
-0.0102772
-0.0227880
0.0316802
0.0691634
0.0209725
0.0162742
-0.0032456
-0.0728559
-0.0032084
-0.0261149
-0.0527855
-0.0314970
-0.0226692
-0.0065467
-0.0012675
0.0777420
0.0827309
0.0598296
0.0430169
-0.0197942
0.0184467
-0.0010006
-0.0162207
-0.0160122
-0.1254163
-0.0678208
-0.0146370
-0.1646230
-0.1240394
-0.0818174
0.0696766
0.3279252
0.3984825
0.3547044
0.1066381
-0.1367838
-0.3133321
-0.3495560
-0.2576678
-0.1360370
-0.0285989
0.1062895
0.1574106
0.1154068
0.1051425
0.0934749
0.0571651
0.0054785
-0.0348514
-0.0528839
-0.0815652
-0.1069093
-0.0330457
0.0181503
-0.0136825
-0.0145035
0.0015083
0.0039620
-0.0297249
-0.0143832
0.0759467
0.0445618
-0.0444042
-0.0258552
0.0486025
0.0505232
-0.0461064
0.0218835
-0.0259766
-0.0264260
-0.0107363
-0.0455669
0.0468663
-0.0009790
0.0615143
-0.0433141
0.0470772
0.0544314
0.0532658
-0.0086574
-0.0440343
0.0037738
-0.0068072
0.0458433
