0.3456345
0.4440906
0.1923718
-0.1513937
-0.4308345
-0.5369210
-0.2355998
0.0151276
0.1270635
0.1559272
0.1487581
0.0435887
0.0660815
0.1330648
0.1109238
0.0176018
0.0209379
-0.0025385
-0.0508115
-0.1100478
-0.0381952
-0.0184110
-0.0201867
0.0176846
0.0306693
0.0247419
0.0337394
0.0632644
-0.0434742
0.0836529
0.0665942
-0.0281848
-0.0178676
-0.0316815
-0.0642986
-0.0799700
0.0143816
0.0439340
-0.0372193
-0.0396416
0.0397156
0.0478397
-0.0231966
0.0212701
0.0488291
0.0325104
0.0265436
-0.0317669
-0.0272014
-0.0801295
-0.0688750
-0.0505132
0.0209407
0.0433000
-0.0161428
0.0321886
0.1002006
0.0811613
0.0076942
0.0370425
0.0406655
0.0263387
0.0285058
-0.0622036
-0.0423763
-0.0992747
-0.1650869
-0.1510133
-0.1282847
-0.1800081
0.0300981
0.2867787
0.4589432
0.5023296
0.1861511
-0.1833869
-0.4597693
-0.4932106
-0.2361597
0.0152631
0.1424395
0.0687835
0.0460503
0.1378403
0.1074894
0.0684479
0.0282066
0.0004577
-0.0252721
-0.0560917
-0.0724997
-0.0828694
-0.1060673
-0.0730844
0.0163376
0.0436337
-0.0200698
-0.0209572
0.0656163
0.0926757
0.0778413
0.0118122
0.0417924
-0.0000435
-0.0172699
-0.0371813
-0.0657092
-0.0477402
0.0054019
0.0471322
-0.0187908
0.0421301
0.0183564
-0.0567516
0.0144670
0.0510161
0.0374681
-0.0488873
0.0570728
0.0324840
0.0451303
0.0596798
-0.0109091
0.0331468
-0.0017663
0.0191102
-0.0277954
-0.0369358
0.0587895
0.0896046
0.0805081
-0.0252630
0.0244302
0.0737769
-0.0151071
0.0098021
0.0419193
-0.0849403
-0.0959999
-0.0615624
-0.0623638
-0.1145379
-0.0834904
0.0008694
0.1354954
0.3925589
0.4660927
0.2551000
-0.0524834
-0.3142136
-0.4051373
-0.2873939
-0.1190065
-0.0075556
0.0615283
0.0284390
0.0488347
0.0932837
0.0395652
0.0916232
0.0243996
-0.0879047
-0.0063279
-0.0195174
-0.1115717
-0.0849301
-0.0405953
-0.0518155
-0.0096721
0.0204022
-0.0531264
-0.0339107
0.0553618
0.0047811
-0.0006857
0.0643992
0.0191729
-0.0512521
0.0007603
0.0482674
0.0077977
-0.0348104
-0.0481221
-0.0217481
0.0324353
0.0614652
0.0224550
0.0167704
0.0666498
0.0116200
-0.0138170
0.0149869
-0.0733054
-0.0156731
0.0137409
0.0213033
0.0593932
-0.0272318
-0.0224844
0.0724052
0.0421446
0.0026380
0.0856395
0.0355347
-0.0270889
0.0228737
-0.0176690
-0.0069361
-0.0575172
-0.0371598
-0.0815644
-0.0939569
-0.1439084
-0.2032935
-0.0879787
0.1003470
0.2568728
0.3968323
0.3950992
0.1591116
-0.2170061
-0.4545528
-0.3481412
-0.2410821
-0.0556784
0.1217285
0.0487212
0.0834548
0.0549582
0.0653237
0.1411030
0.0529482
0.0552422
0.0158550
-0.0343765
-0.0397864
-0.0777772
-0.0499912
-0.0377177
-0.0836366
-0.0646764
0.0121201
-0.0538476
0.0140861
-0.0017850
0.0517033
-0.0061657
-0.0339559
-0.0337125
0.0203990
0.0623217
-0.0005208
-0.0185273
0.0255382
0.0105380
-0.0009345
0.0749710
0.0320045
0.0189333
0.0130854
0.0284274
-0.0123393
0.0120188
0.0309935
0.0471605
-0.0388321
-0.0270585
0.0777150
-0.0557301
0.0102973
0.0239863
-0.0449468
0.0531244
0.0164875
0.0405612
0.0507265
0.1000720
0.0599525
-0.0414392
-0.0177346
-0.0779199
-0.1327164
-0.1096442
-0.0787563
-0.1170871
-0.1597314
-0.0901788
-0.0542508
0.1055827
0.3409256
0.4327930
0.3843741
-0.0330600
-0.3680005
-0.4088391
-0.3939495
-0.0574328
0.0447546
0.0436836
0.1238506
0.1049745
0.1170442
0.0839493
0.0569922
0.0594668
0.0188194
-0.0116924
-0.0357935
-0.0141336
-0.0303297
-0.0898769
-0.0608867
-0.0655430
-0.0603536
0.0544692
0.0453758
0.0218346
0.0138677
0.0308097
-0.0048796
-0.0367761
0.0072618
-0.0133434
-0.0869202
-0.0375102
-0.0076839
-0.0519335
-0.0794845
-0.0287052
0.0659293
-0.0483058
0.0185599
0.0044145
0.0187429
0.0518336
0.0219370
0.0247331
0.0361236
0.0031983
-0.0688659
-0.0149676
0.0610154
0.0431433
-0.0004553
-0.0052856
0.0295709
0.0185021
0.0393771
0.0728909
0.0610407
-0.0262707
-0.0210856
-0.0040794
-0.0349240
-0.0601543
-0.0192479
-0.1044188
-0.1009667
-0.1015586
-0.0084146
0.3026175
0.4526680
0.4945331
0.2380850
-0.1316441
-0.4261157
-0.4574419
-0.2435143
-0.1005654
0.0453799
0.0420330
0.1037109
0.1092780
0.0621671
0.0817817
0.0723773
-0.0108307
-0.0663687
0.0199294
-0.0406191
-0.1184638
-0.0731177
-0.0801803
-0.0682491
0.0447481
0.0614434
0.0326727
-0.0158634
0.0270963
-0.0175368
0.0201624
0.0054521
-0.0372952
-0.0273922
-0.0535102
0.0071596
-0.0469300
-0.0744529
0.0267351
0.0494745
-0.0124344
-0.0337420
-0.0225167
0.0670678
0.0334463
0.0704014
0.0230704
0.0129636
0.0371731
0.0410989
0.0499598
0.0304980
-0.0287008
-0.0372079
-0.0004469
-0.0407948
-0.0317342
-0.0339774
0.0618665
0.0244714
0.0022231
0.0326893
0.0015537
-0.0427381
-0.0275164
-0.0852311
-0.0432955
-0.0265981
-0.0515555
-0.0483447
-0.1876077
-0.1367698
0.0029379
0.1070521
0.3487477
0.3920877
0.2551872
0.0104233
-0.3650683
-0.3753303
-0.3115463
-0.1433599
0.0788638
0.1623981
0.1193733
0.0302070
0.0621299
0.0607666
0.0006719
-0.0130910
-0.0328086
-0.0165761
-0.0340678
-0.0630797
-0.0022985
-0.1055026
-0.0900603
-0.0219740
0.0021279
0.0164957
-0.0581410
0.0337044
0.0488636
-0.0558265
0.0451628
0.0493757
-0.0379981
0.0112983
0.0523425
-0.0165608
-0.0495928
-0.0132097
-0.0635855
-0.0163440
0.0676721
0.0639050
-0.0287681
-0.0681145
-0.0491544
0.0150052
0.0483312
0.0505970
-0.0103114
-0.0372933
0.0143740
-0.0409015
0.0189353
0.0049693
-0.0515415
0.0467465
0.0001408
0.0788935
0.0569056
0.1035845
-0.0041907
-0.0444533
-0.0066462
-0.0230914
-0.0449308
-0.1421269
