0.3536541
0.3087621
0.1883323
-0.0050648
-0.2012122
-0.2623102
-0.1812204
-0.1307685
-0.0811898
0.0039450
-0.0135925
-0.0237115
0.0209761
0.0160484
0.0410251
0.0896627
0.0712741
0.0305056
0.0395383
0.0671659
0.0598065
0.0424557
0.0010113
-0.0324210
0.0010539
0.0120446
-0.0144338
-0.0626771
-0.0695892
0.0153388
0.0085060
-0.0064660
0.0165994
-0.0315950
0.0002771
0.0042533
-0.0237149
0.0429735
0.0375992
0.0210340
0.0455838
0.0240455
-0.0178787
-0.0357344
0.0075937
0.0214473
-0.0073290
0.0224542
0.0188380
-0.0508713
-0.0235946
0.0405287
0.0015658
-0.0401984
-0.0348534
-0.0042554
0.0477483
0.0493169
0.0246605
0.0256573
-0.0072097
-0.0417139
0.0039620
0.0327016
-0.0209104
-0.0261924
0.0096409
-0.0129150
-0.0253186
-0.0186338
-0.0334039
0.0063600
0.0413057
-0.0140541
-0.0051643
0.0417941
0.0061705
0.0173336
0.0160114
-0.0530769
-0.0284452
0.0176821
-0.0059382
-0.0190358
-0.0202795
-0.0252514
0.0020550
0.0092556
-0.0307817
-0.0401592
-0.0066649
-0.0024652
-0.0445435
-0.0212887
0.0384778
0.0068658
-0.0357398
-0.0242445
0.0093933
0.0057254
-0.0338144
0.0097133
0.0495215
-0.0076188
-0.0095567
0.0346183
0.0053400
-0.0012526
0.0372064
0.0306530
0.0133607
-0.0042311
0.0237971
0.0361207
-0.0317972
0.0034893
0.0409066
-0.0245665
-0.0215746
0.0218820
0.0256567
-0.0168531
-0.0212891
0.0270576
0.0267643
0.0307662
0.0006563
-0.0174660
0.0329650
-0.0127375
-0.0135306
0.0506186
-0.0107747
-0.0351949
0.0274949
0.0360827
0.0158790
-0.0037275
-0.0345423
-0.0291050
-0.0039860
-0.0062303
0.0129983
0.0293232
-0.0018969
0.0115368
0.0340577
-0.0096068
0.0068739
0.0640203
0.0271248
-0.0249005
-0.0222132
-0.0221427
-0.0224858
-0.0171145
-0.0234312
-0.0103360
0.0035616
-0.0011895
0.0072866
0.0398424
0.0479175
-0.0059843
-0.0256566
-0.0043446
-0.0056213
0.0211362
0.0240414
-0.0135791
0.0090262
0.0356919
-0.0031900
-0.0289961
0.0056202
0.0238581
-0.0137253
-0.0357921
-0.0068035
0.0208646
0.0231048
0.0158403
-0.0017877
0.0168484
0.0422945
0.0652495
0.1060359
0.0382496
0.0225162
0.0898434
0.0372174
0.0338001
0.0152386
-0.0662297
-0.0579362
-0.0895964
-0.1026420
-0.0776369
-0.1504294
-0.2261986
-0.1592400
0.0576065
0.2347284
0.3434262
0.4068843
0.2421047
-0.0188460
-0.1432839
-0.1904422
-0.1943603
-0.1272066
-0.0361486
-0.0150122
-0.0469649
-0.0244594
0.0260870
0.0383640
0.0247377
0.0414809
0.0598781
0.0167012
0.0340143
0.0604663
-0.0106096
0.0007177
0.0413358
0.0104996
0.0286250
0.0267139
-0.0415944
-0.0332197
0.0109673
0.0043588
0.0164780
0.0355794
0.0386986
0.0324349
-0.0022451
-0.0094783
0.0079481
0.0040810
0.0168502
0.0332834
-0.0013475
-0.0299456
-0.0323686
-0.0280813
-0.0377514
-0.0660818
0.0004854
0.0290832
-0.0476108
-0.0139539
0.0191190
-0.0033328
0.0413064
0.0503682
0.0119772
0.0167958
0.0300000
0.0296645
0.0336388
0.0250079
0.0241027
0.0238317
-0.0128128
-0.0215954
0.0226272
0.0442886
0.0131937
-0.0140468
-0.0236416
-0.0297762
0.0091586
0.0226084
-0.0139417
0.0123131
0.0243267
-0.0317010
-0.0208141
0.0048299
-0.0363961
-0.0259776
-0.0055660
-0.0228500
0.0087511
0.0073074
-0.0108108
0.0363984
0.0368377
-0.0137719
-0.0173262
0.0014293
0.0074126
0.0326452
0.0462164
0.0083311
-0.0219371
-0.0320960
-0.0247523
0.0110454
-0.0103185
-0.0435526
0.0008581
0.0393462
0.0384352
0.0228708
0.0165776
0.0417076
0.0247297
-0.0308349
-0.0019746
0.0299943
-0.0099577
0.0005670
0.0250909
0.0222808
0.0404781
0.0037035
-0.0502679
-0.0025015
0.0404148
0.0190363
0.0054225
-0.0288756
-0.0357288
-0.0020951
0.0008517
0.0075702
0.0040388
0.0153499
0.0472946
0.0378445
-0.0006558
-0.0460115
-0.0032966
0.0262377
-0.0391924
-0.0045267
0.0267869
0.0086164
0.0337995
0.0216917
0.0293100
0.0215764
-0.0104062
0.0106046
-0.0178593
-0.0354684
0.0268261
0.0043559
-0.0365942
0.0305426
0.0244631
-0.0339972
-0.0244790
-0.0442076
-0.0241607
0.0478550
0.0056045
-0.0399846
0.0195290
0.0018134
-0.0686633
-0.0106690
0.0522631
0.0224354
0.0250584
0.0406035
0.0247400
0.0289750
0.0349669
0.0345561
-0.0114990
-0.0397395
-0.0077881
-0.0340622
-0.0288875
-0.0157766
-0.0504927
-0.0040734
0.0128035
-0.0303694
-0.0325354
-0.0323075
-0.0094827
0.0290234
0.0192489
0.0081867
0.0329761
0.0239954
-0.0126970
0.0062994
0.0335658
-0.0134545
-0.0839405
-0.0876075
-0.0288829
-0.0470253
-0.1801312
-0.2411316
-0.1691762
-0.0283918
0.1811023
0.3812890
0.4139479
0.2398569
0.0247829
-0.1316299
-0.2518021
-0.2374200
-0.1114293
-0.0462438
-0.0446175
-0.0186474
0.0204047
-0.0191475
-0.0213230
0.0731128
0.0599932
0.0321599
0.0537346
0.0242919
0.0313140
0.0428603
0.0362162
-0.0024203
-0.0573043
-0.0068287
-0.0029347
-0.0699342
-0.0495023
-0.0328510
-0.0573926
-0.0378397
0.0116015
0.0132924
0.0045514
0.0402744
0.0160563
-0.0313161
-0.0199527
-0.0280887
-0.0265134
-0.0049295
-0.0241904
-0.0220496
0.0126656
0.0213162
0.0338394
0.0160623
-0.0276613
-0.0006080
0.0019689
-0.0101608
0.0313576
0.0296149
0.0221407
0.0178628
0.0134822
0.0247405
0.0061661
0.0121390
-0.0048853
-0.0366439
0.0248923
0.0394476
-0.0346800
-0.0299567
0.0273867
-0.0059411
-0.0531055
0.0026877
0.0050028
-0.0381738
-0.0074958
-0.0287398
-0.0342082
-0.0022104
-0.0082377
0.0358784
0.0429321
0.0359417
0.0472422
-0.0316711
-0.0595331
-0.0021646
-0.0062545
-0.0514844
-0.0539898
-0.0122760
0.0246159
0.0287404
0.0000513
-0.0129715
-0.0021091
-0.0381002
-0.0289489
0.0200235
-0.0049181
