0.3537162
0.3674036
0.2548928
0.0465820
-0.0765965
-0.1469645
-0.2019059
-0.1572819
-0.0672700
-0.0213740
-0.0047337
0.0280455
0.0289601
0.0233711
0.0624903
0.0501202
0.0604787
0.0889403
0.0084325
-0.0097541
0.0116736
-0.0203136
0.0160457
0.0324690
-0.0267641
-0.0674782
-0.0579220
-0.0015120
0.0312052
0.0051963
0.0044549
0.0334977
0.0208176
0.0101654
0.0273766
0.0297455
0.0203500
-0.0129107
-0.0490568
-0.0320226
0.0023403
-0.0145551
-0.0387083
0.0001785
0.0046348
-0.0435124
-0.0221691
-0.0088178
-0.0399769
-0.0551784
-0.0651660
-0.0108309
0.0440982
0.0380268
-0.0086347
-0.0679546
0.0044549
0.0444792
-0.0140874
0.0369428
0.0602143
0.0464941
0.0147495
-0.0388168
0.0160332
-0.0137630
-0.0338301
0.0293381
-0.0282343
0.0026274
0.0606595
0.0252221
-0.0008438
-0.0366114
0.0258042
0.0155631
-0.0496930
0.0386442
0.0127785
-0.0432201
0.0010382
-0.0071554
-0.0079939
-0.0200687
-0.0044955
0.0361968
-0.0331803
-0.0712073
-0.0150022
-0.0203484
-0.0513182
-0.0156799
0.0096755
0.0092268
0.0165650
-0.0034657
-0.0284733
-0.0173998
0.0306261
0.0495786
0.0189670
0.0155279
0.0157711
0.0007905
-0.0091858
-0.0225024
0.0178679
0.0570523
-0.0187871
-0.0617630
0.0204103
0.0233315
-0.0543621
-0.0473876
-0.0050493
0.0139047
0.0193323
0.0211237
0.0318631
0.0039215
-0.0445337
-0.0110237
0.0441501
0.0349494
0.0395306
0.0532646
0.0556345
0.0412472
-0.0184492
-0.0167919
0.0027479
-0.0112824
0.0125355
-0.0035985
-0.0271459
-0.0133612
-0.0138913
0.0091470
0.0131784
-0.0057668
0.0262792
0.0428679
-0.0083483
-0.0456516
-0.0068279
0.0279681
0.0000732
-0.0278244
-0.0245813
0.0311378
0.0546390
-0.0281249
-0.0343852
0.0180396
-0.0260680
-0.0340842
0.0181077
0.0093156
0.0052493
0.0339455
-0.0045672
-0.0405976
0.0304909
0.0456272
-0.0345664
-0.0339203
-0.0169501
-0.0222217
0.0011132
-0.0121068
0.0035768
0.0486164
0.0573122
0.0576218
0.0119239
-0.0215141
0.0053039
0.0330781
0.0230237
-0.0250540
-0.0082963
0.0105835
-0.0327778
-0.0017897
0.0238074
0.0058349
0.0197326
0.0061531
0.0046242
0.0282320
0.0419917
0.0402695
0.0166752
0.0552695
0.0888788
0.0375951
-0.0093258
-0.0480347
-0.0824449
-0.1072011
-0.1015861
-0.0975238
-0.2072680
-0.2369798
-0.0769516
0.0684054
0.2133565
0.3733347
0.3829881
0.1989900
-0.0431502
-0.1835811
-0.2171056
-0.1898401
-0.1188926
-0.0563135
-0.0244339
-0.0183033
0.0049897
0.0456321
0.0323612
0.0169853
0.0359110
0.0296654
0.0274407
0.0365132
0.0186489
0.0065080
0.0238733
0.0250649
-0.0026940
-0.0046384
0.0187056
0.0109888
-0.0028503
0.0225914
0.0172497
-0.0253613
-0.0063146
0.0355564
0.0342756
0.0436655
0.0319185
-0.0295748
-0.0107573
0.0194744
-0.0199669
-0.0088079
-0.0188351
-0.0364443
-0.0003871
-0.0063906
0.0150819
0.0317718
0.0098171
0.0203806
0.0052336
-0.0071667
-0.0231949
-0.0215437
0.0367599
0.0056411
-0.0464631
-0.0317577
-0.0346850
-0.0330303
-0.0151847
0.0300186
0.0302740
-0.0191671
0.0174847
0.0165731
-0.0248704
-0.0010295
-0.0337527
-0.0660494
-0.0196272
0.0215018
0.0244813
-0.0114220
-0.0349700
-0.0196085
0.0094211
0.0290587
0.0022796
-0.0353313
-0.0175983
0.0441022
0.0654535
-0.0013983
-0.0564199
-0.0341164
-0.0000635
0.0227462
0.0287273
0.0032619
0.0007526
0.0357270
0.0351136
0.0038358
0.0034960
0.0228123
0.0111084
-0.0283645
-0.0330093
-0.0065598
-0.0325692
-0.0572651
0.0169629
0.0280000
-0.0366152
0.0177397
0.0429702
0.0009914
0.0283587
0.0414899
0.0137392
-0.0470818
-0.0440431
0.0294007
0.0156862
0.0269462
0.0465184
-0.0404009
-0.0598853
-0.0016405
-0.0028374
-0.0312105
-0.0491230
-0.0510750
-0.0070668
0.0118211
-0.0405258
-0.0331868
0.0240066
-0.0111103
-0.0365030
0.0130020
-0.0143788
-0.0603024
-0.0040603
0.0272307
-0.0337439
-0.0555379
0.0022580
0.0342264
0.0325310
0.0351848
-0.0043002
-0.0470076
-0.0024660
0.0482320
0.0199529
-0.0064931
-0.0093406
-0.0222853
-0.0227062
-0.0000743
0.0402933
0.0338803
-0.0528719
-0.0723678
0.0049979
-0.0053478
-0.0274559
0.0378033
0.0327638
0.0205007
0.0512910
0.0374190
0.0483132
0.0562765
0.0280122
0.0319763
0.0484192
0.0490019
0.0282275
-0.0179146
-0.0572627
-0.0407998
-0.0147259
-0.0606077
-0.0742667
0.0133654
0.0468779
-0.0014586
0.0006365
0.0543047
0.0815924
0.0902206
0.1040053
0.0905063
0.0557564
0.0561709
0.0554422
-0.0193392
-0.0381740
0.0060573
-0.0513986
-0.0900973
-0.1263678
-0.2372365
-0.2425695
-0.1406857
0.0729998
0.3295193
0.4349602
0.4123093
0.2420887
-0.0069500
-0.1704891
-0.2547054
-0.2297750
-0.1209774
-0.0550673
-0.0704708
-0.0909828
-0.0510408
-0.0311109
-0.0180522
0.0550016
0.0791097
0.0581935
0.0801545
0.0812590
0.0609416
0.0676623
0.0341309
-0.0147493
0.0036012
0.0021267
-0.0338009
0.0022619
0.0220288
-0.0493000
-0.0641201
-0.0122198
-0.0109237
-0.0302739
-0.0286993
-0.0297500
-0.0413261
-0.0080668
0.0405915
0.0201664
0.0213531
0.0168157
-0.0125910
0.0265192
-0.0090579
-0.0469709
0.0373394
0.0434718
-0.0141022
-0.0278966
-0.0395100
-0.0528010
-0.0452675
0.0020415
0.0490240
0.0220195
-0.0241332
-0.0001574
0.0253111
0.0062667
-0.0121408
-0.0311759
-0.0337913
-0.0021971
0.0376066
0.0503670
0.0259567
0.0064599
-0.0058715
-0.0358220
-0.0543733
-0.0389910
0.0022160
0.0208371
0.0167222
0.0024655
-0.0485045
-0.0401278
-0.0083483
-0.0365320
0.0057195
0.0248037
-0.0526103
-0.0353307
0.0387462
0.0261937
-0.0162940
0.0130937
0.0432378
-0.0085696
-0.0323345
-0.0014180
-0.0208837
-0.0495170
-0.0321314
