0.3045539
0.3504838
0.2766175
0.0779257
-0.0902759
-0.1742016
-0.2222133
-0.1765067
-0.0551617
-0.0141471
-0.0195223
0.0016299
0.0145472
0.0536428
0.0814207
0.0389273
0.0315772
0.0404849
-0.0052979
-0.0166753
-0.0096075
0.0109640
0.0380536
-0.0369266
-0.0764205
-0.0013695
-0.0295433
-0.0368225
0.0212645
-0.0414161
-0.0117821
0.0168566
-0.0432905
-0.0244140
-0.0180803
0.0073523
0.0286094
0.0389582
0.0331981
0.0079776
0.0382955
-0.0078617
-0.0170682
0.0532111
-0.0149071
-0.0628212
0.0005444
-0.0232451
-0.0529956
-0.0280071
-0.0219033
0.0168754
0.0101142
0.0085819
0.0192809
-0.0309316
0.0057606
0.0462986
0.0127876
0.0277313
0.0245304
-0.0101247
0.0030370
-0.0344039
-0.0231360
0.0048076
-0.0322550
-0.0003221
-0.0402259
-0.0173116
0.0323302
-0.0241596
0.0188999
0.0102455
0.0144682
0.0495878
-0.0212376
-0.0106823
0.0392775
0.0338023
0.0205624
-0.0204281
-0.0403109
0.0212528
0.0587888
0.0235531
-0.0182154
-0.0244960
-0.0172184
-0.0085112
0.0399150
0.0126300
-0.0467281
0.0099898
0.0518029
0.0401619
0.0289293
0.0213128
0.0081804
0.0040887
0.0327580
0.0029452
-0.0225593
-0.0100957
-0.0498674
-0.0475197
-0.0121234
-0.0161279
-0.0496990
-0.0014783
0.0566333
-0.0385224
-0.0024804
0.0407680
-0.0409446
0.0029405
-0.0108438
-0.0264987
0.0194213
-0.0253720
-0.0291308
0.0295517
0.0493930
0.0164104
0.0038914
0.0468873
0.0587086
-0.0088331
-0.0477937
0.0207890
0.0467747
-0.0440192
-0.0666347
0.0151846
0.0255999
-0.0581134
-0.0427238
0.0449945
0.0063353
-0.0215477
0.0116785
0.0186343
0.0036551
-0.0404807
0.0098662
0.0639690
0.0498505
0.0464468
-0.0267269
-0.0394430
0.0640456
0.0226587
-0.0440753
-0.0037828
-0.0417786
-0.0060637
0.0420503
-0.0247899
-0.0181465
0.0027188
0.0110564
-0.0174371
-0.0507649
-0.0024802
0.0120836
-0.0165345
-0.0318876
-0.0158373
-0.0193168
-0.0349285
0.0277706
0.0502826
-0.0086998
0.0076691
0.0159680
-0.0487817
-0.0223562
0.0137250
-0.0398134
-0.0718328
-0.0555114
-0.0136349
-0.0083054
-0.0668901
-0.0070795
0.0584816
-0.0088202
0.0507643
0.0731894
0.0185627
0.0868466
0.0356962
-0.0370038
0.0515379
0.0291229
-0.0444978
-0.0265498
-0.0671071
-0.0867144
-0.1603258
-0.2152026
-0.1613866
-0.1280138
0.0926473
0.2796772
0.3392542
0.3996406
0.2114142
-0.0395083
-0.1446997
-0.2330288
-0.2292722
-0.1361230
-0.0757279
-0.0100807
-0.0279785
-0.0431309
0.0667437
0.0743768
0.0407595
0.0849841
0.0323189
0.0063050
0.0810999
0.0269814
-0.0184260
0.0296754
0.0107878
-0.0214245
-0.0356989
-0.0531486
-0.0287763
0.0063372
-0.0002614
-0.0021825
-0.0039455
-0.0383267
-0.0220508
0.0149804
0.0061024
-0.0149079
-0.0402309
0.0002693
0.0325320
-0.0111524
0.0178277
0.0575999
0.0027615
-0.0472010
-0.0042959
0.0274813
0.0055054
0.0283257
-0.0040065
-0.0163921
0.0386307
-0.0115352
-0.0378715
-0.0375407
-0.0506536
-0.0077982
0.0411207
0.0443963
-0.0351552
-0.0118912
0.0374874
-0.0248270
-0.0112683
-0.0005968
-0.0105621
-0.0015961
-0.0547024
-0.0389705
0.0229025
-0.0245532
-0.0248812
0.0552613
0.0242896
-0.0302680
0.0060567
0.0374322
-0.0094258
-0.0450343
0.0117093
0.0369591
-0.0160901
-0.0053743
0.0460719
-0.0004927
-0.0434107
0.0097643
0.0139353
-0.0153202
0.0070670
-0.0001054
-0.0139094
-0.0238099
-0.0611020
-0.0376498
0.0445168
0.0400314
-0.0355567
-0.0001328
0.0239034
-0.0406694
-0.0173032
0.0139847
0.0080560
-0.0224612
-0.0327038
0.0435325
0.0250870
-0.0399229
-0.0269934
-0.0198229
-0.0236614
0.0132896
0.0612650
0.0124479
-0.0086746
0.0146382
-0.0399599
-0.0252147
0.0018835
0.0152744
0.0353665
-0.0336893
-0.0566323
-0.0219442
0.0279344
0.0368476
0.0007571
0.0367364
0.0133996
-0.0515165
0.0038432
0.0173781
-0.0479843
-0.0242850
0.0059459
0.0183629
0.0498719
0.0032691
-0.0235807
0.0276259
0.0081826
-0.0327106
0.0154031
0.0491443
0.0147019
-0.0189714
0.0019350
0.0072055
0.0034928
0.0402843
-0.0122963
-0.0308539
0.0053085
-0.0265135
-0.0271616
-0.0378459
-0.0093859
0.0085439
-0.0125464
0.0284778
0.0129692
0.0273577
0.0229050
-0.0150232
0.0072934
-0.0187436
0.0218832
0.0350745
-0.0155505
0.0389303
0.0413662
-0.0115933
-0.0104488
-0.0173069
-0.0054538
0.0382915
0.0176446
0.0028264
0.0495597
-0.0119910
-0.0686100
-0.0052098
-0.0431112
-0.0479013
0.0461603
0.0430615
0.0202351
0.0505927
0.0987942
0.0584633
0.0242598
0.0671100
0.0367306
0.0338214
0.0512309
-0.0303915
-0.0650992
-0.0465588
-0.0903918
-0.1206498
-0.1576693
-0.1821921
-0.0754650
0.1096518
0.3245180
0.4244409
0.3257263
0.1840495
0.0006938
-0.2093165
-0.2480189
-0.1546870
-0.1347393
-0.0778152
0.0164397
-0.0555064
-0.0323292
0.0574889
-0.0067445
0.0185355
0.0550507
0.0226651
0.0546778
0.0513936
0.0304171
0.0292141
-0.0347445
-0.0180890
0.0234754
-0.0558975
-0.0608343
-0.0444323
-0.0765626
-0.0547633
-0.0499134
-0.0507096
-0.0105605
-0.0181626
-0.0359619
0.0311556
0.0539728
0.0034766
0.0213543
0.0197921
-0.0065339
-0.0106066
-0.0289581
0.0263793
0.0150317
-0.0303163
-0.0041423
-0.0353542
-0.0431312
-0.0499227
-0.0460094
0.0074399
-0.0114955
-0.0311599
-0.0079069
-0.0246538
-0.0327784
0.0093505
0.0329099
0.0308396
0.0237801
-0.0025933
-0.0135737
-0.0063115
0.0084364
0.0464638
0.0263596
-0.0192023
0.0050492
0.0227514
0.0192241
0.0285134
0.0331658
0.0336870
0.0097984
-0.0213688
-0.0060546
-0.0069069
-0.0468819
-0.0279923
0.0357279
0.0554037
0.0156273
-0.0233830
-0.0482938
-0.0496656
0.0068458
0.0380310
0.0219685
-0.0124880
-0.0190399
