0.3788355
0.2910759
0.1158051
-0.0959204
-0.2031240
-0.1805378
-0.1342220
-0.1186069
-0.0772061
-0.0496357
-0.0684924
-0.0557230
-0.0022515
0.0437246
0.0352235
0.0249623
0.0684009
0.0584712
0.0159660
0.0181140
0.0260412
0.0315819
-0.0028452
-0.0263579
-0.0234036
-0.0378947
0.0047563
-0.0022826
-0.0235495
0.0269297
-0.0226805
-0.0506506
-0.0305171
-0.0281059
0.0318002
0.0093240
-0.0016512
0.0272221
-0.0274472
0.0033872
0.0350898
-0.0204530
-0.0096247
0.0255660
0.0189740
0.0049712
0.0242091
0.0105559
-0.0448212
-0.0150861
-0.0066875
-0.0275009
0.0003467
-0.0299053
0.0013968
0.0387743
-0.0388277
-0.0223400
0.0226947
-0.0047047
-0.0156712
-0.0146838
0.0095049
0.0160808
-0.0312562
-0.0442384
-0.0007374
0.0229395
0.0176954
0.0120652
-0.0315228
-0.0596266
0.0103131
0.0391169
-0.0305238
-0.0438482
-0.0049576
0.0029313
-0.0082783
-0.0407187
-0.0477069
0.0122202
0.0220673
-0.0323485
0.0025422
0.0540250
-0.0138953
-0.0370171
0.0370405
0.0169635
-0.0412576
0.0014719
0.0414557
-0.0195980
-0.0643481
0.0063504
0.0348972
-0.0064987
0.0005479
-0.0128269
-0.0141287
0.0214340
-0.0227041
-0.0579370
0.0036853
0.0454029
0.0047307
-0.0242375
-0.0061458
-0.0182076
-0.0043913
0.0394897
0.0069348
-0.0286910
-0.0291903
-0.0144782
0.0379206
0.0524941
0.0236883
-0.0063965
-0.0383447
-0.0336326
-0.0166484
-0.0280865
-0.0244437
0.0271944
0.0568925
0.0031528
-0.0445776
-0.0292810
-0.0128401
-0.0133123
-0.0241861
-0.0414392
-0.0366699
-0.0318357
-0.0298259
0.0224426
0.0463042
-0.0161471
-0.0306183
0.0058243
-0.0192801
-0.0282809
0.0026292
-0.0259549
-0.0338585
0.0050920
-0.0234122
-0.0239220
0.0502247
0.0091461
-0.0543362
0.0119503
0.0174396
-0.0321911
-0.0359706
-0.0290642
0.0297717
0.0461981
0.0040524
0.0283989
0.0271859
-0.0124050
0.0323403
0.0311080
-0.0304368
0.0027036
-0.0090946
-0.0399259
0.0116779
-0.0054353
-0.0292787
0.0057898
0.0136809
0.0116591
0.0274362
0.0464685
0.0339147
-0.0068545
0.0023367
0.0449994
0.0234774
0.0099413
0.0599314
0.0358285
-0.0351834
-0.0121466
0.0035134
-0.0447891
-0.0513103
-0.0858010
-0.1776422
-0.2149428
-0.1879931
-0.0711463
0.1387553
0.3126484
0.3432105
0.2532658
0.1027319
-0.1000876
-0.2177109
-0.1976795
-0.1841361
-0.1281983
-0.0530805
-0.0778742
-0.0693891
-0.0035208
0.0265503
0.0675852
0.0982273
0.0573198
0.0341460
0.0749080
0.0637125
0.0247409
0.0516413
0.0313201
-0.0301553
-0.0080341
0.0014820
-0.0446670
-0.0458155
-0.0113371
-0.0041795
-0.0300635
-0.0460148
-0.0236633
0.0287679
0.0507918
0.0032209
-0.0223411
-0.0118656
-0.0269256
-0.0198447
-0.0025143
-0.0088656
0.0097553
0.0376773
0.0403242
0.0412376
0.0248712
0.0123319
0.0286777
0.0070872
0.0266253
0.0431038
-0.0356039
-0.0025305
0.0321696
-0.0428837
-0.0191663
0.0180048
-0.0028690
0.0063770
0.0288578
0.0222598
-0.0187532
-0.0164771
0.0150304
0.0135303
0.0084851
-0.0149143
-0.0284159
-0.0028850
-0.0043831
-0.0163304
0.0028263
0.0126510
-0.0151008
-0.0254593
0.0161602
0.0128531
-0.0343803
-0.0193787
0.0265248
0.0392802
0.0092882
-0.0122947
0.0119001
0.0150517
0.0016474
0.0133647
0.0126263
0.0183108
0.0426437
0.0127004
-0.0194582
-0.0012308
-0.0222063
-0.0240857
0.0141594
-0.0069354
-0.0391152
-0.0403148
-0.0002399
0.0173194
-0.0143474
0.0164490
0.0290340
0.0105051
0.0314202
0.0063361
-0.0050551
0.0254257
0.0336372
0.0435786
0.0234424
-0.0241586
-0.0394388
-0.0289006
0.0149363
0.0595675
0.0100069
-0.0308060
0.0324061
0.0580482
0.0391833
0.0483978
0.0222302
0.0037037
0.0398584
0.0194029
-0.0161598
0.0116841
-0.0006174
-0.0157463
0.0288048
0.0176030
-0.0348015
-0.0164229
0.0206700
-0.0168364
-0.0390156
-0.0097032
-0.0145103
0.0190622
0.0428024
-0.0281240
-0.0134572
0.0455840
-0.0097354
-0.0522334
-0.0191337
-0.0031551
-0.0141614
-0.0346616
-0.0510616
-0.0154282
0.0283654
0.0144490
0.0148006
0.0364993
0.0137275
0.0249217
0.0534690
0.0320494
0.0262779
0.0132491
0.0185391
0.0162526
-0.0446215
-0.0431103
-0.0513858
-0.0546884
0.0095557
-0.0106449
-0.0239319
0.0144383
0.0259634
0.0226462
-0.0106011
0.0270148
0.0639683
0.0113830
0.0288772
0.0607762
0.0232106
-0.0001559
0.0039093
0.0062236
-0.0292140
-0.0746167
-0.0673177
-0.0411515
-0.0560639
-0.1109337
-0.1479366
-0.1731702
-0.1397589
0.0648851
0.2799950
0.3895882
0.4037310
0.2017184
-0.0393876
-0.1195150
-0.1861871
-0.2178869
-0.1042894
-0.0078084
-0.0125175
-0.0181111
-0.0067364
0.0280252
0.0509014
0.0649039
0.0875329
0.0294101
0.0137712
0.0612068
0.0204597
0.0048402
0.0273983
-0.0027850
-0.0427601
-0.0423414
0.0025269
0.0092504
-0.0008966
0.0146594
-0.0176371
-0.0298196
0.0264253
0.0317142
-0.0001299
0.0043663
-0.0193391
-0.0325507
-0.0052473
-0.0060506
0.0146106
0.0057284
-0.0301666
-0.0019004
-0.0189297
-0.0432653
-0.0104742
-0.0127827
-0.0238915
0.0036091
0.0420280
0.0159780
-0.0363692
0.0106108
0.0593839
0.0056028
-0.0395123
-0.0244303
-0.0026650
0.0196250
0.0266492
-0.0065628
-0.0127143
0.0238778
0.0000824
-0.0273139
0.0144209
0.0108388
-0.0242304
-0.0370220
-0.0368416
0.0010206
0.0109791
-0.0100376
-0.0241686
-0.0408069
-0.0020841
0.0495716
0.0250690
0.0139122
0.0256419
-0.0251016
-0.0267808
0.0083432
-0.0265483
0.0005857
0.0546494
-0.0069059
-0.0382262
0.0015888
-0.0305014
-0.0368688
0.0316047
0.0266657
-0.0221737
-0.0212100
0.0266806
0.0383240
-0.0013936
0.0173777
0.0441947
0.0041078
-0.0251256
-0.0203082
-0.0060849
0.0207017
-0.0013837
