0.8814084
0.6162885
0.5153144
0.0608645
0.0633725
-0.0579510
-0.1537079
-0.1577794
-0.3091217
-0.2342594
-0.2072162
-0.0700538
-0.0579021
0.1404748
0.0348536
0.2306710
0.0409220
0.0354174
0.0454581
-0.0947214
0.0505665
0.0842204
-0.0757183
-0.0476019
-0.1185678
-0.0856275
0.1201558
0.0108292
0.0310402
0.1419586
-0.0110111
-0.1169965
0.0073359
0.0181314
-0.0022912
0.0586908
-0.0342013
-0.0582235
0.0358889
0.0836282
0.1137556
-0.0890775
-0.1040751
0.0001237
0.0410657
-0.0306904
0.0859805
-0.0839274
0.0801578
0.0756465
0.0630179
0.0826218
0.0103516
-0.1282220
0.0658071
0.1077596
0.0662193
-0.0347257
0.0588700
0.1638386
0.1391330
0.1137815
0.1080797
0.0005761
0.0496189
-0.0271900
-0.0764773
-0.2145379
-0.1894758
-0.2608080
-0.2040381
-0.0118159
0.0252965
0.1092827
0.1895569
0.5383279
0.5112021
0.6872822
0.2853220
-0.6161072
-1.0920632
-1.1110322
-0.6193577
0.3381867
0.7512319
0.8611287
0.4756288
0.1599770
0.1768351
0.0170566
-0.0048279
-0.0952751
-0.1340174
-0.2026117
-0.0190413
-0.1120589
-0.0938988
0.0772454
-0.0400682
-0.0426609
0.1169706
0.0492776
0.1821747
0.0814809
0.0913592
-0.1196935
0.0473939
-0.0039210
-0.0255945
-0.0632693
0.0595563
0.1085504
0.0727947
-0.0533434
-0.0082292
-0.1036536
-0.0663401
0.0508638
0.0681585
0.0162034
0.1490671
0.0378636
0.0896532
0.0136804
-0.0412105
-0.0729606
0.0083629
0.0296905
-0.1059475
0.0963525
0.0241059
-0.0758678
0.0205180
-0.0990235
-0.0671274
-0.1409134
0.0260001
-0.0993785
0.0238670
0.0703600
-0.0687626
0.1029630
-0.0343221
0.0426126
0.1974968
-0.0051310
0.1172832
0.0984380
0.0551410
-0.1034205
0.0228763
-0.0499731
-0.0569897
-0.1088667
-0.0228715
-0.0293616
0.0259806
-0.0586855
0.1548668
0.3275446
0.4684615
0.5238665
0.2663472
-0.4243434
-1.0205307
-1.2209171
-0.6079917
0.0979371
0.6068958
0.8683129
0.6139020
0.1880056
-0.0273627
-0.1003684
-0.0197553
-0.2289913
-0.1373392
-0.1271213
-0.1393612
0.0258750
0.0314563
0.1745933
0.0113246
-0.0002712
-0.0005540
0.1671300
0.0636938
-0.1252435
0.0801212
0.0413504
-0.0849707
-0.0907166
-0.1293285
-0.1596899
0.0339115
0.0960079
0.0221999
-0.1118607
0.1135007
0.0954995
0.0107742
-0.0875578
-0.0641851
-0.1180196
-0.1247746
-0.0758480
-0.0915241
-0.1352771
-0.1000941
0.0083178
-0.1224945
-0.0144700
0.1269267
-0.1434404
-0.0396037
0.0522131
-0.0145354
-0.1061915
-0.0378426
-0.0736594
-0.0353860
-0.0300434
-0.1234868
-0.0067221
0.0350093
0.0147643
0.1045583
0.0254569
0.1450096
0.0574631
-0.0362678
0.1336921
0.1062809
0.0515760
0.0214335
-0.0710576
-0.2159612
-0.0902614
-0.1370339
-0.0058058
0.1349169
-0.0045272
0.0761765
0.3528419
0.6130263
0.6622631
0.2838331
-0.4412465
-1.0942377
-1.3306655
-0.7021571
0.3526343
0.8124545
0.9216387
0.4956210
0.1041548
-0.0717297
-0.2258026
-0.1709956
-0.1343703
-0.2223742
-0.1064881
-0.1668254
-0.0821825
-0.0894436
-0.0925387
0.0134266
0.0614969
0.0588753
0.1355035
0.0926846
0.0559148
0.1196856
0.0774951
-0.0475048
-0.0349382
0.0474507
-0.0395889
-0.0850285
0.0045550
0.1394464
0.0328468
0.0317403
0.1040279
-0.0444468
0.0344725
-0.0740757
-0.1057848
-0.0804271
-0.0811203
0.0575097
-0.1268865
0.0654805
-0.0023189
-0.0781319
-0.0311628
0.0225309
0.0967863
0.0717133
0.0111944
-0.0959694
-0.0213886
0.0414016
0.0540457
0.0884911
0.0478504
0.0468268
0.0137208
-0.0362205
0.0177110
-0.0759594
0.1223804
0.1397069
0.0192844
-0.0412763
0.0267516
0.0295350
-0.1383801
-0.1346516
-0.1232833
-0.0115788
-0.0932888
-0.1867071
-0.0327988
-0.0360348
-0.0966323
0.0617435
0.2084969
0.3787335
0.6514788
0.4748456
-0.0890924
-0.8305435
-1.3471688
-1.0053668
-0.1373834
0.4420511
0.8114952
0.7005578
0.3408276
0.1498252
-0.0815066
-0.0758545
-0.0987581
-0.2452377
-0.2712862
-0.2326777
0.0032428
0.0579701
-0.0060275
-0.0450236
0.1533390
-0.0081219
0.1274061
0.0607201
-0.0684384
0.0896619
0.0643828
-0.1353740
0.0104167
-0.2210121
-0.1077676
-0.1085998
-0.0726773
0.0754843
-0.0366776
0.0046807
-0.0084918
0.0741551
-0.0562348
0.0519651
-0.0121391
0.0245915
0.0337374
0.0438017
-0.0046571
0.0598908
0.0108522
-0.0254348
-0.0848682
0.0115933
-0.0547101
0.0895133
0.0547909
-0.0108312
-0.0283287
-0.0923992
0.0054054
-0.0984359
-0.1642591
0.0701812
0.1157490
0.0722299
0.0560185
-0.0365630
0.1509228
0.0474381
0.1338557
0.0127050
-0.0079278
0.1191458
0.1208365
0.0041297
-0.0114225
-0.1472586
-0.1894530
-0.0751990
-0.2014791
-0.0596927
0.0168378
0.0652081
0.1452726
0.2318934
0.5232712
0.6587742
0.2023975
-0.4692939
-1.2229126
-1.2803151
-0.4867394
0.3965582
0.7550694
0.8932858
0.5204837
0.0832166
-0.0042218
-0.1344359
-0.1164697
-0.1774033
-0.1872937
-0.2371367
-0.0627569
0.0709464
0.0657798
0.1325374
0.1882192
0.0466851
-0.0230026
-0.0067322
0.0973718
0.1504842
-0.1056677
-0.0309428
-0.1464729
-0.1488949
-0.0777566
-0.1120064
-0.0844412
-0.0624330
-0.0137379
-0.0165535
-0.1049541
0.0671907
0.1236942
-0.0192230
-0.0257390
0.0108275
0.0256107
-0.1138812
0.0306242
0.0779853
0.0724802
0.0582325
0.0454166
0.0094104
-0.0908163
-0.0241694
0.0265933
0.1763043
-0.0290954
0.0157640
0.0225507
-0.1000330
0.0339734
-0.1640894
-0.0889936
-0.0703208
0.0800897
-0.0588374
0.0642957
0.1887110
0.0174914
-0.0635025
0.0417065
0.1557762
0.1436179
-0.0445031
-0.1575676
-0.1980255
-0.0037343
-0.1647703
-0.1023917
-0.0668469
-0.0926207
0.0602810
0.1208032
0.2463698
0.4291952
0.5205324
0.5838381
