0.7076414
0.6434292
0.4542233
0.1667290
-0.0177728
-0.0684643
-0.1693255
-0.1573007
-0.1423955
-0.0232576
0.0542613
-0.0771856
0.0710552
0.0846774
0.2543406
0.0536104
0.0380676
0.0941119
-0.0939275
-0.1154837
0.0521416
-0.0248741
-0.1476342
-0.1414329
-0.1373047
-0.1046327
0.0037256
-0.0018925
0.0008572
-0.0183827
-0.0394032
0.0128958
-0.0716537
-0.0479673
-0.1554638
0.0119600
-0.1000294
0.0625214
-0.1190722
0.0602861
0.0544437
0.1095612
-0.0478120
-0.0453991
0.1047083
-0.0851047
-0.0494770
-0.0068234
0.1066393
-0.0663897
0.0923339
0.1193465
-0.0612041
0.0856607
0.0362369
0.0407355
-0.0082185
0.0559047
-0.1237925
-0.0332691
-0.0932527
-0.0836562
-0.1382952
-0.0163300
-0.1045845
0.1472173
0.2300978
0.2991378
0.5179925
0.5755707
0.0135483
-0.6107403
-1.1911320
-0.8531198
0.0027634
0.7156488
0.8565958
0.4748153
0.1072981
-0.0708236
-0.0598628
-0.1809641
-0.1211671
-0.1395408
-0.0329346
0.0065444
-0.0942763
-0.0804505
0.0401217
0.0257510
0.0139580
-0.0218964
0.0023483
-0.0018400
0.0619148
0.0570849
-0.1337571
-0.0265455
-0.0164506
-0.0775923
0.0895539
-0.1017429
-0.0101469
0.0014446
-0.0482895
-0.0460517
0.0121854
0.0195753
0.0576044
0.0520482
0.1430609
-0.0639870
-0.1362010
0.1352770
0.0480444
-0.0261326
0.1115411
-0.0762116
-0.0247847
-0.1057092
-0.1504257
-0.1479940
-0.1224706
0.0087712
0.0539497
0.0884122
0.0760822
0.1204838
0.1475139
0.0539212
-0.0000822
0.0790411
-0.0727995
0.1037731
-0.1616372
-0.0083695
-0.0810753
-0.2180159
-0.1911140
0.0525995
0.0659030
0.3030755
0.2824798
0.4679481
0.5769115
0.1394059
-0.6153305
-1.1162395
-0.9547576
-0.0770706
0.6574160
0.7375847
0.5010424
0.2649668
-0.0103257
-0.0776489
-0.1048219
-0.1343049
-0.1093752
-0.0119812
-0.0722398
-0.1529461
-0.0687758
0.0864019
0.0987899
0.0815813
0.1841489
0.1138403
0.0382448
0.0094165
0.0675788
-0.0751778
-0.1242383
-0.0259577
0.0448868
-0.1227855
-0.1103610
-0.0748804
-0.0251508
0.0791557
0.1538605
-0.0562847
0.0610892
0.0587625
-0.1403766
-0.0870796
0.0542872
0.0599112
-0.0462689
0.1084879
-0.0206210
-0.0539523
-0.0461270
-0.1349753
-0.0966088
-0.0957643
-0.0434768
0.0085162
-0.0712289
-0.0938363
0.1350581
0.1167304
0.0449676
-0.1146748
0.0662264
-0.0457626
0.0711091
0.1000989
-0.1137296
-0.1174137
-0.0981245
-0.2136730
-0.1044565
-0.0930698
0.0114600
-0.0746581
0.1543826
0.2663782
0.6039380
0.6039239
0.2693165
-0.2601092
-1.1335276
-1.0355414
-0.4140371
0.4760336
0.7261115
0.6691360
0.3973955
-0.0297308
0.0474054
-0.0150449
-0.0868851
-0.1263052
-0.1747897
-0.1471555
-0.0459476
0.0624625
0.0125862
-0.0048278
0.0914589
0.0358819
0.0848061
0.1441330
0.1290524
0.0937114
0.0806771
-0.0794402
0.0034977
-0.0838613
0.0523286
0.0573207
-0.0231680
0.0598519
0.0304464
0.0041406
-0.0299700
-0.0717125
-0.0395455
0.1478168
0.0159638
-0.0062589
0.1062422
0.0872514
0.1222565
0.1093131
0.0010983
0.0798004
0.1060451
0.0814259
0.0287367
-0.0335174
-0.0405831
0.0631703
-0.0142606
0.0533233
-0.0689972
0.0690843
0.0540241
-0.0463930
0.1727001
0.0071563
0.0117703
-0.0775435
-0.1310037
0.0407305
-0.0670224
-0.1433581
-0.0295465
0.0005546
-0.0734117
-0.0099618
0.2169740
0.4819960
0.6353503
0.2739717
-0.2642150
-0.8518775
-0.9815543
-0.4714376
0.3402102
0.7238418
0.5788586
0.3338205
0.1136275
-0.1499641
-0.1132556
-0.2624172
-0.2032484
-0.1231691
-0.1970378
0.0896954
0.0423469
0.0602732
0.1148393
0.0212730
0.1254041
0.0115819
-0.0643674
0.1139292
-0.1215350
-0.0615554
-0.0976413
-0.0216289
-0.0485716
-0.1493094
0.0073431
-0.0544015
-0.1148816
0.0272543
0.0681543
0.0952962
0.0536176
-0.0391602
-0.0372921
0.0649762
-0.0397822
-0.0240242
-0.1083878
-0.0703077
0.0542724
0.0691160
-0.0972688
-0.0958358
-0.1088401
-0.1017147
0.0042795
0.0775519
-0.0058656
-0.1018412
0.1142802
-0.0665914
-0.0388326
0.1296443
0.1639842
0.0112175
-0.0531647
-0.0929754
0.0409232
-0.0715798
-0.1615015
-0.2026211
-0.1674825
-0.2361728
-0.0909124
-0.0225808
-0.0625182
0.2171143
0.3712846
0.5436844
0.5259044
-0.0929158
-0.7688666
-1.2916043
-0.7552516
0.2359035
0.6671997
0.7298219
0.2634985
-0.0223661
-0.0884025
-0.1484864
-0.1458027
-0.2922338
-0.2540556
-0.2001305
-0.1015005
-0.0147907
-0.0044542
-0.0122550
0.0921152
0.0300527
0.0737033
0.1411950
-0.0928559
-0.0052687
-0.0260369
-0.0554831
-0.1815633
0.0419557
-0.0295394
0.0595914
0.1134946
-0.0588490
0.1037560
0.1037322
0.0202435
-0.0980414
0.0933390
-0.0005309
0.0230117
-0.0727200
-0.0293077
-0.0466921
0.0312673
0.0163592
-0.0545841
0.0310445
0.1115403
0.1093899
0.0388370
0.1089038
-0.0114117
0.0088278
0.0745194
0.0084437
0.1123322
0.1036428
0.0599785
0.0464841
0.0689920
0.0553664
0.0883578
0.0940236
0.0179499
-0.1546345
-0.0609089
-0.1181402
-0.1397993
-0.0175037
-0.0036972
0.0273268
0.1405692
0.2493256
0.4026541
0.4009219
0.1309728
-0.4749066
-1.0329237
-0.7821032
-0.0446331
0.5959651
0.7873779
0.4928495
0.1821065
0.0354702
-0.0671567
-0.0491144
-0.1727942
-0.1420016
-0.0085279
-0.0764370
-0.0788959
0.0230015
0.1300602
-0.0303343
-0.0120267
0.0689909
0.0301059
-0.0889262
-0.0420283
-0.0331137
-0.1521630
-0.0747083
0.0526184
-0.1209615
0.0200568
0.0370564
-0.0144127
0.0746652
0.1043372
0.1405636
0.0778426
-0.0647357
-0.0244168
-0.0852512
-0.0258283
0.0636811
-0.0400715
0.0375167
0.1074009
0.0023300
-0.0167924
0.1188423
-0.0763595
-0.0370631
-0.0268308
-0.0100370
0.0378526
0.0335003
