0.3133219
0.1633222
0.0116320
-0.1028931
-0.1570986
-0.1705553
-0.1277392
-0.0660705
-0.0598587
-0.0433492
-0.0555696
-0.0004923
0.0271503
0.0011453
0.0773491
-0.0165042
0.0022689
0.0075555
-0.0749862
0.0146893
0.0320313
-0.0829772
-0.0254644
0.0330601
-0.0774761
-0.0435388
-0.0111797
0.0271473
0.0803695
0.0604188
0.0947637
0.0452578
-0.0004858
0.0134797
-0.0405418
0.0578316
0.0868816
-0.0351841
-0.0287406
-0.0249606
-0.0297374
0.0127068
-0.0194643
-0.0367714
-0.0059380
0.0138070
0.0033691
-0.0073368
0.0396264
0.0525965
0.0012088
0.0299835
0.0451695
0.0437789
0.0400866
-0.0533778
0.0110488
0.0751373
-0.0506065
-0.0129068
0.0042224
-0.0581593
0.0019604
0.0310151
0.0343199
0.0502230
0.0469106
0.0236922
0.0463702
-0.0179088
-0.0931467
0.0164605
0.0623588
-0.0124941
-0.0412314
-0.0034873
0.0694327
0.0193228
-0.0307374
-0.0380084
-0.0776839
0.0077976
0.0354104
-0.0472049
-0.0255188
0.0083186
0.0209080
-0.0013655
-0.0216044
-0.0211015
-0.0506020
0.0016675
0.0856445
0.0206363
-0.0346170
-0.0387777
-0.0207637
0.0570690
0.0381171
0.0262159
-0.0066388
0.0081864
-0.0502771
-0.0321375
0.0616707
0.0480726
0.0563300
-0.0358147
0.0176055
0.0272680
-0.0473626
-0.0458891
0.0099775
0.0025490
0.0500936
0.0298451
-0.0181763
0.0568056
-0.0008746
0.0696027
-0.0343792
0.0329881
-0.0020254
-0.0486991
0.0397097
-0.0636948
-0.0086016
-0.0190581
0.0360898
0.0689007
-0.0294326
0.0497897
-0.0166848
-0.0374056
0.0486163
0.0073490
0.0292907
-0.0098275
-0.0566076
-0.0406021
0.0566777
-0.0267491
-0.0875220
0.0023182
0.0517512
-0.0365638
-0.0872071
-0.0445748
-0.0361097
0.0000728
-0.0539169
0.0454447
0.0421858
-0.0117708
0.0139323
-0.0436203
-0.0184095
0.0263351
-0.0074626
-0.0061561
-0.0052263
-0.1201455
-0.0627320
-0.0523122
-0.1795992
-0.0544326
0.0996473
0.1132582
0.2084893
0.2548496
0.1323484
-0.0259050
-0.1865340
-0.2131992
-0.1035496
0.0173311
-0.0015267
-0.0662857
0.0323679
0.0644418
-0.0003522
0.0532665
0.1147083
0.0373987
0.0409910
-0.0067397
-0.0304506
0.0175307
-0.0165486
0.0076430
0.0057990
-0.0290361
-0.0795947
0.0212350
0.0248860
-0.0310183
0.0509160
-0.0213767
-0.0256214
0.0840886
0.0032912
-0.0613689
-0.0673533
-0.0234360
-0.0225020
-0.0271346
-0.0286272
-0.0077563
0.0605665
0.0366195
0.0174915
-0.0084646
-0.0593393
-0.0626330
-0.0677330
-0.0331144
0.0144590
0.0420677
0.0447095
0.0275274
0.0633779
0.0553170
0.0006591
-0.0329014
-0.0138029
0.0675502
-0.0344536
-0.0415925
0.0211280
-0.0486495
-0.0738884
-0.0642309
0.0481238
0.0032316
0.0076994
-0.0080320
-0.1056872
0.0159510
0.0099059
-0.0219691
0.0628579
-0.0795795
-0.0580558
0.0616923
-0.0299579
0.0092868
0.0198221
-0.0227783
0.0071812
0.0463178
0.0276312
-0.0473575
0.0688750
0.0659988
-0.0441981
0.0454609
0.0256546
-0.0032811
0.0846617
0.0255973
-0.0043787
0.0082102
-0.0318374
0.0202231
0.0416517
0.0008748
0.0324702
0.0603856
0.0178253
0.0185979
-0.0047259
-0.0415903
-0.0167433
-0.0282401
0.0535984
0.0754435
-0.0543877
0.0217094
0.0618967
0.0026497
0.0197446
0.0295680
0.0664463
0.0569301
0.0733892
0.0777843
0.0085577
-0.0834671
0.0235849
0.0164408
-0.0257235
-0.0021839
-0.0745893
0.0554986
0.0293679
-0.0752557
0.0212061
-0.0295522
-0.0081015
0.0602407
0.0058280
0.0621705
0.0439237
-0.0240927
-0.0317454
-0.0106949
0.0539572
-0.0311978
-0.0028680
-0.0039078
-0.0340365
0.0510900
-0.0414811
-0.0172672
0.0576150
-0.0213939
0.0389969
0.0782392
0.0287942
0.0942460
0.0472422
0.0010741
-0.0157160
-0.0211799
0.0299473
-0.0902031
-0.1013842
-0.0743795
-0.0767562
-0.1129354
-0.1172516
0.0344108
0.1699121
0.1573630
0.1783649
0.1696374
-0.0577604
-0.1343886
-0.1577407
-0.1837812
-0.0398133
-0.0143920
-0.0207178
0.0176854
-0.0508633
0.0240962
0.0965545
-0.0077551
-0.0019360
0.0507914
-0.0179513
-0.0437655
-0.0246982
0.0309404
-0.0217342
-0.0784207
0.0144650
-0.0458944
-0.0030040
0.0259579
0.0493428
0.0154801
-0.0374751
0.0429212
0.0091759
-0.0053243
0.0337588
0.0634486
0.0844680
-0.0060988
0.0004456
0.0041399
-0.0145530
-0.0088548
0.0302991
0.0406595
-0.0575368
0.0111827
-0.0128256
-0.0508353
-0.0011039
0.0512129
-0.0106695
-0.0468742
-0.0234908
0.0276956
0.0407249
-0.0660947
0.0257380
-0.0037707
-0.0582382
-0.0287341
-0.0476473
-0.0678515
-0.0570966
0.0447974
0.0427521
-0.0753334
-0.0730037
-0.0260306
-0.0107422
0.0148803
0.0713213
0.0455716
0.0194122
-0.0219146
-0.0426097
0.0210773
-0.0574575
-0.0720936
-0.0034804
0.0843100
-0.0046216
-0.0333869
0.0002493
-0.0268525
-0.0367078
-0.0552382
0.0712715
0.0466267
-0.0240641
0.0344103
0.0753391
-0.0453388
-0.0110233
0.0760255
-0.0082375
0.0310930
0.0443878
-0.0271902
-0.0466290
-0.0510253
-0.0194333
0.0693161
0.0120766
-0.0553812
-0.0421240
-0.0202590
0.0345724
-0.0183850
-0.0433788
0.0018330
0.0369699
0.0644397
0.0309288
-0.0517821
-0.0193630
0.0030585
0.0119165
0.0646029
-0.0542383
-0.0520374
0.0451700
-0.0010250
-0.0067603
-0.0303864
-0.0109582
-0.0201423
-0.0407511
-0.0014990
-0.0595458
0.0480735
0.0139687
0.0251426
0.0223180
-0.0979789
-0.0111784
-0.0054339
-0.0357652
0.0174098
-0.0635357
-0.0458666
0.0400134
-0.0294729
-0.0346349
0.0426823
-0.0333118
-0.0218301
0.0393066
0.0046425
0.0112725
-0.0419596
0.0021285
-0.0022733
-0.0162665
0.0851502
0.0640950
-0.0279411
-0.0604746
-0.0873398
-0.1264145
-0.1422510
-0.1349256
-0.1582774
-0.1012716
0.0498846
0.2255169
0.3280555
0.2651226
0.0792517
