0.3398127
0.3432084
0.1958883
-0.0036760
-0.1061987
-0.1474010
-0.1226585
-0.1178719
-0.0358340
-0.0227368
0.0684377
0.0671969
0.0507741
0.0319767
0.0525388
0.0000950
-0.0338327
0.0216457
-0.0423908
-0.0937511
-0.0568128
-0.0628209
-0.0307132
0.0245328
-0.0239531
0.0698259
0.0089292
0.0115638
0.0460656
0.0537445
0.0232444
-0.0180292
0.0012802
0.0523388
0.0103765
-0.0396346
0.0108775
-0.0392577
-0.0283723
0.0403939
0.0103800
-0.0087906
0.0070195
0.0088649
0.0524658
-0.0374067
0.0317868
0.0229226
-0.0151824
-0.0218548
0.0189702
-0.0064562
-0.0721975
0.0263937
0.0322772
0.0384024
0.0376020
0.0769207
0.0706965
0.0648115
0.0195532
-0.0479174
-0.2051384
-0.2231486
-0.1664649
0.1265151
0.2661972
0.2637531
0.2010472
-0.0216826
-0.1386138
-0.1070960
-0.1474840
-0.1700522
-0.0515795
-0.0113596
0.0563414
0.0798915
0.0242886
0.0319482
0.0166615
-0.0204991
0.0101878
0.0033451
0.0026115
-0.0463584
-0.0456079
0.0313468
0.0258917
-0.0298952
0.0234097
0.0306342
0.0012558
0.0118330
0.0174158
0.0360681
0.0015517
0.0294153
-0.0297113
-0.0513966
-0.0258884
-0.0491520
-0.0458376
-0.0483253
-0.0349644
-0.0332356
-0.0307516
-0.0002982
0.0004084
0.0565586
0.0034920
0.0176739
0.0258029
0.0179228
-0.0310089
-0.0612601
0.0112830
-0.0545784
0.0511902
0.0326121
0.0804845
0.0405496
0.0803854
0.0554719
0.0478741
0.0032738
-0.0380000
-0.1744384
-0.2235518
-0.0754285
0.1036161
0.2978515
0.2264716
0.0831779
-0.0245896
-0.0486869
-0.1011251
-0.0826816
-0.1247184
-0.0397016
0.0101667
0.0411440
0.0909578
-0.0027258
0.0452241
0.0389157
0.0369898
-0.0205743
-0.0389069
-0.0544459
-0.0105896
-0.0559656
-0.0125179
-0.0468180
0.0126378
0.0231514
-0.0186619
-0.0110550
0.0306203
0.0275417
0.0191661
0.0331922
0.0010342
-0.0374372
0.0017535
-0.0379719
-0.0432845
0.0153248
-0.0427553
-0.0383239
-0.0234299
-0.0016900
-0.0001408
0.0287184
-0.0185180
0.0324778
-0.0215939
-0.0487947
-0.0415426
0.0101245
-0.0322919
-0.0216508
-0.0427521
0.0273639
0.0655253
0.0599491
0.0734115
0.0588728
0.0837046
0.0442432
-0.0562013
-0.0816689
-0.1107875
-0.2175664
-0.1886895
-0.0516203
0.2377465
0.2850040
0.2212872
0.0278535
-0.0535599
-0.1391421
-0.0967819
-0.1458980
-0.0812153
0.0102052
0.0202258
0.0775659
0.0250269
0.1134471
0.0894216
0.0382454
-0.0077201
-0.0512630
-0.0475350
-0.0193946
-0.0406703
-0.0399412
-0.0171969
-0.0170088
0.0695885
0.0237645
0.0075523
0.0446457
0.0172547
0.0346566
0.0036833
-0.0035108
-0.0684994
-0.0285028
-0.0363612
-0.0357835
0.0172215
0.0152754
0.0126366
-0.0037079
-0.0248738
0.0399691
0.0899577
-0.0137113
0.0222441
0.0336338
-0.0439203
-0.0067121
-0.0448422
-0.0536965
-0.0432360
-0.0529211
0.0056363
0.0280338
-0.0137225
0.0861527
0.0941229
0.0379226
0.0268739
-0.0097338
-0.0695496
-0.2493131
-0.2144342
-0.1696965
0.0679071
0.3506339
0.3480496
0.1825036
-0.0208410
-0.1388068
-0.1686400
-0.1812971
-0.1138379
-0.0412564
0.0373704
0.0251630
0.0602435
0.0423023
0.0360921
-0.0222004
0.0261646
-0.0000470
-0.0473923
-0.0264580
-0.0427304
-0.0058139
-0.0385904
-0.0460063
0.0583674
-0.0298220
0.0145851
0.0437431
-0.0132246
0.0474682
-0.0167512
0.0448749
-0.0123582
0.0163597
-0.0351721
-0.0544765
-0.0320127
-0.0325427
0.0342964
0.0047448
0.0270445
0.0439689
-0.0071136
0.0397933
0.0294309
-0.0236922
0.0289813
-0.0191597
-0.0287248
-0.0005973
-0.0277343
-0.0585177
-0.0348596
-0.0036014
0.0611261
0.0703933
0.1129738
0.1307273
0.0353600
0.0913994
-0.0112255
-0.0423877
-0.1737893
-0.2829374
-0.2896018
-0.1312960
0.1660992
0.4139115
0.3804859
0.1003030
-0.1127050
-0.1797489
-0.1713609
-0.1484913
-0.1343086
-0.0539961
0.0703658
0.0706700
0.0852935
0.0954767
0.0691839
0.0470202
-0.0063216
-0.0442129
0.0203552
-0.0974564
-0.0078997
-0.0469647
-0.0007326
0.0258505
0.0464016
0.0219458
-0.0372098
0.0445077
-0.0177442
0.0182079
-0.0279063
0.0024517
-0.0338444
-0.0668181
-0.0173323
-0.0476191
0.0142356
-0.0159701
-0.0242730
0.0612923
-0.0124725
0.0387371
-0.0029783
-0.0093254
0.0172627
0.0328300
0.0184850
-0.0181032
-0.0856475
-0.0587923
-0.0219520
-0.0386002
-0.0237758
0.0202731
0.0797885
0.0950241
0.0456594
0.1043429
0.0773450
-0.0016020
-0.0728210
-0.1875744
-0.2480673
-0.3203248
-0.1251467
0.1979498
0.3512423
0.3400488
0.2033508
-0.0166518
-0.1382511
-0.2012882
-0.1945176
-0.1378451
-0.0374835
0.0181988
0.0396818
0.1116917
0.0517518
0.0783309
0.0028265
0.0224546
0.0023462
-0.0541461
-0.0101557
-0.0703743
-0.0660636
-0.0418342
-0.0164797
-0.0438607
-0.0021731
0.0489471
-0.0165539
0.0261700
0.0021076
0.0362154
0.0337392
-0.0200187
-0.0336653
0.0337554
-0.0544545
0.0337930
0.0049026
-0.0458572
-0.0188015
0.0463067
-0.0514110
0.0141586
0.0562129
0.0253208
0.0082880
0.0146797
-0.0083598
-0.0398664
0.0305329
-0.0259740
-0.0524704
-0.0207595
-0.0402124
-0.0378820
0.0233848
0.0358582
0.1047271
0.0385013
0.0403885
0.0080178
-0.0809509
-0.1189220
-0.2825599
-0.2576046
-0.0765499
0.2033749
0.3689211
0.3406802
0.1206357
-0.0887088
-0.1438858
-0.1257132
-0.1333340
-0.1237149
-0.0680892
0.0260027
0.1255543
0.0758272
0.1079016
0.0709573
-0.0124555
-0.0261742
-0.0129063
-0.0016083
-0.0868980
-0.0108206
-0.0238690
-0.0352592
-0.0211193
-0.0234507
-0.0193084
0.0304120
-0.0090022
0.0592186
-0.0153466
-0.0092038
-0.0122165
0.0055728
0.0189820
-0.0807177
-0.0449799
-0.0057776
-0.0502178
-0.0156381
0.0246859
0.0538901
0.0801683
0.0150128
