0.2886345
0.3152433
0.2367159
0.0591158
-0.0949282
-0.1601002
-0.1655340
-0.1386753
-0.0761285
-0.0181478
-0.0380424
-0.0910058
-0.0528297
0.0346876
0.0543032
0.0589311
0.0813253
0.0476823
0.0301383
0.0853003
0.0706744
0.0037658
0.0356714
0.0390189
-0.0590474
-0.0829553
-0.0263788
0.0124227
-0.0072214
-0.0331691
0.0020644
-0.0187915
-0.0632478
0.0107779
0.0616713
0.0159712
0.0026974
0.0348785
0.0139142
-0.0426631
-0.0156305
0.0056652
-0.0380848
-0.0066741
0.0153032
-0.0118175
0.0023547
-0.0237553
-0.0293515
0.0129877
-0.0215228
-0.0533020
-0.0205607
0.0053988
-0.0238521
-0.0556991
-0.0139620
0.0030540
-0.0219928
0.0209312
0.0550499
0.0201937
0.0045536
0.0073632
-0.0143811
-0.0229292
-0.0013776
0.0250001
0.0333452
-0.0101554
-0.0600964
-0.0321984
0.0260536
0.0256554
-0.0049770
-0.0029557
-0.0043112
-0.0366542
-0.0233953
0.0568566
0.0619679
-0.0105346
0.0067924
0.0018936
-0.0368838
0.0327844
0.0281018
0.0089268
0.0446142
-0.0282150
-0.0269814
0.0190100
-0.0366048
-0.0373589
-0.0316041
-0.0478793
-0.0033531
0.0133663
-0.0279185
-0.0374159
0.0192037
0.0364897
-0.0240244
-0.0404273
-0.0099044
0.0145143
0.0207151
-0.0203226
-0.0165143
0.0548281
0.0384160
-0.0207484
0.0160579
0.0389658
0.0148462
0.0390582
0.0123216
-0.0465337
-0.0273811
-0.0104195
0.0136561
0.0541493
0.0221471
-0.0371766
-0.0452507
-0.0096118
0.0217363
0.0148199
-0.0132460
-0.0325165
-0.0362524
-0.0429084
-0.0344175
0.0130306
0.0358492
0.0431811
0.0561979
-0.0080100
-0.0410312
0.0303007
0.0568155
0.0230825
-0.0141456
0.0089605
0.0561496
-0.0010474
-0.0460557
-0.0265599
-0.0417228
-0.0245922
0.0024540
-0.0386632
-0.0513916
-0.0018085
0.0027520
-0.0414504
0.0000733
0.0556721
-0.0128845
-0.0422708
-0.0028410
-0.0049447
0.0279456
0.0301543
-0.0424607
-0.0251842
0.0459930
0.0510581
0.0429090
0.0234783
-0.0167624
0.0111361
0.0380153
0.0053624
-0.0110885
-0.0196611
0.0054543
0.0124823
-0.0443520
-0.0445928
-0.0217788
0.0083496
0.0602550
0.0337515
0.0148914
0.0655039
0.0887169
0.0820123
0.0660055
0.0431332
0.0239224
-0.0142382
-0.0659677
-0.0913540
-0.1091125
-0.1382125
-0.1768336
-0.2331848
-0.2040227
-0.0751706
0.0368149
0.1812307
0.3440669
0.3649417
0.2385879
0.0300520
-0.2023626
-0.2996949
-0.2452185
-0.1708931
-0.0554379
0.0329167
0.0123957
0.0083779
-0.0043659
-0.0401200
-0.0070759
0.0305505
0.0345615
0.0227920
0.0134141
0.0350971
0.0534745
0.0565171
0.0410072
-0.0149707
-0.0414379
0.0064872
0.0264588
-0.0285224
-0.0664547
-0.0604355
-0.0583618
-0.0162346
0.0288253
-0.0196288
-0.0122471
0.0482814
0.0291545
0.0357120
0.0156004
-0.0159011
0.0438546
0.0235743
-0.0223665
0.0049787
0.0072252
0.0304368
0.0461057
-0.0154166
-0.0552683
-0.0391528
-0.0329099
-0.0243042
0.0104977
0.0335752
0.0140711
-0.0375880
-0.0319133
0.0356954
0.0397838
0.0084943
0.0125014
-0.0319816
-0.0712855
0.0103255
0.0391121
-0.0178289
0.0144685
0.0475140
0.0356112
0.0323392
-0.0190759
-0.0349392
0.0329162
0.0301618
-0.0265970
-0.0304138
-0.0508963
-0.0428361
0.0356684
0.0525136
0.0473085
0.0408686
0.0112907
0.0124257
-0.0080841
0.0024238
0.0289300
0.0024118
0.0202010
0.0037784
-0.0215943
0.0252508
-0.0089859
-0.0300759
0.0294916
-0.0116391
-0.0598618
-0.0006250
0.0093035
0.0021908
0.0478614
-0.0026551
-0.0396331
0.0062717
-0.0114650
-0.0083981
0.0110452
-0.0080199
-0.0246117
-0.0548484
-0.0110657
0.0310315
-0.0181219
-0.0396046
-0.0519896
-0.0292932
0.0310603
0.0286907
0.0373409
0.0294654
-0.0459320
-0.0180102
0.0571993
-0.0090724
-0.0414429
0.0321519
-0.0049380
-0.0563140
-0.0054125
-0.0138098
-0.0391322
0.0170699
0.0204856
-0.0408828
-0.0299108
0.0036121
-0.0041244
0.0416903
0.0617505
-0.0252970
-0.0239692
0.0349790
-0.0052677
-0.0263182
-0.0164484
-0.0344922
-0.0317343
-0.0217221
-0.0104354
-0.0037205
0.0101929
0.0287383
-0.0052868
-0.0229990
0.0070225
0.0122660
-0.0040649
-0.0225944
-0.0016139
0.0365289
-0.0071489
-0.0518770
-0.0132136
-0.0153316
-0.0611398
-0.0229707
0.0101489
-0.0259541
-0.0459159
-0.0623909
-0.0551895
-0.0198634
-0.0053334
0.0116928
0.0064466
0.0253819
0.1000814
0.1130114
0.0799757
0.0700521
0.0748228
0.0688368
-0.0077276
-0.1072154
-0.1165831
-0.1125313
-0.2001627
-0.2691597
-0.2183277
-0.0770694
0.1211556
0.2963968
0.3713228
0.3366105
0.2126856
0.0462363
-0.1331791
-0.2334524
-0.1794118
-0.0866214
-0.0435040
-0.0281564
-0.0156680
-0.0095445
-0.0349778
-0.0244900
0.0428004
0.0400498
-0.0040242
0.0332334
0.0457268
-0.0039619
0.0357333
0.0577649
-0.0111850
-0.0396083
-0.0554481
-0.0317513
-0.0127699
-0.0592841
-0.0119314
0.0395524
0.0154202
-0.0095367
-0.0595859
-0.0174850
0.0565189
0.0084985
-0.0092504
0.0395302
0.0592764
0.0429082
0.0234373
0.0351198
0.0259145
0.0217526
0.0200079
-0.0388578
-0.0165113
0.0343042
-0.0020467
0.0104013
0.0257638
-0.0008797
0.0058199
-0.0268111
-0.0594939
-0.0047866
0.0227835
-0.0258216
-0.0482710
-0.0379436
-0.0245711
0.0187688
0.0418263
0.0063975
-0.0237761
-0.0251627
-0.0088708
0.0311603
0.0361707
-0.0155583
-0.0504838
-0.0369569
0.0143001
0.0307106
-0.0322802
-0.0528458
0.0084501
0.0115576
-0.0375947
-0.0335358
-0.0195591
-0.0215232
-0.0223946
-0.0454962
-0.0178151
0.0610406
0.0283863
-0.0499796
-0.0017218
0.0427267
0.0111969
0.0203621
0.0148713
-0.0226615
0.0147575
0.0327376
-0.0267604
-0.0195843
0.0030130
-0.0122434
0.0079520
-0.0198782
-0.0292972
0.0477250
0.0363187
-0.0097635
