0.3795223
0.3693415
0.1339239
-0.1425988
-0.2543990
-0.2006283
-0.0881332
0.0245148
0.0329207
-0.0105641
-0.0064636
-0.0326044
-0.0133935
0.0505886
0.0611985
0.0033941
-0.0142395
0.0306340
0.0276461
0.0319190
-0.0174963
-0.0247517
0.0313550
0.0001323
-0.0052102
-0.0016486
-0.0309147
-0.0561982
-0.0278856
-0.0230281
-0.0384897
0.0027017
-0.0182980
0.0046081
0.0487344
0.0407813
0.0203643
-0.0208878
-0.0268613
-0.0401006
-0.0060987
0.0061158
-0.0530587
-0.0294464
0.0268960
0.0334073
0.0174828
-0.0143220
-0.0078937
-0.0103322
-0.0188695
0.0295798
0.0065868
-0.0225223
0.0022826
-0.0181560
-0.0214608
0.0246539
0.0017013
-0.0433483
0.0090220
0.0363433
0.0230097
0.0353891
0.0079488
-0.0068304
0.0130011
-0.0063766
-0.0060647
0.0124243
-0.0112566
-0.0275069
-0.0030992
0.0354800
0.0137821
-0.0422211
-0.0076832
0.0095781
-0.0329128
0.0032766
0.0176945
0.0169036
0.0322191
-0.0256603
-0.0332900
0.0275456
0.0071159
-0.0319253
-0.0036886
-0.0022149
-0.0054005
0.0150387
-0.0036635
0.0066690
0.0425778
0.0159937
-0.0204320
-0.0139825
0.0128547
0.0166989
-0.0081806
-0.0021342
-0.0322874
-0.0087740
0.0276252
-0.0310675
0.0215926
0.0348797
-0.0214992
0.0057583
-0.0142649
-0.0287507
0.0239214
-0.0008572
-0.0324534
-0.0029520
-0.0184797
-0.0327048
-0.0060351
-0.0073944
-0.0263834
-0.0305043
-0.0163575
0.0115577
0.0072617
-0.0190189
-0.0071901
0.0119276
-0.0068049
-0.0169616
0.0290391
0.0176719
-0.0366532
-0.0003037
0.0116086
0.0093067
0.0187561
-0.0063200
-0.0068697
-0.0041914
-0.0056680
-0.0068583
-0.0221665
-0.0321564
0.0012512
0.0146150
-0.0046299
0.0062399
-0.0202765
-0.0062461
0.0291094
-0.0065923
-0.0003038
0.0141789
-0.0120391
-0.0166656
-0.0034817
-0.0018520
-0.0035388
-0.0144116
-0.0073470
0.0341095
0.0410168
0.0310022
0.0253988
0.0155103
0.0273199
0.0137066
-0.0082792
0.0135641
0.0170086
-0.0122048
-0.0399396
-0.0544866
-0.0475043
-0.0515284
-0.0219112
0.0135369
-0.0089291
-0.0067652
0.0077486
-0.0096686
0.0073351
0.0368479
0.0138459
0.0122469
0.0349111
0.0147120
0.0159944
0.0259039
-0.0392533
-0.0858513
-0.0750038
-0.0806844
-0.1023515
-0.1354509
-0.1093848
0.0200392
0.2252144
0.4026209
0.3561975
0.1094747
-0.1342546
-0.2636840
-0.2330740
-0.1180593
-0.0439214
-0.0044970
0.0219582
0.0250457
-0.0129835
-0.0019726
0.0623672
0.0512024
0.0131334
0.0062020
0.0018771
0.0153296
-0.0005847
-0.0240948
-0.0244118
-0.0538968
-0.0278908
0.0118795
0.0206461
0.0186932
-0.0070489
0.0139131
0.0280042
-0.0079671
0.0042049
0.0444528
0.0335017
0.0031791
-0.0157121
-0.0120571
0.0156345
0.0356141
0.0056339
0.0013596
0.0148945
-0.0279655
-0.0107332
0.0121819
-0.0464759
-0.0116104
0.0167536
-0.0280825
0.0276195
0.0464943
0.0365519
0.0059276
-0.0257801
0.0107475
-0.0164437
-0.0088342
0.0271462
-0.0243906
-0.0040584
0.0220879
-0.0100393
0.0185502
0.0127862
0.0355857
0.0086340
-0.0406097
-0.0079544
0.0061129
0.0269761
-0.0069254
-0.0010699
0.0497071
0.0268910
0.0017044
0.0219139
0.0188396
-0.0262737
-0.0056126
-0.0145585
-0.0351674
0.0007937
0.0025717
0.0251078
0.0201989
-0.0019409
0.0116709
-0.0081135
-0.0070897
0.0302630
0.0261684
0.0240515
0.0325610
0.0309991
0.0173902
-0.0072962
-0.0082163
0.0002546
0.0255102
0.0054430
0.0078744
0.0176148
-0.0207377
-0.0114551
-0.0344377
-0.0058581
-0.0007459
-0.0061974
0.0172157
-0.0383195
-0.0181163
-0.0234672
-0.0176934
0.0579922
0.0030827
-0.0129802
0.0405338
-0.0226620
0.0000563
0.0218786
0.0016533
0.0382021
0.0269955
0.0029841
-0.0377478
-0.0062979
0.0011153
-0.0088127
0.0182698
-0.0246482
-0.0345163
-0.0075893
0.0265391
0.0014184
-0.0085192
-0.0018697
-0.0391016
0.0219036
0.0170038
-0.0499274
-0.0076481
0.0215882
-0.0104437
-0.0129499
0.0081385
0.0204623
0.0371980
0.0088231
0.0120348
0.0342868
-0.0200220
-0.0151525
0.0128326
0.0073524
-0.0142033
-0.0131540
0.0024245
-0.0315724
-0.0091891
-0.0010201
-0.0421835
-0.0085905
0.0100555
0.0179387
0.0493557
-0.0088375
-0.0031673
0.0084465
-0.0295979
0.0049128
0.0219735
-0.0041702
-0.0587981
-0.0001783
-0.0045653
-0.0463112
0.0205001
0.0140794
0.0228623
-0.0186955
-0.0174586
0.0017480
-0.0066527
0.0760883
0.0836553
0.0680769
0.0378663
0.0344625
0.0532609
0.0100925
-0.0362206
-0.0636203
-0.0411028
-0.0598477
-0.0829437
-0.1463855
-0.1760733
-0.0157791
0.1346647
0.2918210
0.3995000
0.2956147
0.0678064
-0.1982600
-0.3266955
-0.2312562
-0.1233347
-0.0317714
0.0442903
0.0570598
0.0328325
-0.0193227
0.0072463
0.0469709
0.0437231
0.0429890
0.0269641
0.0309595
0.0429292
0.0003180
-0.0326502
0.0044201
-0.0183291
-0.0544893
-0.0216678
-0.0192293
0.0044440
0.0042427
-0.0211271
-0.0255711
-0.0260825
0.0015935
-0.0154851
-0.0270814
0.0051830
0.0323411
0.0178699
-0.0107729
0.0097690
0.0215264
0.0143143
0.0296055
0.0057895
-0.0242657
-0.0125105
-0.0059746
0.0134295
0.0175342
0.0320086
0.0308033
-0.0118502
-0.0140451
-0.0132052
-0.0257346
-0.0325544
-0.0025718
0.0419191
0.0365827
0.0345241
0.0275296
-0.0164715
0.0100247
0.0131725
-0.0080389
0.0374355
0.0345476
0.0302148
0.0239706
-0.0211969
-0.0400795
-0.0097518
0.0250267
-0.0074829
-0.0443706
-0.0143727
-0.0204225
0.0039232
0.0216563
-0.0178838
0.0263736
0.0063120
-0.0249271
-0.0319435
-0.0058545
0.0243249
-0.0333233
-0.0104514
-0.0073804
-0.0143917
0.0075730
-0.0304579
-0.0344596
-0.0125764
-0.0199705
-0.0086645
0.0202519
-0.0067731
-0.0103759
0.0241046
0.0111978
0.0176253
