0.3983414
0.2711488
0.0313969
-0.2321738
-0.3225980
-0.2084854
-0.1079895
-0.0125319
0.0508009
0.0557209
0.0198281
-0.0220443
0.0221404
0.0477128
0.0436793
0.0395703
0.0242709
0.0376372
0.0355200
-0.0185782
-0.0232709
0.0082944
-0.0405650
-0.0440895
-0.0172096
-0.0143015
0.0127303
-0.0096537
-0.0227167
-0.0295637
-0.0129048
0.0002071
-0.0280455
-0.0134452
0.0220567
0.0311670
-0.0015910
-0.0042813
0.0217796
0.0149557
0.0233258
0.0224181
-0.0182726
-0.0181445
-0.0086973
0.0057352
0.0181693
0.0239180
0.0387009
-0.0000319
-0.0171533
-0.0110447
-0.0220529
-0.0326994
-0.0150550
0.0343847
0.0409551
0.0320821
0.0343767
-0.0106674
0.0008320
0.0194187
-0.0104475
0.0310471
0.0378215
0.0288507
0.0276638
-0.0161403
-0.0405722
-0.0139227
0.0241844
-0.0033919
-0.0445265
-0.0155538
-0.0198856
0.0026457
0.0221017
-0.0178838
0.0267981
0.0050228
-0.0250536
-0.0323107
-0.0022840
0.0217676
-0.0354913
-0.0066129
-0.0105874
-0.0108227
0.0054384
-0.0351511
-0.0304807
-0.0120871
-0.0211619
-0.0020718
0.0195366
-0.0137181
-0.0017556
0.0247127
0.0085226
0.0228020
0.0194511
0.0128981
0.0313863
0.0226544
0.0291412
0.0255759
-0.0206645
0.0033219
0.0393269
-0.0134806
-0.0236636
-0.0237215
-0.0255623
0.0089805
-0.0124230
0.0065385
0.0234035
-0.0140956
0.0177027
0.0111648
-0.0247971
0.0135281
-0.0037027
-0.0095802
0.0163598
0.0240727
0.0348416
0.0267076
0.0221203
0.0020212
-0.0125712
-0.0083053
0.0081188
-0.0012574
-0.0055263
0.0095043
-0.0151703
-0.0066437
-0.0065962
-0.0403473
-0.0168524
0.0307685
0.0138245
-0.0182282
0.0126007
0.0242249
0.0343193
0.0179039
-0.0148456
-0.0088508
-0.0091039
0.0281117
0.0279019
0.0091613
0.0042791
0.0216316
0.0229921
-0.0184526
0.0044921
-0.0055854
0.0060335
0.0363598
-0.0074002
-0.0031427
0.0166363
-0.0158650
-0.0267650
-0.0285118
-0.0399160
-0.0390434
-0.0223994
-0.0127836
-0.0193490
0.0039118
-0.0015547
-0.0045596
0.0116682
0.0221023
0.0032842
-0.0124831
0.0462871
0.0264126
0.0303811
0.0207022
0.0335151
0.0628586
-0.0071917
0.0260281
-0.0330433
-0.0475931
-0.0549651
-0.1057988
-0.0741592
-0.1462774
-0.1728793
-0.0963794
0.1037832
0.2928403
0.3455590
0.2813812
0.0442008
-0.1988154
-0.3035126
-0.2777327
-0.1092509
0.0530810
0.0557753
0.0129147
0.0083187
0.0205041
0.0550019
0.0651283
0.0408711
0.0058268
-0.0107461
0.0081973
0.0150158
0.0306815
0.0274031
-0.0091535
-0.0306575
-0.0032036
0.0045314
-0.0401861
-0.0022316
0.0359851
-0.0022371
0.0287966
0.0182178
-0.0159578
0.0416865
0.0145399
0.0293314
0.0302235
0.0100218
0.0255803
-0.0153305
-0.0209808
-0.0249889
0.0265160
-0.0026530
-0.0537843
-0.0090619
-0.0340743
-0.0076801
0.0445912
-0.0164729
0.0075957
0.0235411
-0.0363635
-0.0068602
0.0373060
0.0308922
-0.0294786
-0.0188925
-0.0012919
-0.0099682
0.0188223
0.0316600
0.0188729
-0.0268706
-0.0090162
-0.0081597
-0.0144692
0.0331251
0.0155599
0.0019680
0.0356675
0.0285725
-0.0154746
-0.0157098
0.0192064
-0.0210574
-0.0315265
0.0380316
-0.0141087
-0.0032905
0.0344797
0.0307057
0.0152655
-0.0320177
0.0236379
-0.0198572
-0.0236651
0.0092338
-0.0195187
-0.0282579
-0.0228753
0.0319263
-0.0151993
-0.0382125
-0.0261510
-0.0413784
-0.0254621
-0.0188237
-0.0228199
-0.0375950
0.0031537
0.0106858
-0.0021405
0.0088956
0.0048707
0.0338386
0.0402191
0.0276649
0.0039886
-0.0208153
-0.0357559
-0.0115771
0.0364613
-0.0025186
-0.0347071
0.0082291
0.0267783
0.0360462
0.0271802
-0.0008334
0.0168423
0.0178941
0.0071728
-0.0177620
-0.0100651
0.0147715
-0.0092143
0.0214959
0.0419387
0.0055922
0.0222344
0.0144807
-0.0062961
0.0191530
0.0156640
0.0219856
0.0333203
0.0442370
0.0115179
-0.0287622
0.0396375
0.0356821
-0.0288329
0.0271286
-0.0150687
-0.0087573
0.0444307
0.0273203
0.0251746
-0.0344140
0.0258085
0.0079024
-0.0338774
0.0064756
0.0049876
-0.0009691
-0.0379296
-0.0084070
-0.0163120
-0.0593915
-0.0026724
0.0110844
-0.0285519
-0.0259761
-0.0148122
0.0243415
0.0105021
0.0087664
0.0532587
0.0287103
-0.0048610
-0.0298832
-0.0300180
0.0022941
0.0105252
0.0162034
-0.0075137
-0.0157164
0.0202535
-0.0103171
0.0252521
0.0465845
0.0343203
0.0748583
0.0739882
0.0755954
0.0635664
0.0550435
0.0104544
-0.0379604
-0.0775621
-0.0695915
-0.0409084
-0.1327822
-0.1510856
-0.1508284
-0.0628762
0.1172910
0.2551897
0.3659732
0.2593002
0.0470339
-0.1673587
-0.2775766
-0.2324696
-0.1502768
-0.0191872
0.0466468
-0.0069231
-0.0223575
-0.0156065
-0.0127061
0.0179185
0.0046834
0.0046689
0.0309536
0.0118035
0.0349307
0.0028291
-0.0116525
0.0152810
-0.0377665
0.0106738
-0.0012361
-0.0448479
-0.0337534
-0.0334619
-0.0108077
0.0042510
0.0072530
-0.0160702
0.0364610
0.0179770
-0.0073500
0.0404810
0.0054240
0.0041110
0.0123430
0.0275185
0.0293842
0.0179297
0.0217936
-0.0230734
-0.0367827
-0.0087847
-0.0171068
-0.0332387
-0.0356161
-0.0099622
0.0081048
-0.0008043
0.0262899
0.0335581
0.0436335
0.0259474
0.0095766
0.0222071
-0.0023509
0.0091291
0.0135491
0.0080664
-0.0181300
-0.0338203
0.0121705
0.0045523
-0.0255898
-0.0004748
0.0038256
-0.0129237
-0.0394529
-0.0218405
0.0145545
-0.0283171
-0.0427806
-0.0281807
0.0119843
-0.0002204
-0.0418276
-0.0154341
-0.0227440
-0.0321662
-0.0205418
0.0122665
0.0385601
0.0091636
-0.0294553
-0.0230507
-0.0150588
-0.0219684
0.0237318
-0.0033059
-0.0192971
0.0392478
-0.0048583
-0.0232558
0.0097595
-0.0135422
0.0025741
0.0388280
0.0124477
-0.0061479
-0.0014482
-0.0274181
