0.3304957
0.2701464
0.0237510
-0.2411919
-0.2634456
-0.1677443
-0.0332650
0.1030373
0.0565899
-0.0307638
0.0119572
0.0142393
0.0659282
0.0337612
-0.0074882
0.0336858
-0.0427533
-0.0106156
0.0042125
-0.0457348
-0.0437205
0.0078846
-0.0033742
-0.0418628
-0.0074443
0.0023693
-0.0023030
0.0260707
-0.0177104
0.0111473
0.0304119
0.0200736
-0.0193328
-0.0016992
0.0370328
-0.0405269
-0.0128433
0.0208629
0.0256613
0.0224560
0.0218051
0.0123791
0.0021088
0.0329455
-0.0131638
-0.0244577
0.0351213
0.0236849
-0.0065277
0.0119141
0.0002012
-0.0437825
-0.0096625
0.0222004
-0.0040185
-0.0129701
-0.0414572
-0.0219616
0.0112424
-0.0244419
-0.0075080
-0.0126654
-0.0178967
0.0234477
-0.0023435
-0.0402361
0.0219308
0.0035685
-0.0253007
0.0127064
0.0177193
0.0106477
0.0160488
0.0221763
0.0294608
0.0140926
-0.0188591
0.0067915
0.0314743
0.0052489
-0.0167293
-0.0376260
-0.0372756
0.0304103
-0.0008539
-0.0371946
-0.0127832
0.0244845
-0.0238830
-0.0168760
0.0219292
0.0310871
0.0349373
0.0143475
0.0148725
0.0086965
0.0100043
0.0133406
0.0146333
-0.0060045
0.0285300
-0.0143554
-0.0286038
0.0005201
0.0152027
-0.0258012
-0.0287956
0.0053928
-0.0190982
-0.0249803
0.0048604
0.0349787
-0.0029675
-0.0421505
0.0100499
0.0387591
-0.0092603
-0.0142408
0.0385720
-0.0097747
-0.0019185
0.0332350
-0.0218675
0.0123956
0.0387087
0.0312003
-0.0056292
0.0067125
0.0317911
-0.0054024
-0.0091076
-0.0213804
-0.0404040
-0.0047625
0.0121098
-0.0252672
-0.0127902
-0.0020132
-0.0152156
-0.0076438
-0.0393598
0.0042306
-0.0050620
-0.0387570
0.0127416
0.0333954
-0.0043075
0.0201065
-0.0056997
-0.0110500
0.0294391
-0.0051232
0.0008859
0.0046385
-0.0295827
-0.0054995
0.0202248
0.0274832
0.0250578
-0.0171651
-0.0143921
-0.0012022
0.0299613
-0.0436644
0.0023163
-0.0163849
0.0111486
0.0058769
0.0213688
0.0478294
-0.0071403
0.0075081
0.0371350
0.0183600
-0.0185129
0.0188835
-0.0073970
-0.0404704
-0.0733113
-0.1156927
-0.1384778
-0.0552874
-0.0259456
0.2061024
0.2850674
0.2786334
0.0520669
-0.1964233
-0.2780896
-0.2290005
-0.0165186
0.1036714
0.0831691
-0.0119433
0.0029195
0.0059278
0.0353503
0.0552602
-0.0258076
0.0191818
0.0067067
-0.0251901
-0.0208125
-0.0467310
-0.0264604
-0.0284612
0.0027941
-0.0100834
-0.0144268
0.0466862
0.0049848
-0.0193322
-0.0150171
-0.0227117
-0.0086385
-0.0030996
-0.0089183
-0.0346973
0.0063505
0.0349980
-0.0246543
-0.0431454
0.0303600
-0.0214130
0.0119075
0.0186859
-0.0284712
-0.0071400
-0.0039393
-0.0177654
0.0021460
0.0406246
0.0243034
0.0041271
-0.0002563
-0.0039983
-0.0313678
-0.0302096
-0.0044861
-0.0252388
-0.0108487
0.0070557
0.0069984
-0.0257356
0.0104987
0.0272545
0.0390158
0.0124720
-0.0069241
-0.0031338
-0.0390597
-0.0327373
-0.0256903
-0.0294200
-0.0400407
-0.0341568
-0.0241832
-0.0162788
-0.0350465
-0.0284273
0.0124368
-0.0099606
0.0084723
-0.0003569
-0.0102648
-0.0240670
-0.0040466
0.0154340
0.0167922
-0.0079277
-0.0322462
-0.0178600
-0.0229679
-0.0213044
-0.0045096
0.0411371
0.0195638
0.0041254
0.0371686
0.0359303
-0.0229506
0.0184960
0.0391225
-0.0207968
-0.0424352
-0.0144851
-0.0228624
0.0228207
0.0034435
-0.0092857
0.0302019
-0.0279612
-0.0314950
-0.0190920
0.0121075
0.0304247
-0.0241586
-0.0302216
0.0315022
0.0207952
-0.0331693
0.0172487
-0.0138661
-0.0092133
0.0398186
0.0062623
-0.0186925
-0.0100897
-0.0100547
-0.0261778
0.0062874
-0.0129655
-0.0198828
-0.0010108
-0.0387797
0.0026133
0.0088191
0.0079567
-0.0190007
-0.0208080
-0.0013523
-0.0382949
-0.0021354
-0.0072670
0.0134543
0.0017753
0.0120448
0.0010687
0.0045981
0.0301517
0.0048051
0.0220432
-0.0230220
-0.0391536
-0.0118479
0.0497634
0.0385472
-0.0168878
0.0113970
0.0215368
-0.0185384
0.0076871
-0.0324325
-0.0379715
0.0094430
0.0231238
-0.0049103
0.0004577
0.0188199
-0.0299492
-0.0267769
0.0010381
0.0204433
0.0512661
0.0213147
-0.0070989
0.0021330
0.0230096
0.0482948
-0.0353953
-0.0640207
-0.0855921
-0.0456233
-0.0911620
-0.1364656
-0.0818941
0.0234283
0.1681013
0.2671230
0.2858108
0.1178055
-0.0923819
-0.2121637
-0.1784509
-0.0197049
0.0241132
0.0256840
0.0320844
0.0188771
-0.0125295
-0.0080701
0.0298007
0.0009395
-0.0114412
-0.0200901
-0.0218290
0.0081979
0.0026615
0.0034023
0.0226674
-0.0201334
-0.0287518
-0.0184018
-0.0406621
0.0405592
0.0329294
-0.0373259
-0.0190764
0.0055838
0.0185138
0.0178119
-0.0211599
-0.0138346
0.0096149
0.0333192
0.0245671
-0.0176206
-0.0455487
0.0026790
0.0158997
-0.0290426
0.0179097
0.0038990
-0.0075314
-0.0026197
-0.0232030
0.0176879
-0.0221693
0.0183082
0.0014023
0.0301521
-0.0181434
-0.0197069
-0.0340107
0.0017900
0.0161248
0.0049810
0.0104503
-0.0325441
0.0185032
-0.0038547
-0.0022368
0.0352193
-0.0044456
-0.0009655
0.0047140
0.0043747
0.0313858
-0.0146991
-0.0027295
-0.0095354
-0.0092168
0.0188599
-0.0042299
-0.0482039
0.0028389
0.0193460
0.0058627
0.0047844
-0.0343103
-0.0015801
0.0021206
0.0260110
0.0218018
-0.0126470
0.0159456
-0.0379472
-0.0056412
-0.0199071
-0.0085933
-0.0337220
0.0191444
-0.0133971
0.0204949
0.0018589
-0.0063806
0.0001440
-0.0175665
0.0122158
-0.0049626
0.0388341
-0.0177234
-0.0100296
0.0118777
0.0012687
0.0264061
0.0218147
-0.0283750
-0.0052340
0.0036504
0.0047949
-0.0217248
0.0171643
0.0260480
0.0416359
0.0025009
-0.0201706
-0.0079075
0.0019556
0.0298870
0.0161436
0.0214429
-0.0309865
-0.0094885
-0.0277334
-0.0139916
-0.0232245
-0.0322944
-0.0276516
-0.0273974
