0.3804934
0.3289857
0.1035823
-0.1938216
-0.3909896
-0.2620192
-0.0984551
0.0014010
-0.0097490
0.0765079
0.0537741
0.0312173
0.0282672
0.0303469
0.0111232
0.0113182
0.0202986
-0.0848304
-0.0694735
-0.0510486
-0.0397554
-0.0668305
-0.0097490
-0.0464943
-0.0154219
-0.0238371
-0.0158163
0.0674321
-0.0052740
0.0114802
0.0416987
0.0642261
0.0428524
0.0038415
0.0298483
-0.0243951
-0.0382291
0.0244084
-0.0714836
-0.0358866
0.0109509
-0.0121999
0.0337214
0.0163234
0.0200700
-0.0029746
0.0233272
0.0267266
0.0418557
-0.0046425
-0.0273441
-0.0588901
-0.0664713
0.0014411
-0.0306337
0.0154704
0.0973543
-0.0057853
0.0995714
0.0985848
0.0708547
0.1273459
0.1178258
-0.0001507
-0.0912598
-0.1735735
-0.1622477
-0.2054976
-0.1195484
-0.0718649
-0.0085284
0.0380788
0.1416161
0.3191004
0.3982521
0.3276279
0.0555925
-0.2325454
-0.3593940
-0.2795233
-0.1037882
-0.0617287
-0.0151732
0.0699817
0.0616672
0.1233603
0.0879491
0.0745728
0.0439163
-0.0076592
0.0046611
-0.0349394
-0.0814547
-0.1000836
-0.0589313
-0.0249409
-0.0898257
-0.0000375
0.0179409
-0.0147499
-0.0049431
0.0284573
0.0116593
0.0870199
-0.0175918
0.0118996
-0.0316973
-0.0540138
-0.0322837
-0.0384360
0.0287719
-0.0725801
-0.0278840
-0.0060643
0.0156844
-0.0273824
-0.0006562
0.0017260
0.0445526
0.0627284
0.0657489
0.0624712
0.0139515
-0.0612288
0.0140829
-0.0712461
-0.0105847
-0.0532829
-0.0710116
-0.0482054
-0.0455343
-0.0119056
0.0751648
0.0311382
0.0997171
0.0829826
0.0607556
0.0910244
-0.0005507
-0.0451732
-0.1061622
-0.1229326
-0.1063055
-0.1041791
-0.0615149
-0.0635505
-0.0204043
0.0605862
0.1361193
0.2978285
0.3657597
0.1769812
-0.1158383
-0.2498016
-0.3099859
-0.2368525
-0.0618097
0.0203838
-0.0070436
0.0126970
0.0478773
0.0434216
0.1166348
0.0529841
0.0474282
0.0150788
-0.0124742
0.0319487
-0.0881101
-0.0670496
-0.0173724
-0.0805826
-0.0192962
0.0483497
0.0497021
-0.0317750
0.0522849
-0.0320493
0.0476992
-0.0363580
-0.0483769
0.0144682
-0.0078558
-0.0642554
-0.0347296
-0.0033570
-0.0657640
0.0399267
-0.0414170
-0.0414920
-0.0250068
0.0603399
0.0844691
-0.0062343
0.0075601
-0.0203628
0.0312982
-0.0411739
-0.0399334
-0.0610164
-0.0719269
-0.0014590
-0.0189644
-0.0197414
-0.0127941
0.0638392
0.0058498
0.0792789
0.1292048
0.0573371
0.0361701
0.0584139
0.0327383
-0.0630028
-0.0802913
-0.1789080
-0.1702004
-0.1087425
-0.0339946
-0.0614931
-0.0471308
0.1239438
0.2172819
0.3979177
0.3143454
0.0867329
-0.1743257
-0.3140417
-0.2062219
-0.2498731
-0.0974266
-0.0072072
0.0232367
0.1082352
0.0510422
0.1182229
0.1153415
0.0924847
0.0633121
-0.0282557
-0.0539114
-0.0310256
-0.0430928
-0.0821187
-0.0807372
-0.0616450
0.0018742
-0.0576953
-0.0439712
-0.0222020
-0.0193878
0.0651388
0.0051098
0.0584689
0.0362746
0.0034814
0.0201509
-0.0223313
0.0291177
-0.0703243
-0.0509965
-0.0365639
-0.0042590
0.0625711
-0.0047821
0.0532783
0.0075383
0.0492807
0.0155669
0.0188759
0.0246561
-0.0165983
0.0033552
0.0220791
0.0068625
0.0022958
-0.0387227
-0.0128767
-0.0256502
-0.0475779
0.0072447
0.0125738
0.1085018
0.0793422
0.1297997
0.1024565
0.0635847
0.0477868
-0.0622884
-0.0335941
-0.1925075
-0.2005086
-0.0980665
-0.0813738
0.0004425
0.0122753
-0.0108905
0.1780397
0.2951330
0.2922865
0.2156333
-0.1322199
-0.3099353
-0.3607094
-0.2015617
-0.1088219
-0.0320318
0.0828954
0.0387025
0.0697262
0.0793931
0.1252138
0.0789856
0.0875687
0.0255408
-0.0115343
0.0117329
0.0007170
-0.0255903
-0.0247552
-0.0467111
0.0231894
0.0545057
-0.0297647
0.0165224
0.0185976
0.0676118
0.0575609
0.0176600
-0.0141270
-0.0425006
0.0343023
0.0024972
-0.0445617
-0.0682064
-0.0355514
-0.0073850
-0.0506264
-0.0438233
-0.0085814
0.0562187
0.0667849
0.0627802
0.0854693
-0.0158096
0.0171491
-0.0200341
-0.0417697
0.0369520
-0.0529524
-0.0158019
0.0156710
-0.0065963
0.0053923
-0.0646989
0.0166309
0.0922839
0.0213173
0.0567343
0.0779469
0.0101483
-0.0085695
-0.0347181
-0.1182869
-0.0971540
-0.1655464
-0.0792694
-0.0090786
-0.0777323
-0.0049344
-0.0797689
0.0355685
0.2733566
0.2993494
0.2000132
0.0288649
-0.1448384
-0.2709673
-0.2122408
-0.1443295
-0.0427021
-0.0385690
-0.0232857
0.0989259
0.0772829
0.0806647
0.1032084
0.0434938
-0.0010713
0.0142849
-0.0577832
-0.0543335
-0.0551229
-0.0435063
0.0136971
-0.0234783
-0.0012651
-0.0326630
0.0135652
0.0719099
0.0146527
0.0616792
0.0279735
0.0192023
0.0359025
-0.0074288
0.0112973
-0.0495353
-0.0231643
0.0189567
-0.0512271
-0.0660610
-0.0058383
0.0902383
-0.0170984
0.0191268
0.0352755
0.0186437
0.0897851
0.0371928
0.0826075
0.0251524
0.0419413
-0.0087642
-0.0111386
-0.0133620
-0.0650014
0.0164437
-0.0023695
0.0484198
0.0498188
0.0438104
0.0110074
0.1040746
0.0979518
0.0669730
0.0479691
-0.0101528
-0.0128177
-0.0507243
-0.1555762
-0.0814168
-0.1007464
-0.0412848
0.0189671
0.0088680
0.0431694
0.2124077
0.3704686
0.3912235
0.1497703
-0.0920122
-0.2636092
-0.3499579
-0.1960560
-0.0151006
-0.0070306
-0.0229389
0.0121417
0.0907655
0.1363371
0.1174112
0.1080345
0.0215081
-0.0063301
-0.0066529
-0.0746329
-0.0343082
-0.0313216
-0.0080410
0.0405711
-0.0375814
-0.0659949
-0.0105874
-0.0386508
0.0316387
0.0956332
0.0230921
0.0456325
-0.0098188
-0.0050409
0.0003908
-0.0307860
0.0109609
-0.0678536
-0.0230247
-0.0538228
-0.0074752
0.0167014
0.0049737
0.0754941
0.0316508
0.0601181
0.0395218
0.0156256
-0.0657975
-0.0432672
0.0372248
-0.0119773
-0.0655130
