0.2504471
0.2220324
0.1009100
-0.1705193
-0.2662953
-0.2955788
-0.1245682
-0.0377075
-0.0297272
0.0683333
0.0103546
0.0323315
0.0453439
0.1047164
0.0542528
0.0531735
0.0406377
-0.0381234
-0.0655306
-0.0194958
-0.0382526
0.0010446
-0.0729622
-0.0127727
-0.0223254
-0.0135046
0.0111903
0.0603159
0.0291624
0.0204661
-0.0152308
-0.0156910
-0.0294967
0.0409464
-0.0222652
-0.0315858
-0.0070468
-0.0169327
-0.0403675
-0.0363108
0.0219166
0.0199650
-0.0214787
-0.0488726
0.0318567
0.0098537
0.0073201
0.0052689
0.0428758
-0.0211613
-0.0769596
-0.0774488
-0.0596936
-0.0357373
-0.0411212
0.0289391
-0.0404408
0.0269199
0.0557981
0.0645698
0.0588978
0.1210230
0.0623407
0.0104452
0.0426377
-0.0377110
-0.0844378
-0.0985128
-0.1289214
-0.0259243
-0.0815552
-0.0166339
0.0135858
0.0919515
0.2636905
0.3416719
0.3486205
0.0447434
-0.1538336
-0.2136695
-0.2935373
-0.1614911
-0.0183420
0.0118487
0.0689764
0.0825432
0.1242082
0.1069012
0.1148669
0.0346470
0.0275779
0.0401950
0.0435313
-0.0370137
-0.0538893
0.0178474
-0.0166760
-0.0152211
-0.0479121
-0.0260221
0.0052997
0.0089489
0.0230022
0.0148197
-0.0304977
0.0090375
0.0033875
-0.0002673
-0.0486492
0.0133511
-0.0084666
-0.0838244
0.0188329
0.0298278
0.0252881
-0.0057875
-0.0388597
-0.0034019
-0.0031161
-0.0379885
0.0004005
0.0363238
0.0561285
0.0063323
-0.0356096
-0.0670191
-0.0523528
0.0133220
-0.0782458
-0.0266219
0.0045913
-0.0356284
0.0232110
0.0339671
0.0734130
0.0675741
0.1188932
0.0749820
0.0155807
0.0344401
-0.1042797
-0.0793384
-0.0527304
-0.0726189
-0.0744731
-0.0012604
-0.0351661
0.0292582
0.0558561
0.1615360
0.2917304
0.1822887
0.0425099
-0.1050883
-0.2658711
-0.1887546
-0.1177604
0.0304608
0.0389275
0.0325134
0.0370359
0.0279969
0.0306600
0.0237418
0.0446903
-0.0048971
-0.0092895
-0.0080606
0.0317837
-0.0357808
-0.0731707
0.0202767
-0.0579997
0.0140607
-0.0234879
-0.0255188
0.0083679
-0.0027281
0.0648512
0.0449122
-0.0127299
-0.0076597
0.0478472
0.0099923
-0.0179323
0.0083342
-0.0666084
-0.0373052
-0.0421452
-0.0487640
-0.0368045
-0.0027975
0.0602483
-0.0092837
0.0566251
0.0486676
0.0447683
-0.0075843
0.0492586
-0.0239090
0.0214196
-0.0210167
-0.0642122
-0.0234598
0.0055469
-0.0312808
0.0145831
0.0584136
-0.0117877
0.0629632
0.0594738
0.0794038
0.0593304
0.0616261
0.0262093
-0.0644987
-0.0672260
-0.1680541
-0.1671265
-0.0342376
-0.0198056
-0.0428947
-0.1052772
-0.0230755
0.1712386
0.3018206
0.3484660
0.1470240
-0.0455099
-0.2465522
-0.2113328
-0.2277959
-0.1036306
-0.0167393
0.0203562
0.1010224
0.0284212
0.0831494
0.1052918
0.0476802
-0.0156497
0.0358063
-0.0321219
-0.0198619
0.0327739
-0.0720896
-0.1059664
0.0121016
-0.0424627
0.0117240
0.0098286
0.0346654
0.0413255
0.0337466
0.1114106
-0.0255487
0.0373945
0.0164523
-0.0519818
-0.0171796
-0.0935879
0.0144681
-0.0245546
-0.0268550
0.0478292
0.0204147
-0.0465100
0.0271389
0.0208030
-0.0142637
0.0007123
0.0143997
0.0884227
-0.0163282
0.0142172
0.0095867
-0.0278127
-0.0105938
-0.0435765
-0.0713353
-0.0468540
-0.0632615
0.0554520
0.0655568
0.0409756
0.1315646
0.1232338
0.0691514
0.0102889
-0.0628698
-0.1013715
-0.0569945
-0.1192250
-0.0871399
-0.0460200
-0.0340838
-0.0206847
-0.0586157
0.1257595
0.2564155
0.2764357
0.1708365
-0.0512919
-0.1975480
-0.2487753
-0.1527525
-0.0759294
-0.0349367
-0.0098347
0.0117731
0.0548010
0.0440614
0.0648547
0.0518717
-0.0097841
0.0289683
0.0420130
0.0342051
-0.0268749
-0.0474128
-0.0873773
-0.0619988
0.0167577
0.0332025
0.0532289
0.0296007
-0.0170433
-0.0348069
0.0006408
0.0988805
0.0179830
-0.0045710
0.0415672
-0.0531469
-0.0036822
-0.0590674
-0.0060488
0.0053898
-0.0426078
-0.0045761
-0.0188601
-0.0276648
0.0243697
-0.0347921
-0.0262130
-0.0205224
0.0467273
0.0129014
0.0151889
0.0368801
0.0221754
-0.0682478
-0.0269485
-0.0312609
-0.0465340
-0.0155786
0.0287009
-0.0224889
0.0127904
0.0705512
0.0072286
0.0212584
0.0519386
0.0456755
-0.0297961
-0.0279187
-0.0167633
-0.0856021
-0.1463232
-0.0876735
-0.0769215
-0.0333038
-0.0965354
0.0479725
0.1667878
0.2171886
0.3133889
0.1887814
-0.0298347
-0.2421444
-0.2807600
-0.1370327
-0.0901365
-0.0585521
0.0572005
0.0338482
0.0519239
0.1036190
0.1058509
0.0226695
0.0699936
0.0557881
-0.0124851
-0.0442335
0.0164656
-0.0781062
-0.0562259
0.0090272
-0.0606188
-0.0155711
-0.0007558
0.0159734
-0.0172629
0.0613624
0.0291775
-0.0210321
-0.0072945
-0.0409150
-0.0202658
-0.0181217
0.0353237
-0.0411576
-0.0671895
0.0419942
0.0213312
0.0381355
-0.0130670
-0.0147334
-0.0302284
0.0264839
0.0641331
0.0250539
0.0491778
-0.0242053
-0.0673091
-0.0902841
-0.0009193
-0.0782082
-0.0565884
-0.0034246
-0.0096722
-0.0499451
0.0666872
0.0736800
0.1233414
0.0451995
0.0925119
0.1134372
0.0255035
-0.0319023
-0.0921980
-0.1148993
-0.0837450
-0.0616622
-0.0282351
-0.0004035
-0.0658614
-0.0639899
0.0369385
0.2862317
0.3063321
0.1761875
0.0231201
-0.1819801
-0.2437274
-0.1657809
-0.0733520
-0.0057498
-0.0319593
-0.0219115
0.0294566
0.0782955
0.0459690
0.0498574
0.0890248
0.0618248
-0.0023428
-0.0483995
-0.0409644
-0.0527792
-0.0113490
0.0033993
-0.0474911
0.0022651
-0.0046961
-0.0119317
0.0541796
0.0223449
0.0447102
-0.0091165
-0.0104489
0.0149452
-0.0079122
0.0221506
-0.0068482
0.0090533
-0.0159582
-0.0582154
-0.0154685
0.0335306
0.0064057
0.0464261
0.0546946
0.0584165
0.0077441
-0.0206341
0.0416188
0.0271850
0.0423337
-0.0583167
