0.3251010
0.3058081
0.1858287
-0.0593430
-0.2819407
-0.2631354
-0.1672745
-0.0592235
0.0317453
0.0216623
0.0015540
-0.0150645
0.0040878
0.0481485
0.0341325
0.0041052
0.0300961
0.0348784
-0.0159467
-0.0020103
0.0239201
0.0100330
-0.0172153
-0.0407932
-0.0172710
-0.0276531
-0.0242428
-0.0135380
-0.0346256
-0.0300597
-0.0067598
0.0382131
0.0032190
0.0182371
0.0272127
-0.0313767
0.0360417
0.0292585
-0.0211090
-0.0046500
0.0045187
0.0011140
-0.0209895
0.0028574
0.0292761
0.0069732
0.0125316
0.0309794
0.0367104
0.0372634
0.0072449
0.0264550
0.0123738
-0.0334252
0.0096410
0.0302502
0.0063811
-0.0259739
-0.0360487
-0.0086866
0.0053919
-0.0282977
-0.0482176
0.0084788
0.0149239
-0.0188402
0.0031095
0.0085493
-0.0209958
-0.0381484
-0.0308939
-0.0224952
0.0044126
0.0333416
-0.0017951
-0.0296691
0.0122259
0.0322519
-0.0078935
0.0020938
0.0343525
0.0137192
0.0211557
0.0135724
0.0094282
0.0206934
0.0132086
0.0304221
-0.0002920
-0.0066202
0.0266270
-0.0274966
-0.0294283
0.0280930
-0.0238527
-0.0354801
0.0225719
0.0108425
-0.0034071
0.0083807
0.0113393
-0.0059953
-0.0460156
-0.0028440
0.0152752
-0.0167898
0.0333157
0.0086287
-0.0011403
0.0309282
0.0191386
-0.0046477
-0.0400643
-0.0293883
-0.0334159
-0.0033133
0.0083922
-0.0148720
0.0271562
0.0089580
-0.0090325
0.0368904
0.0151362
-0.0362378
-0.0111529
0.0360818
0.0257393
-0.0207962
-0.0184306
0.0125456
0.0325858
0.0281520
-0.0162820
-0.0295879
-0.0459422
-0.0109202
0.0243213
-0.0367609
-0.0358192
0.0041247
0.0221480
-0.0063903
-0.0087817
0.0329224
-0.0127859
-0.0219613
0.0368009
0.0170404
-0.0072391
-0.0171398
-0.0363786
-0.0038643
-0.0131917
-0.0243344
-0.0211443
-0.0161088
0.0257599
-0.0143728
-0.0491813
0.0016797
0.0076185
0.0012879
0.0479372
0.0317480
-0.0238159
-0.0221761
-0.0376114
-0.0133646
0.0158122
-0.0342219
-0.0235279
-0.0036545
-0.0148561
-0.0130817
-0.0172395
0.0153136
0.0240346
-0.0133341
0.0104310
-0.0046315
-0.0390193
0.0033888
0.0296432
0.0428954
0.0200389
0.0272388
0.0712266
0.0393674
-0.0109923
-0.0211296
-0.0138005
-0.0353080
-0.0616505
-0.0973591
-0.1202186
-0.1347959
-0.1659900
-0.0542147
0.1002276
0.2354170
0.3811565
0.3134768
0.0712727
-0.1403494
-0.2378551
-0.2531066
-0.1622589
-0.0088044
0.0659385
0.0695534
-0.0112528
-0.0372268
0.0309528
0.0261518
0.0220433
0.0573525
0.0479411
0.0144815
-0.0138167
-0.0159797
0.0108941
0.0080123
-0.0060429
-0.0141078
-0.0420745
-0.0430934
-0.0101817
0.0077118
0.0200416
0.0134624
-0.0202050
-0.0138792
0.0122954
-0.0227237
-0.0385904
0.0219708
0.0165660
-0.0282179
0.0001277
0.0081366
0.0009619
0.0321701
-0.0039400
-0.0376750
0.0058166
0.0088522
-0.0179667
-0.0099418
0.0090133
-0.0035119
-0.0147371
0.0332085
0.0443133
-0.0168432
0.0053524
0.0490374
0.0252456
-0.0014621
0.0127784
0.0199579
-0.0389398
-0.0010175
0.0103343
-0.0194672
0.0175951
-0.0256536
-0.0109834
0.0113791
-0.0253149
0.0049193
0.0139135
-0.0214749
-0.0348585
-0.0253695
0.0135040
-0.0023258
-0.0172963
0.0374510
0.0137384
-0.0066624
0.0210001
0.0174299
0.0053164
-0.0065188
-0.0294870
-0.0304389
0.0206395
0.0154170
-0.0138174
0.0217678
0.0225396
-0.0124750
-0.0124621
0.0078985
-0.0113207
0.0025924
0.0143332
-0.0292408
0.0214772
0.0172917
-0.0363999
-0.0314379
-0.0230571
0.0341042
0.0271431
-0.0169703
0.0213640
0.0172239
-0.0313790
-0.0248669
-0.0011096
0.0296746
0.0162766
-0.0174499
-0.0038423
-0.0094648
-0.0293524
-0.0195036
0.0179869
0.0315413
0.0223167
-0.0069748
-0.0073939
0.0374034
-0.0079971
0.0039174
0.0093413
-0.0386567
-0.0136129
-0.0395446
-0.0000609
-0.0055331
-0.0070906
0.0121923
-0.0330799
0.0267995
-0.0109460
-0.0171592
0.0355394
0.0015823
-0.0036369
-0.0079594
-0.0103638
-0.0307106
-0.0102828
0.0093875
-0.0414144
-0.0097271
0.0420833
-0.0147078
-0.0214132
0.0337428
0.0343336
0.0143276
0.0032038
0.0085504
0.0016104
0.0124429
0.0213772
-0.0022034
-0.0251867
-0.0377219
0.0106725
0.0165263
-0.0014810
0.0300276
0.0329015
0.0361734
0.0321305
0.0067589
-0.0326250
-0.0348522
0.0227740
0.0142972
-0.0270845
0.0031841
-0.0160007
-0.0480031
-0.0084327
0.0224795
0.0394850
0.0133641
0.0264418
0.0641996
0.0234886
0.0026874
0.0050916
-0.0093897
0.0186012
0.0353334
0.0017538
-0.0529006
-0.0913666
-0.0543540
-0.0603044
-0.1226970
-0.1231568
-0.0360162
0.1038264
0.2354299
0.3282697
0.2767068
0.0880343
-0.0708119
-0.1909007
-0.2417125
-0.1183598
0.0163412
0.0332813
-0.0169510
-0.0319733
0.0220548
0.0198321
0.0183376
0.0713355
0.0342971
0.0004984
0.0223586
-0.0202038
0.0039800
0.0475742
0.0033784
-0.0325915
-0.0485491
-0.0516612
-0.0315305
-0.0003955
-0.0452137
-0.0150165
0.0317769
-0.0339170
0.0156405
0.0200542
-0.0022877
0.0114410
-0.0285806
-0.0119720
0.0092112
0.0281259
-0.0035978
-0.0322209
-0.0013116
-0.0321086
-0.0420576
0.0018252
-0.0266069
-0.0365486
-0.0308131
-0.0281317
0.0020882
-0.0304823
0.0101931
0.0243810
-0.0406442
-0.0225300
0.0019571
-0.0250198
-0.0496092
0.0259565
0.0164459
-0.0167101
0.0363070
-0.0109780
-0.0186534
-0.0095955
-0.0098390
0.0058964
-0.0055644
-0.0077514
-0.0365208
0.0019757
0.0278012
-0.0154725
-0.0118821
0.0038779
0.0315638
0.0514152
-0.0040153
0.0074938
0.0365578
0.0134208
0.0118806
-0.0295542
0.0179736
0.0182841
-0.0533486
-0.0316421
-0.0342413
-0.0289477
-0.0298715
-0.0145331
0.0110622
-0.0000755
-0.0077621
-0.0069863
0.0155445
-0.0206047
-0.0312113
-0.0132223
-0.0000158
