0.3894242
0.4421947
0.1825392
-0.1514058
-0.3716864
-0.4783129
-0.4107796
-0.1278729
0.1206836
0.1398305
0.1176934
0.1380707
0.1068439
0.0563645
0.0583774
0.0917916
0.0129097
-0.0529507
-0.0476755
-0.0543286
0.0210119
-0.0526258
-0.0327029
0.0216663
-0.0651551
-0.0126269
0.0199055
-0.0338338
-0.0534570
0.0200662
0.0211794
-0.0446158
-0.0225994
-0.0086355
0.0191311
0.0529379
-0.0000788
0.0380537
0.0010182
-0.0392361
0.0189023
-0.0030083
0.0234182
0.0341043
0.0263046
0.0358318
0.0644443
-0.0223406
-0.0370101
0.0179382
-0.0378417
0.0270256
-0.0439567
-0.0799362
0.0271651
0.0441025
0.0360706
0.0491476
0.0738098
0.0814683
0.1190503
0.0421624
0.0108178
0.0347699
0.0423741
0.0339028
-0.0814070
-0.0784305
-0.0811473
-0.0951098
-0.1409110
-0.1178114
-0.0540008
-0.0839264
0.0494232
0.2275924
0.4173420
0.4550832
0.2135874
-0.0779448
-0.3435051
-0.5116062
-0.4499176
-0.1744391
0.1272257
0.2053586
0.1230562
0.0508390
0.0130840
0.0481374
0.0828140
0.0262896
-0.0337258
0.0265501
-0.0273432
-0.0848647
-0.0344285
-0.0543464
-0.0450600
-0.0621439
0.0034015
0.0578321
0.0220066
0.0484020
0.0455648
0.0043697
-0.0289216
-0.0441559
-0.0020267
0.0352890
0.0497354
0.0453262
-0.0267997
-0.0392716
0.0318158
0.0366940
0.0166614
0.0224893
-0.0347376
-0.0319073
0.0011751
-0.0354431
0.0231258
0.0578061
0.0043203
-0.0409955
-0.0238906
-0.0153156
-0.0368890
0.0224247
0.0234232
-0.0193866
0.0303629
0.0024884
0.0037754
0.0516025
0.0149008
0.0651353
0.0954375
0.0398367
-0.0222490
-0.0078591
-0.0263009
-0.1269884
-0.1299056
-0.1040375
-0.1156735
-0.0892670
-0.0489664
-0.0523590
0.0007578
0.1838455
0.4273435
0.4920573
0.2803679
0.0269603
-0.2857497
-0.4661352
-0.3844650
-0.2020787
0.0650240
0.1902823
0.1210249
0.0724507
0.0853004
0.0979138
0.0549112
0.0333457
0.0258819
-0.0376553
-0.0228794
-0.0071678
0.0273672
-0.0303659
-0.0700743
0.0133341
-0.0336509
-0.0271288
0.0321236
0.0262384
0.0343280
-0.0121341
-0.0058329
0.0406407
-0.0191193
-0.0305553
-0.0207325
0.0059059
-0.0173625
-0.0603639
-0.0028318
0.0541737
0.0506252
0.0152233
0.0172590
0.0096597
0.0185012
0.0498494
0.0457870
0.0173900
-0.0013779
0.0063592
-0.0358190
-0.0601581
0.0127606
-0.0191286
-0.0714990
-0.0157604
-0.0277465
-0.0192518
0.0548291
0.0882561
0.0698840
0.0804112
0.0880062
-0.0010522
-0.0170551
0.0453543
-0.0218021
-0.0807972
-0.1304521
-0.1598120
-0.0719520
-0.0482262
-0.0565274
-0.0376262
0.0009375
0.1841953
0.3159702
0.3470783
0.3488022
0.0869862
-0.2391865
-0.3883123
-0.4473908
-0.2996071
-0.0396233
0.0721649
0.1612263
0.1621097
0.0440479
0.0500701
0.0615572
0.0876599
0.0550202
-0.0260086
0.0158914
-0.0447481
-0.0704085
0.0328290
-0.0258492
-0.0035767
-0.0248589
-0.0651364
0.0331080
0.0224735
0.0101484
-0.0575475
0.0392824
0.0089091
0.0012717
0.0411369
-0.0171530
0.0696233
-0.0290390
0.0234984
0.0469966
-0.0362053
0.0041441
0.0246148
0.0131484
-0.0357178
-0.0372974
-0.0593960
-0.0650469
-0.0338064
0.0118872
-0.0106619
-0.0365467
0.0412054
0.0388810
0.0367140
0.0569816
0.0437979
0.0522735
0.0567863
0.0092557
-0.0303129
-0.0266179
-0.0952383
-0.1366297
-0.0999650
-0.1495839
-0.1323256
-0.0734798
-0.0982502
-0.0017671
0.0932318
0.2244721
0.3316027
0.3826091
0.2869668
-0.0610565
-0.3198447
-0.4421679
-0.3585764
-0.1762234
0.0680592
0.1655997
0.0983498
0.1177308
0.0492930
0.0601922
0.1200854
0.0401813
-0.0070439
-0.0339511
-0.0506904
-0.0012749
0.0051674
0.0208444
0.0236054
-0.0188666
0.0376733
-0.0068133
-0.0343052
0.0417683
-0.0443054
0.0078328
0.0577802
0.0237876
0.0557709
0.0004715
0.0027318
0.0393553
-0.0082159
0.0277444
0.0178911
-0.0441581
0.0021025
-0.0172893
0.0033522
0.0525720
-0.0384186
-0.0264779
-0.0382306
-0.0123289
0.0655394
0.0111335
-0.0148230
0.0144912
0.0285643
-0.0164683
0.0133183
-0.0106031
-0.0271958
-0.0111640
-0.0215815
0.0729997
0.0455000
-0.0123486
0.0335076
0.0465595
0.0484087
-0.0060705
-0.0299088
0.0145775
-0.0697194
-0.1033277
-0.0896333
-0.1245823
-0.1235986
-0.0982398
-0.0058496
0.0431147
0.1055490
0.3660312
0.4191728
0.2486276
0.0518569
-0.2712880
-0.4601353
-0.4065707
-0.2486092
-0.0182006
0.1636940
0.2195592
0.0933398
0.0478409
0.0907024
0.0076238
0.0688679
0.0181728
-0.0278557
-0.0043129
-0.0571123
0.0393250
0.0198041
-0.0820813
0.0145010
0.0207479
-0.0171117
0.0245699
0.0140055
0.0113429
0.0071846
0.0163509
0.0523635
0.0423628
-0.0601986
0.0097420
0.0372378
-0.0500666
0.0249161
-0.0308276
-0.0679614
0.0174176
0.0113313
-0.0043079
-0.0070297
0.0191218
0.0504332
-0.0348731
-0.0678800
-0.0233244
-0.0477039
-0.0149419
0.0136304
-0.0321225
-0.0548670
-0.0647296
-0.0031039
-0.0105858
-0.0125997
-0.0155640
0.0254167
0.1041389
0.0378514
0.0493801
0.0031978
-0.0333517
-0.0411741
-0.0751276
-0.1147832
-0.1601277
-0.1446598
-0.1641701
-0.0713185
-0.0689014
-0.0760153
0.0757900
0.2655728
0.3956707
0.3799677
0.2862890
-0.0731642
-0.4006244
-0.5021629
-0.4217692
-0.1072347
0.1117206
0.1346198
0.1192717
0.0783827
0.0322099
0.0455086
0.0599883
0.0644926
0.0322218
-0.0141975
0.0208215
0.0017204
-0.0031856
-0.0035858
-0.0186445
-0.0485576
-0.0398600
0.0511887
-0.0346099
-0.0051936
0.0492867
-0.0245869
0.0481616
0.0406548
-0.0501454
0.0403605
0.0692848
-0.0350697
-0.0177747
0.0246085
-0.0321026
-0.0417739
-0.0245498
-0.0235745
0.0320480
0.0037846
0.0129183
0.0248320
-0.0517736
-0.0124181
