0.3408700
0.3115797
0.1663831
-0.1201137
-0.2605184
-0.2681652
-0.1973450
-0.0104932
0.0460615
0.0229720
0.0196992
-0.0026815
0.0292430
0.0371205
0.0019288
-0.0078945
-0.0183683
0.0323856
0.0457079
0.0062065
-0.0233333
0.0074882
0.0152367
-0.0343225
-0.0096421
-0.0093524
0.0175885
-0.0001698
-0.0203213
0.0038909
-0.0177318
0.0268137
0.0071762
-0.0196872
0.0031348
-0.0075928
0.0007403
0.0155000
0.0264419
0.0116911
-0.0377273
-0.0125087
0.0470249
0.0119763
-0.0039554
-0.0001113
-0.0414735
-0.0006537
0.0136484
-0.0057840
0.0117485
0.0112373
-0.0099466
-0.0339848
0.0163075
0.0131635
0.0133115
0.0288426
-0.0158897
-0.0180408
-0.0310494
-0.0099177
0.0422681
-0.0197627
-0.0076992
0.0134211
-0.0318971
0.0353835
0.0181512
-0.0049396
-0.0021142
-0.0422105
0.0108489
0.0281823
-0.0254037
-0.0055839
-0.0007213
-0.0326384
-0.0220250
-0.0073463
-0.0305719
-0.0367037
0.0219041
0.0376266
0.0088503
-0.0003469
0.0067436
0.0193524
0.0157148
-0.0022249
0.0102735
0.0404721
0.0005525
-0.0373652
-0.0090824
-0.0133233
-0.0107522
0.0186510
-0.0103285
-0.0028607
0.0050438
-0.0406746
-0.0259976
-0.0203438
-0.0292714
0.0099555
-0.0117375
-0.0167568
0.0048008
-0.0059965
0.0215640
0.0175572
0.0239984
0.0392109
-0.0082493
-0.0406432
-0.0057353
0.0352077
0.0133040
-0.0219342
-0.0040812
-0.0133856
-0.0442079
-0.0225185
-0.0182986
-0.0174113
0.0106687
0.0047149
0.0324746
0.0090935
-0.0119552
0.0189494
-0.0342687
-0.0446222
-0.0418261
-0.0064482
0.0290460
0.0374087
0.0309898
-0.0188115
-0.0078925
-0.0045809
0.0217559
0.0201710
-0.0424242
-0.0081557
0.0151986
-0.0334001
-0.0131419
0.0018718
-0.0438916
-0.0124385
0.0164713
0.0123637
0.0287952
-0.0092396
-0.0008026
0.0023379
0.0102847
0.0265216
-0.0014056
0.0091653
-0.0107608
0.0161398
0.0570804
0.0308195
0.0510989
0.0226814
-0.0335381
0.0186593
-0.0158737
-0.0633922
0.0030472
0.0024409
-0.0459505
-0.0212116
0.0166411
0.0144002
0.0126824
-0.0028024
-0.0212595
0.0259998
0.0529325
0.0191014
0.0307855
0.0266829
0.0121708
-0.0033127
-0.0312183
-0.0403724
-0.0582877
-0.0656527
-0.0900296
-0.1230191
-0.1742181
-0.1459893
0.0520939
0.2724367
0.3749877
0.3214802
0.1641421
-0.0935857
-0.2955825
-0.2857159
-0.1913556
-0.0533365
0.0794282
0.0539874
-0.0214104
-0.0415294
-0.0174186
0.0408036
0.0351500
-0.0031320
-0.0104317
-0.0045581
0.0019575
0.0094212
-0.0279968
-0.0514416
0.0003916
-0.0118229
-0.0402215
-0.0193020
-0.0054940
-0.0233202
-0.0428221
0.0162265
0.0431461
-0.0140825
-0.0145426
0.0517561
0.0257861
-0.0144230
0.0258743
0.0088038
0.0013526
-0.0166368
-0.0354403
-0.0012262
-0.0068918
-0.0225042
-0.0263752
0.0057751
0.0266936
0.0115452
-0.0039597
-0.0277973
-0.0155430
0.0023244
-0.0305656
-0.0090586
0.0398730
0.0207932
0.0031149
-0.0106553
-0.0236395
0.0194948
0.0429722
0.0093084
-0.0342786
-0.0167514
0.0369151
0.0350675
0.0296291
0.0043730
-0.0100554
0.0228955
0.0042831
-0.0146783
0.0247468
0.0319210
0.0051541
-0.0259706
-0.0305263
-0.0229106
-0.0313905
0.0029687
0.0100484
-0.0263695
0.0135528
0.0025494
-0.0456794
-0.0087983
-0.0037956
-0.0136295
-0.0131338
-0.0106194
0.0304812
0.0161955
-0.0312010
0.0111149
0.0201983
-0.0220426
0.0152237
0.0082504
-0.0124601
0.0122943
0.0008123
-0.0033206
-0.0216322
-0.0180658
-0.0113665
0.0259558
0.0152363
-0.0259576
-0.0074313
-0.0375467
0.0183702
0.0114342
0.0061631
0.0385008
0.0226412
0.0287547
-0.0318663
0.0091538
-0.0162242
-0.0122748
0.0159834
-0.0275371
0.0024525
-0.0337352
0.0144685
0.0389398
-0.0182560
-0.0150430
-0.0319006
-0.0150081
0.0333092
0.0256769
0.0292864
0.0168244
0.0042008
0.0018176
-0.0371866
-0.0311126
-0.0004566
0.0216123
0.0063618
-0.0128229
-0.0015664
0.0279700
0.0265078
-0.0230506
-0.0314049
-0.0433071
0.0073894
0.0086896
-0.0352825
0.0026843
-0.0219448
-0.0082072
-0.0221331
-0.0416429
0.0109847
0.0109727
-0.0183564
-0.0184585
0.0112793
0.0021797
-0.0293008
-0.0262703
-0.0235887
-0.0046517
0.0195747
0.0095854
0.0294815
0.0038491
-0.0390412
-0.0238696
-0.0006727
-0.0037552
-0.0486631
-0.0487355
-0.0330419
-0.0130354
-0.0265855
-0.0316788
-0.0058665
-0.0176157
0.0457637
0.0588169
0.0295348
0.0351182
-0.0011643
0.0028342
0.0031856
-0.0546079
-0.0730185
-0.0864329
-0.0421287
-0.0689852
-0.1650700
-0.1373940
-0.0903033
0.1145031
0.3180825
0.4089122
0.2814592
-0.0345645
-0.2112854
-0.2997967
-0.1996070
-0.0323949
0.0548461
0.0614024
0.0117437
-0.0115266
-0.0144315
0.0594954
0.0839590
0.0638495
0.0465192
0.0174773
0.0319236
0.0236445
0.0002216
0.0087000
0.0129872
-0.0074557
-0.0437028
-0.0229353
0.0126690
-0.0204469
-0.0058883
0.0031279
0.0232290
0.0113346
-0.0172340
0.0325162
0.0024421
0.0057074
0.0273697
0.0188479
-0.0020299
-0.0011032
0.0163266
-0.0336441
-0.0217332
-0.0318766
-0.0386377
0.0036786
0.0040413
0.0034209
-0.0010240
0.0154297
0.0198829
-0.0213621
0.0177652
0.0266115
-0.0319064
-0.0184602
-0.0330649
-0.0292558
-0.0164141
0.0102120
0.0149121
-0.0231540
0.0116590
0.0149267
0.0122006
0.0348512
-0.0160404
-0.0314228
0.0124908
-0.0215228
-0.0423260
0.0143744
0.0415511
0.0298240
0.0227228
0.0333930
0.0358581
0.0148611
0.0088216
-0.0066689
-0.0266992
-0.0440444
-0.0188365
0.0191313
-0.0060855
-0.0162718
-0.0254083
-0.0313229
-0.0176311
-0.0150578
-0.0245596
-0.0160138
0.0002684
-0.0320283
-0.0184920
0.0036057
-0.0044821
-0.0006654
0.0083616
0.0294741
0.0143430
0.0219058
-0.0044103
-0.0462048
