0.2714554
0.1953200
-0.0671414
-0.1770573
-0.2525647
-0.1452978
-0.0134065
0.0414545
-0.0029304
-0.0469518
0.0912637
0.0971190
0.0584288
0.0251162
-0.0087779
0.0152045
0.0371218
-0.0049554
-0.0754619
-0.0518407
-0.0453704
-0.0952037
0.0093605
0.0081790
0.0255613
0.0764181
0.0257408
0.0752922
-0.0119324
-0.0064003
0.0172018
-0.0073613
0.0295727
0.0183737
-0.0470964
-0.0525581
-0.0186691
-0.0180250
-0.0337596
-0.0271634
-0.0455236
0.0212534
0.0108192
-0.0069763
0.0956735
0.0365145
-0.0152622
0.0370525
-0.0032431
-0.0042673
0.0000345
-0.0352711
0.0322692
0.0083458
0.0189347
0.0591478
0.0535536
0.0430959
0.0392970
0.1031371
0.0858393
0.0227327
0.0167924
-0.0149141
-0.0964076
-0.2071689
-0.0886112
-0.0210059
0.0465612
0.0495511
-0.0173144
-0.0017090
0.1490044
0.2715749
0.3151308
0.2291733
-0.0427540
-0.2206873
-0.2871562
-0.2300165
-0.0792182
0.0552259
0.0182821
0.1056150
0.0948203
0.0313303
0.1096934
0.0932244
0.0358982
0.0340849
-0.0402442
-0.0667735
0.0088990
-0.0773185
-0.0752012
-0.0358585
-0.0422540
0.0271288
0.0504457
0.0421601
-0.0346051
0.0165979
0.0240811
-0.0331144
-0.0017447
0.0233204
0.0513842
-0.0269461
0.0054118
0.0081400
-0.0378716
0.0197890
-0.0121571
-0.0263183
0.0277586
0.0503924
-0.0136654
0.0554143
-0.0172456
-0.0140367
0.0513492
-0.0425365
0.0042716
-0.0310518
0.0250819
0.0144905
-0.0247399
0.0104507
-0.0124621
-0.0242012
-0.0394397
-0.0048202
0.0511615
0.0953551
0.1074145
0.0504113
0.1035474
-0.0017045
-0.0577418
-0.0093397
-0.0557911
-0.0624835
-0.1135963
0.0104512
-0.0784719
-0.0610289
-0.0776361
0.0818119
0.2770088
0.3665163
0.2448799
-0.0352866
-0.1972993
-0.2509823
-0.1935326
-0.1003382
-0.0198830
0.0749300
0.0483009
-0.0043637
0.0523042
0.0650138
0.0479673
0.0231206
-0.0343908
-0.0626579
0.0305993
-0.0072591
-0.0015270
0.0159939
-0.0194240
-0.0579365
-0.0416004
0.0510766
0.0608389
0.0631136
-0.0257974
0.0624803
0.0206258
-0.0012913
0.0209752
-0.0039873
-0.0073382
-0.0272077
-0.0409809
0.0397383
-0.0564934
0.0174260
-0.0030278
0.0125855
-0.0334310
0.0444175
0.0943545
0.0215993
-0.0202679
-0.0387464
-0.0238971
-0.0488324
-0.0276793
-0.0193364
0.0030344
-0.0118059
0.0009111
0.0088503
0.0332932
0.0642063
0.0767486
0.0389021
0.0868615
0.1601739
0.0396933
0.0510391
-0.0446467
-0.1530415
-0.1659588
-0.0989621
-0.0474094
-0.0337385
0.0232453
-0.0754602
-0.1670776
-0.0279205
0.1346075
0.3068499
0.2934664
0.0904142
-0.0565176
-0.1855577
-0.1917408
-0.1247776
-0.0251407
-0.0019346
-0.0749904
0.0761347
0.0573757
0.0815531
0.0758044
0.0321005
0.1102184
0.0277150
-0.0102315
-0.0600118
-0.0893778
-0.0604979
-0.0418086
-0.0502330
-0.0282883
-0.0246167
0.0507538
0.0195391
0.0061681
0.0934580
0.0080139
-0.0205475
-0.0029090
-0.0306676
-0.0366937
-0.0203500
0.0132832
-0.0045148
-0.0514149
0.0049491
0.0024532
-0.0064609
0.0704987
0.0354656
0.0220724
-0.0231708
0.0033320
0.0366859
0.0100519
0.0615180
0.0323639
-0.0219052
-0.0792941
0.0003945
-0.0464104
-0.0692319
0.0111746
-0.0353577
-0.0167813
0.0531565
0.0363029
0.0861847
0.0842112
0.0234574
0.0867466
-0.0102504
0.0241424
-0.0737193
-0.1284017
-0.0632331
-0.1349688
-0.0212766
0.0037404
-0.0654625
0.0768832
0.2091401
0.2488920
0.2083044
0.0349681
-0.2132171
-0.2785009
-0.2739626
-0.0766553
-0.0481287
0.0005913
0.0626192
0.0054786
0.0383602
0.0570489
0.1052139
0.0411645
0.0606997
0.0224974
-0.0553133
-0.0525054
-0.0233997
-0.0285398
-0.0104546
-0.0739722
0.0005980
-0.0311792
-0.0040337
0.0208681
0.0622439
0.0208515
0.0162682
-0.0200431
-0.0191677
-0.0175440
0.0427544
-0.0422589
-0.0172951
-0.0117240
-0.0182918
-0.0482161
-0.0207654
0.0272471
0.0131251
-0.0364592
-0.0332307
0.0391523
0.0007812
0.0101838
0.0097343
0.0430125
-0.0476950
-0.0745808
-0.0799248
-0.0465174
-0.0434226
-0.0220197
0.0218176
-0.0440252
0.0509486
0.0499717
0.0694413
0.0629749
0.1308598
0.0283770
0.0274464
0.0270204
-0.0550427
-0.0868085
-0.1107294
-0.1109819
-0.0200197
-0.0916931
0.0134611
0.0059859
0.1475731
0.2803383
0.3669826
0.2929382
-0.0306034
-0.1681135
-0.2393968
-0.2832146
-0.1115960
-0.0080891
0.0249215
0.0764142
0.0894988
0.1282874
0.1027291
0.1094098
0.0124490
0.0433829
0.0319153
0.0436396
-0.0692701
-0.0212149
0.0053520
-0.0111748
-0.0277257
-0.0435759
-0.0206985
0.0127528
0.0055190
0.0317260
-0.0031106
-0.0233392
0.0120084
0.0025351
-0.0096878
-0.0480659
0.0317019
-0.0431994
-0.0638306
0.0321323
0.0268182
0.0222390
-0.0182379
-0.0353341
0.0052457
-0.0148027
-0.0346558
0.0127258
0.0424145
0.0525396
-0.0115973
-0.0384520
-0.0774952
-0.0264613
-0.0021374
-0.0855372
-0.0017461
-0.0118600
-0.0248599
0.0309031
0.0394807
0.0790861
0.0688731
0.1316003
0.0393993
0.0350947
-0.0011867
-0.1109876
-0.0699525
-0.0494921
-0.0866858
-0.0493332
-0.0082496
-0.0265581
0.0410156
0.0684471
0.2038716
0.2895101
0.1348316
0.0208800
-0.1641616
-0.2581756
-0.1722058
-0.0834808
0.0499203
0.0294160
0.0388021
0.0311976
0.0317471
0.0250594
0.0316842
0.0366502
-0.0126067
-0.0071628
-0.0031296
0.0342970
-0.0688935
-0.0407639
0.0054513
-0.0534367
0.0230672
-0.0404738
-0.0082525
0.0010383
0.0110898
0.0721807
0.0274810
-0.0184128
0.0053415
0.0512664
-0.0092440
-0.0050064
-0.0073126
-0.0710869
-0.0276488
-0.0520363
-0.0402732
-0.0401830
0.0253095
0.0425297
-0.0012368
0.0625859
0.0492956
0.0287215
0.0037272
0.0407757
-0.0276202
0.0293258
-0.0443007
