0.3102922
0.2685565
0.0869962
-0.0998638
-0.1591775
-0.1668302
-0.0999048
-0.0156395
0.0045329
-0.0255588
-0.0501004
0.0054120
0.0129384
-0.0038702
0.0232252
0.0155924
0.0010374
0.0077243
0.0180831
0.0219648
0.0058957
0.0160200
0.0113507
-0.0293651
-0.0013747
0.0091303
-0.0013843
-0.0076624
-0.0148016
-0.0063787
-0.0322866
0.0025962
0.0233657
0.0143037
0.0246506
-0.0049645
-0.0051600
0.0105693
0.0267638
0.0079952
-0.0119848
-0.0099954
-0.0280185
0.0035848
0.0069879
-0.0093193
-0.0003003
0.0115862
0.0193049
-0.0154356
-0.0210814
-0.0288863
-0.0119030
0.0194991
-0.0077342
-0.0103052
-0.0157680
-0.0156279
-0.0112353
0.0038302
0.0118495
-0.0187222
0.0100140
0.0278506
0.0105524
0.0093745
-0.0300148
-0.0302307
0.0129168
-0.0145650
-0.0002998
0.0304798
0.0204329
0.0272739
0.0036636
0.0085303
0.0209745
0.0197797
0.0175661
-0.0034858
0.0069499
0.0133945
0.0021026
0.0192028
0.0210217
0.0051635
0.0195586
0.0236052
0.0086627
0.0054377
0.0044358
0.0048726
-0.0041537
-0.0031799
0.0180052
-0.0046791
-0.0053727
0.0324133
0.0173317
-0.0033915
0.0112203
0.0228212
-0.0018142
-0.0122954
-0.0113182
-0.0215475
-0.0091291
-0.0177732
-0.0269896
-0.0155388
0.0093698
0.0170689
-0.0139972
-0.0025324
0.0131586
0.0043423
-0.0019345
0.0041783
0.0212085
0.0196992
0.0342907
0.0373984
0.0334375
0.0360997
0.0204279
0.0193579
0.0128054
0.0088096
-0.0019879
-0.0129293
-0.0283921
-0.0468774
-0.0112927
-0.0166399
-0.0391287
0.0012115
0.0190744
0.0228467
0.0454713
0.0523822
0.0698815
0.0772291
0.0613623
0.0464674
0.0023425
-0.0092490
0.0130192
-0.0403495
-0.1237405
-0.1587889
-0.1808270
-0.1476555
-0.0201026
0.1079785
0.2114187
0.2510360
0.1752734
0.0795975
-0.0148120
-0.1086317
-0.1026810
-0.0784000
-0.0882326
-0.0539331
-0.0447707
-0.0393901
-0.0083110
-0.0164526
-0.0016796
0.0374978
0.0338306
0.0450497
0.0668374
0.0441413
0.0262436
0.0246293
-0.0063338
-0.0369117
-0.0143803
0.0002174
-0.0112661
0.0029051
0.0014691
-0.0136581
0.0029625
-0.0067577
-0.0076531
0.0230172
-0.0057439
-0.0240526
0.0200522
0.0368685
0.0019956
0.0014565
0.0193445
0.0040109
-0.0033221
-0.0313593
-0.0085693
0.0155535
-0.0338368
-0.0155184
0.0185713
0.0179317
0.0166133
-0.0083027
-0.0169772
-0.0059813
-0.0065313
0.0065211
0.0026537
0.0056338
0.0078113
-0.0095607
0.0114907
0.0097952
0.0053586
-0.0035669
-0.0284200
-0.0065830
0.0164729
0.0173613
0.0138282
0.0200219
0.0188814
0.0166516
0.0048651
-0.0229682
0.0079372
0.0313481
-0.0068492
-0.0161107
-0.0181707
-0.0249576
0.0031684
-0.0033746
0.0009529
0.0192966
0.0062950
0.0205297
0.0148277
-0.0010139
-0.0165361
-0.0100328
-0.0101852
-0.0183078
0.0165778
-0.0080282
0.0050158
0.0073328
-0.0202158
0.0194784
0.0091461
0.0182168
0.0183661
-0.0253412
-0.0227868
-0.0271992
-0.0289300
0.0179668
0.0327457
-0.0028583
-0.0139173
0.0108215
0.0151937
-0.0016172
0.0146725
0.0008145
-0.0190638
-0.0222199
-0.0032068
0.0253481
-0.0235228
-0.0107278
0.0147650
-0.0184563
0.0262003
0.0327005
-0.0105057
0.0284311
0.0156955
-0.0021580
0.0250462
0.0039126
0.0166604
0.0016642
-0.0228026
-0.0282885
-0.0291489
-0.0300286
-0.0431428
-0.0021795
-0.0217897
-0.0391028
0.0054211
-0.0032564
-0.0004140
0.0253550
0.0272562
0.0365404
0.0626966
0.0613226
0.0367584
0.0263345
0.0198070
0.0143032
0.0007573
-0.0494194
-0.1203816
-0.1657094
-0.1909194
-0.1945093
-0.0797309
0.1074384
0.2584491
0.3096527
0.2174443
0.0847506
-0.0687884
-0.1804081
-0.1546233
-0.0975650
-0.0655057
-0.0372271
-0.0238323
-0.0177865
0.0235149
0.0365226
0.0108386
0.0203366
0.0080527
0.0266752
0.0373343
-0.0004079
0.0105032
0.0146500
0.0094556
-0.0150806
-0.0214259
0.0038823
-0.0167783
-0.0260643
-0.0194006
-0.0322436
-0.0185782
-0.0126801
-0.0103592
0.0271651
0.0162358
0.0003199
0.0330350
0.0171348
-0.0077912
0.0149544
0.0078950
-0.0070872
0.0080654
0.0155865
0.0236296
0.0190615
0.0029411
0.0110334
0.0080032
0.0139022
-0.0059586
-0.0237477
0.0092493
0.0005894
0.0208802
0.0213447
-0.0067016
0.0132226
0.0149653
0.0108412
0.0044412
0.0109070
0.0020271
-0.0093430
0.0169373
0.0234750
0.0232765
0.0192262
-0.0043882
0.0079363
0.0172943
0.0110766
0.0235902
-0.0127328
-0.0106608
0.0224741
0.0140736
0.0295879
0.0152477
-0.0217008
-0.0233262
-0.0193633
0.0076864
0.0186510
-0.0247079
-0.0304328
-0.0165943
-0.0127099
-0.0234544
-0.0116364
0.0279069
-0.0017642
-0.0190634
0.0004138
-0.0073642
-0.0098935
-0.0062639
0.0071652
0.0225717
-0.0014165
0.0002032
0.0122412
-0.0235613
-0.0220968
0.0133560
0.0203847
0.0057756
0.0051080
0.0269470
0.0218052
-0.0022168
0.0102602
0.0199442
0.0230974
0.0228297
-0.0122353
-0.0267439
-0.0148652
-0.0201173
-0.0273700
-0.0051212
0.0267287
0.0249737
-0.0051354
-0.0075928
0.0328162
0.0072915
-0.0243218
0.0095463
0.0100248
0.0161191
0.0031429
-0.0076366
0.0228212
0.0124383
0.0049013
0.0176616
0.0010156
-0.0366557
-0.0067307
0.0204161
-0.0129954
0.0073864
0.0124888
-0.0036276
0.0003788
-0.0045941
0.0028622
0.0193760
0.0298167
-0.0093319
-0.0056922
0.0139146
-0.0238024
-0.0147846
-0.0092013
-0.0193689
0.0089489
0.0127131
0.0090904
0.0119450
-0.0083632
-0.0004686
-0.0166231
-0.0247654
-0.0114143
-0.0184653
0.0106628
-0.0082634
-0.0264804
0.0054024
-0.0044857
-0.0045199
0.0173189
0.0045584
0.0130354
0.0310942
0.0202163
0.0144528
0.0204936
0.0173922
-0.0075023
0.0056414
0.0049975
-0.0243223
-0.0200352
