0.3097601
0.2162436
0.0505888
-0.1034940
-0.1612769
-0.1309805
-0.0501130
0.0031080
-0.0407281
-0.0265004
0.0118313
0.0215739
0.0417085
0.0000572
0.0247038
0.0237619
0.0169515
0.0198045
-0.0113677
-0.0126747
-0.0221405
-0.0280209
-0.0320383
0.0138293
-0.0193815
-0.0282869
0.0031949
-0.0164444
-0.0071069
0.0110164
0.0036028
-0.0072647
-0.0079523
0.0096404
0.0170424
-0.0131795
0.0014339
0.0160896
-0.0113367
0.0147559
-0.0162512
-0.0195069
0.0022850
-0.0243337
-0.0237704
0.0022627
0.0102125
0.0033554
0.0179460
0.0042477
-0.0085152
0.0097620
-0.0225608
-0.0169329
0.0290555
0.0092969
-0.0125028
0.0037913
-0.0046100
-0.0004994
-0.0183020
-0.0229655
-0.0265895
0.0211601
0.0102889
0.0026464
-0.0012988
-0.0173165
0.0160427
-0.0139895
0.0077493
-0.0140574
-0.0003761
0.0243115
-0.0171371
-0.0055084
0.0233955
0.0252724
0.0053701
-0.0057499
0.0089866
0.0077038
0.0111549
0.0137872
-0.0148532
0.0043561
0.0076032
-0.0213011
0.0244646
0.0101728
0.0242751
-0.0099059
-0.0286066
-0.0112664
0.0034159
0.0174534
0.0208831
0.0280878
0.0150018
0.0092668
0.0145372
-0.0126086
-0.0104462
0.0190386
-0.0091035
0.0111162
0.0230604
0.0166446
-0.0142132
-0.0186452
0.0254920
0.0048238
-0.0195683
-0.0094138
0.0154159
0.0223059
0.0102798
0.0284016
0.0114333
0.0090583
0.0105731
-0.0246802
-0.0164965
-0.0075392
-0.0004939
-0.0079976
0.0193886
0.0136712
-0.0303998
-0.0156134
-0.0190280
-0.0271811
-0.0220071
-0.0066342
0.0190638
0.0088276
-0.0077355
-0.0109460
0.0143323
0.0193972
0.0236266
0.0020165
-0.0042623
-0.0085146
0.0121373
0.0064936
-0.0063607
-0.0021673
-0.0151192
-0.0037298
0.0122251
0.0256706
-0.0142638
0.0278001
-0.0130669
0.0012216
-0.0015422
-0.0218721
-0.0081681
-0.0232957
0.0061790
-0.0066462
-0.0355694
-0.0309393
0.0008202
0.0236092
-0.0125419
0.0064229
0.0188788
0.0069499
0.0053679
0.0377833
-0.0006510
-0.0210249
-0.0174216
-0.0126911
-0.0083464
-0.0195404
-0.0342613
-0.0076143
-0.0127614
-0.0351782
0.0186568
0.0047923
0.0202929
0.0128301
0.0206818
0.0332397
0.0466720
0.0511861
-0.0011475
-0.0056954
0.0075904
-0.0805174
-0.1607790
-0.1980581
-0.2069658
-0.0286239
0.2122165
0.3293586
0.2912021
0.0854336
-0.0494461
-0.1797064
-0.1408028
-0.0745864
-0.0553831
-0.0274563
-0.0409575
0.0033534
0.0111757
0.0107248
0.0139769
0.0079632
0.0099939
0.0062668
0.0389564
-0.0126389
0.0213108
-0.0044952
-0.0079807
-0.0171377
-0.0534757
-0.0212929
-0.0256343
-0.0117626
-0.0093882
-0.0075779
0.0015044
-0.0147539
0.0200443
0.0229445
0.0130628
0.0048061
0.0115458
0.0131471
0.0008505
0.0028311
0.0145290
0.0129062
0.0139305
0.0145194
-0.0110983
0.0007272
0.0185588
-0.0058758
0.0009024
0.0277224
0.0288218
0.0160201
0.0284488
-0.0135263
0.0098992
0.0274252
0.0073509
0.0321379
-0.0018644
-0.0181690
0.0030899
0.0065965
0.0224845
0.0023160
-0.0060589
0.0264776
0.0171170
-0.0150847
0.0018258
-0.0012022
0.0092717
-0.0221100
0.0023481
0.0050218
-0.0390254
-0.0023564
-0.0066841
-0.0190058
0.0162057
0.0099974
-0.0094735
0.0269912
0.0257475
-0.0229717
-0.0286282
-0.0012788
0.0227216
-0.0201469
0.0064693
0.0027375
-0.0066590
0.0311279
0.0202268
0.0025485
-0.0288822
-0.0054860
-0.0014404
-0.0108200
0.0152967
-0.0005380
-0.0032247
-0.0112157
-0.0312458
0.0021095
0.0147708
0.0009771
0.0132572
-0.0140370
0.0068691
0.0203801
0.0030639
0.0178152
-0.0091502
0.0016663
-0.0182504
-0.0081069
-0.0113685
-0.0169228
-0.0067752
0.0089410
-0.0065633
0.0084792
0.0234040
-0.0163942
0.0145912
0.0126033
-0.0125028
0.0132424
-0.0264964
-0.0268718
0.0057585
0.0166538
0.0235318
-0.0064716
-0.0038743
0.0022911
0.0150774
0.0036535
-0.0140046
-0.0156672
-0.0018568
0.0229075
0.0203922
0.0204742
0.0024263
-0.0204043
-0.0288521
-0.0042751
-0.0271433
0.0082063
0.0119036
-0.0117111
-0.0172764
-0.0027566
-0.0161019
0.0136647
0.0099038
-0.0201162
0.0085388
0.0011633
-0.0006887
-0.0295488
0.0178372
-0.0010865
0.0103901
0.0138227
-0.0113362
0.0129511
0.0239552
0.0217395
0.0039390
-0.0205008
0.0136047
0.0189828
-0.0031958
0.0092987
0.0147191
0.0141640
-0.0203184
-0.0128160
-0.0062904
-0.0342039
-0.0191299
-0.0141703
-0.0453749
-0.0061087
0.0339376
0.0389055
0.0487752
0.0657472
0.0511867
0.0326990
0.0353185
0.0042626
0.0106334
-0.0301231
-0.0626398
-0.1364931
-0.1853332
-0.2201513
-0.1224393
0.1097093
0.2755794
0.3185920
0.1874242
-0.0329574
-0.1516825
-0.1286605
-0.0741990
-0.0351977
-0.0383789
-0.0491679
-0.0069849
-0.0037320
0.0078482
0.0487206
0.0601154
0.0329311
0.0012373
0.0096144
0.0243596
0.0087136
-0.0257168
-0.0115391
0.0034789
-0.0280268
-0.0099445
-0.0059856
-0.0162525
-0.0096907
0.0000093
0.0271984
0.0132602
-0.0142851
-0.0165626
-0.0026374
0.0214497
0.0297273
0.0029234
-0.0141559
0.0256940
0.0136355
-0.0247936
-0.0142614
-0.0053846
0.0190224
0.0192149
0.0093974
0.0106916
-0.0179536
-0.0121499
0.0131104
-0.0043981
-0.0038911
-0.0170886
-0.0080281
0.0221580
0.0030507
0.0200945
-0.0065517
0.0124369
0.0216394
-0.0157699
-0.0180697
-0.0021930
0.0013071
-0.0057667
0.0050481
0.0316762
0.0138575
-0.0229898
-0.0188321
-0.0233699
-0.0114957
0.0133818
-0.0045839
0.0005003
-0.0220828
0.0004818
0.0010157
0.0252945
-0.0000576
-0.0264945
0.0010803
0.0125653
0.0185181
-0.0034713
0.0233330
-0.0014099
-0.0175024
0.0108481
0.0030336
0.0234190
0.0304145
0.0031667
-0.0100438
-0.0083734
-0.0171115
-0.0175867
0.0142082
0.0175298
-0.0012876
