0.2382345
0.2066714
0.1009541
-0.0389177
-0.1068445
-0.0666820
-0.0511384
-0.0737972
-0.0309221
-0.0068690
0.0091344
0.0437876
0.0376085
0.0218969
0.0144709
0.0230237
0.0168755
-0.0106119
-0.0125457
-0.0132876
-0.0157930
-0.0012335
-0.0150080
-0.0139463
-0.0006922
0.0221312
-0.0060827
-0.0000389
0.0283222
0.0041649
0.0317063
-0.0082266
0.0114605
0.0263394
-0.0132230
-0.0198809
-0.0166886
-0.0094879
0.0072563
-0.0354253
0.0121994
0.0244200
0.0231635
-0.0071143
-0.0015676
-0.0084004
0.0071600
-0.0194296
-0.0162356
0.0096165
0.0139657
0.0073002
0.0095748
-0.0325252
0.0134056
0.0312302
-0.0143734
-0.0258703
0.0045959
-0.0040768
0.0258726
-0.0077027
-0.0246778
-0.0096132
-0.0204811
0.0193955
0.0074010
-0.0248079
0.0187840
0.0197557
0.0057704
-0.0198241
-0.0283795
0.0183836
0.0093856
-0.0137057
-0.0163652
0.0085451
0.0151909
-0.0018605
0.0303595
0.0210119
0.0220504
-0.0149603
-0.0148272
-0.0238626
-0.0136916
0.0080065
-0.0244223
0.0120497
-0.0115100
0.0081648
-0.0147495
0.0157111
-0.0039292
0.0130836
-0.0040469
-0.0132366
-0.0113276
0.0244537
0.0220393
-0.0220809
-0.0118413
0.0082087
-0.0292189
-0.0292522
-0.0075365
-0.0057983
0.0017478
0.0196527
0.0163521
0.0308999
0.0481699
0.0540539
0.0627569
0.0293331
0.0228493
-0.0152460
-0.0848890
-0.1680183
-0.1955005
-0.1488707
0.0570154
0.2758977
0.2973910
0.1530331
-0.0477761
-0.1537898
-0.1035810
-0.0626728
-0.0315644
-0.0061828
-0.0074741
0.0248668
0.0346637
0.0177440
0.0257025
0.0305643
0.0336143
0.0158461
0.0202875
0.0172092
-0.0224866
-0.0220654
-0.0167114
-0.0265094
0.0122469
0.0095062
0.0016390
0.0107168
-0.0063385
0.0213589
-0.0015070
0.0131040
0.0256950
0.0031203
-0.0002853
-0.0022503
0.0071649
0.0193539
-0.0043380
-0.0078891
-0.0191655
-0.0086279
0.0174184
-0.0068674
-0.0024323
0.0010773
0.0126740
0.0136395
-0.0138082
0.0071484
0.0064917
-0.0156889
0.0118302
-0.0279110
0.0128271
0.0016478
-0.0035935
-0.0108366
-0.0099479
0.0310603
-0.0070735
-0.0167918
-0.0079053
-0.0098317
-0.0202090
0.0007465
-0.0089641
-0.0038877
0.0079752
-0.0085966
0.0049077
0.0078462
-0.0148465
0.0067052
-0.0255890
0.0026890
0.0054434
0.0040713
0.0075606
0.0224529
0.0142031
-0.0084090
0.0164571
-0.0100695
0.0184138
0.0009694
0.0031164
-0.0134715
0.0133463
0.0003425
-0.0053821
0.0194710
-0.0055191
-0.0081511
-0.0295120
-0.0073042
0.0316292
0.0104424
-0.0017634
0.0144304
-0.0138878
-0.0210362
0.0080401
0.0101947
-0.0194104
-0.0285022
0.0189600
-0.0241675
0.0012866
0.0102991
-0.0206779
-0.0029976
-0.0275843
0.0169269
0.0080924
0.0024880
0.0228864
-0.0186054
0.0080272
0.0012388
-0.0017946
0.0152280
0.0103496
-0.0173942
-0.0188973
-0.0025969
0.0097552
0.0009248
-0.0209756
-0.0115768
0.0082554
0.0067177
0.0226046
-0.0207191
0.0102331
0.0021022
-0.0150509
-0.0052602
0.0203542
0.0118195
0.0200152
0.0068339
-0.0235220
-0.0155847
-0.0255827
0.0010671
0.0042385
0.0239235
0.0008537
0.0118001
0.0212567
0.0176266
0.0013516
0.0267042
-0.0026020
0.0070622
-0.0000459
-0.0145483
0.0176110
0.0144146
-0.0122628
-0.0083564
-0.0140080
-0.0250074
-0.0179351
0.0201314
0.0081792
-0.0278040
-0.0071997
0.0071271
-0.0210864
0.0061784
0.0155770
-0.0015133
-0.0196315
0.0209360
0.0122855
0.0011089
0.0144341
0.0109665
0.0187603
0.0243865
0.0138030
-0.0170717
-0.0162271
0.0212066
-0.0151977
-0.0160422
-0.0162891
-0.0235707
-0.0123274
-0.0258248
-0.0166418
-0.0001110
0.0234779
0.0219632
0.0045848
-0.0146397
-0.0224573
0.0144674
-0.0004940
-0.0135722
0.0190740
-0.0029456
0.0019392
0.0000178
0.0060411
-0.0229755
0.0030842
-0.0077857
0.0249579
0.0034466
0.0000381
0.0237865
0.0129356
-0.0176142
-0.0113066
0.0032179
0.0171390
0.0103059
-0.0323443
-0.0121365
0.0032536
-0.0067979
-0.0059390
0.0111129
-0.0116808
-0.0051777
0.0024641
-0.0056975
0.0075343
-0.0205081
-0.0117097
0.0154914
-0.0290098
0.0070077
0.0125965
-0.0052654
-0.0268202
0.0136045
-0.0015038
-0.0172685
0.0259270
-0.0157892
-0.0112548
-0.0177168
0.0030837
-0.0020914
-0.0043901
0.0007752
-0.0107280
-0.0094546
-0.0101989
0.0031926
-0.0125584
0.0114572
0.0289535
0.0055465
0.0045130
-0.0366360
0.0033631
-0.0138470
-0.0008228
-0.0275649
-0.0193407
-0.0118015
0.0161728
0.0490408
0.0124509
0.0562166
0.0494640
0.0144319
0.0240294
-0.0079142
-0.0308079
-0.1452017
-0.1978759
-0.1417196
0.0523526
0.2640094
0.3244457
0.1766844
-0.0778033
-0.1563868
-0.1050872
-0.0358208
0.0027319
-0.0387529
-0.0031102
-0.0099368
0.0244188
0.0382730
0.0005705
0.0145593
-0.0044822
-0.0085483
-0.0010128
0.0025231
-0.0238303
-0.0218764
-0.0104384
-0.0200120
0.0023292
-0.0202544
0.0061754
-0.0204904
-0.0142242
0.0017735
-0.0013197
-0.0044747
-0.0113700
-0.0199775
0.0069676
-0.0062463
-0.0185711
-0.0033012
-0.0150611
0.0029239
-0.0036250
0.0032732
0.0102311
0.0172618
0.0278477
-0.0010744
-0.0292799
0.0217809
-0.0040210
0.0076371
0.0152246
-0.0124802
-0.0174074
-0.0025390
-0.0145951
0.0017250
-0.0037610
-0.0045498
-0.0129024
0.0262944
-0.0072372
0.0250947
-0.0155041
0.0160401
-0.0066846
0.0002931
-0.0252223
-0.0073003
0.0174807
0.0013572
0.0005508
-0.0189891
-0.0048061
0.0207410
0.0168552
-0.0054879
0.0001621
-0.0012517
0.0068157
0.0220685
-0.0105244
-0.0060017
0.0202948
0.0073081
0.0220248
0.0039141
0.0002756
0.0281049
-0.0011621
-0.0309797
-0.0076349
-0.0110961
-0.0055984
-0.0092972
0.0146509
-0.0006068
-0.0232183
-0.0028945
-0.0029522
-0.0002812
