0.3067382
0.2745438
0.0876884
-0.0980972
-0.1597562
-0.0898308
-0.0486946
-0.0194976
-0.0554840
-0.0345896
0.0301150
0.0160507
0.0375628
0.0202420
0.0071721
0.0387339
0.0329790
0.0178274
-0.0305096
-0.0276905
-0.0259674
-0.0375667
-0.0168825
0.0128821
0.0085048
-0.0300524
0.0132359
-0.0193846
0.0315365
0.0106208
-0.0140675
-0.0021547
0.0023232
-0.0073033
-0.0205442
0.0170202
0.0104762
-0.0089782
-0.0266322
-0.0212452
-0.0047556
0.0176571
0.0210875
0.0171094
-0.0153034
-0.0005762
0.0167565
0.0099041
0.0250358
-0.0154058
-0.0118744
0.0224978
-0.0174345
0.0182598
-0.0212537
-0.0164313
-0.0162328
0.0249710
-0.0091879
-0.0132591
0.0082271
-0.0045885
-0.0221650
-0.0320275
-0.0008367
0.0250207
-0.0121554
0.0206547
-0.0091914
0.0099518
0.0208721
-0.0138518
-0.0115908
0.0094454
0.0110941
0.0053479
-0.0016898
0.0270963
0.0113955
0.0017992
0.0013539
-0.0192165
0.0110734
0.0061944
0.0020647
0.0170467
-0.0099821
-0.0235261
-0.0063786
-0.0105945
0.0088336
-0.0074463
-0.0020415
0.0113144
-0.0071948
0.0140120
-0.0133738
0.0208968
-0.0183647
0.0150035
-0.0196331
-0.0132581
-0.0188015
-0.0117261
0.0057839
0.0143899
0.0170439
0.0125826
-0.0092993
-0.0203582
-0.0123027
-0.0096418
-0.0269975
-0.0198060
0.0071893
-0.0022283
0.0214952
-0.0114131
0.0199911
-0.0121193
-0.0122664
0.0201431
0.0018160
0.0290714
0.0061205
0.0286660
-0.0188861
-0.0134442
0.0194945
-0.0191710
-0.0089393
-0.0258064
-0.0106547
0.0058534
0.0149336
0.0284093
-0.0037109
-0.0059764
0.0150680
0.0236797
0.0117743
0.0139088
-0.0127101
-0.0031168
0.0175337
0.0103704
0.0198273
-0.0207770
-0.0116767
0.0065764
0.0208749
-0.0109873
0.0120935
0.0260110
0.0294550
0.0267690
0.0211224
0.0060918
-0.0074358
0.0060575
-0.0035051
-0.0203325
-0.0535111
-0.0011491
-0.0413256
-0.0277590
0.0048377
0.0242474
0.0407521
0.0246870
0.0335104
0.0555296
0.0694940
0.0437803
0.0278713
-0.0228175
-0.0867429
-0.1811384
-0.2254873
-0.1611249
0.0517001
0.2496888
0.3459668
0.1933098
-0.0369802
-0.1450887
-0.1267313
-0.0786012
-0.0326210
-0.0278331
-0.0190175
0.0054528
-0.0004696
0.0529561
0.0476655
0.0112934
0.0482181
0.0165324
-0.0133198
-0.0188262
-0.0121137
-0.0401325
-0.0366990
-0.0166136
0.0119117
0.0026531
-0.0217720
0.0045538
-0.0112534
0.0071229
0.0057950
-0.0097181
0.0045667
0.0183918
0.0119212
-0.0078420
0.0108121
-0.0273620
-0.0286511
-0.0274011
-0.0169200
-0.0049154
-0.0117321
-0.0187377
-0.0066892
-0.0185845
-0.0048648
0.0239977
-0.0010791
-0.0134117
0.0186712
-0.0083123
-0.0305816
0.0063552
0.0227170
-0.0029616
0.0005168
-0.0016887
0.0048439
0.0000155
0.0115932
0.0192684
-0.0137966
0.0169321
0.0204649
-0.0058747
0.0199325
0.0145333
0.0148146
0.0080700
0.0292076
-0.0010279
-0.0021135
-0.0165482
0.0073376
0.0095227
-0.0130817
0.0057088
-0.0032006
0.0060724
0.0096912
-0.0131076
0.0150157
0.0248388
0.0013494
0.0057171
-0.0011833
-0.0124355
-0.0091014
-0.0069816
-0.0225478
0.0153037
0.0045110
0.0092790
-0.0019940
0.0353881
-0.0009992
-0.0268773
-0.0095827
-0.0126800
-0.0232428
-0.0124123
0.0041871
0.0230912
0.0056989
0.0204380
0.0063337
0.0188615
-0.0175792
0.0080337
0.0173447
0.0244836
-0.0234173
-0.0146054
0.0074816
-0.0093813
0.0079970
-0.0260484
0.0076960
0.0187345
-0.0007780
0.0084260
-0.0155827
0.0069454
0.0052403
-0.0012165
0.0302303
-0.0116273
-0.0038819
-0.0114602
-0.0242590
0.0059687
0.0010628
-0.0166310
-0.0160783
-0.0113897
-0.0218213
-0.0243921
-0.0066286
0.0153115
-0.0243789
0.0069456
0.0142945
-0.0027867
-0.0122204
0.0206488
-0.0009163
-0.0136807
-0.0236713
-0.0283753
-0.0235954
-0.0060573
0.0141043
0.0388821
-0.0064746
0.0311078
0.0024549
-0.0035006
-0.0032799
-0.0309008
-0.0054022
-0.0026541
0.0026451
-0.0281224
-0.0273660
-0.0125298
-0.0138218
0.0325146
0.0289069
0.0400953
0.0408728
0.0377391
0.0667177
0.0256756
0.0110587
-0.0097135
-0.0826269
-0.1613680
-0.1876880
-0.1359135
0.0615840
0.2596845
0.3217502
0.1898741
-0.0016837
-0.1268987
-0.1438184
-0.0644453
-0.0413410
-0.0043566
-0.0267699
0.0236866
0.0274688
0.0052332
0.0157970
0.0258388
0.0314596
0.0479630
-0.0082998
0.0079971
-0.0094532
-0.0315498
0.0011997
-0.0066715
-0.0100803
-0.0286881
-0.0100113
-0.0043949
-0.0113891
0.0269634
0.0224933
-0.0026558
-0.0025550
-0.0109695
0.0246103
0.0164520
-0.0262896
-0.0120269
-0.0178201
-0.0289993
-0.0146379
0.0033174
0.0314521
-0.0005493
0.0119313
0.0228686
0.0149199
0.0289364
-0.0129824
-0.0120597
-0.0053178
-0.0086785
-0.0172907
0.0123181
-0.0200053
0.0081145
0.0014127
-0.0088907
0.0002161
0.0097943
-0.0021964
0.0267802
-0.0284440
0.0034427
-0.0032229
-0.0323044
-0.0085554
-0.0274836
-0.0008707
-0.0032722
0.0127631
-0.0025750
-0.0169788
0.0121823
0.0178048
0.0217761
0.0124183
0.0250070
0.0136095
-0.0218778
0.0026052
0.0243859
0.0008860
0.0043883
-0.0126680
0.0240313
0.0016341
-0.0068654
0.0191266
0.0036926
0.0205473
0.0156580
-0.0127320
-0.0288531
0.0177326
0.0205067
-0.0213227
-0.0176054
0.0098406
0.0204777
-0.0293214
0.0223901
0.0192236
-0.0068286
0.0251627
-0.0091149
0.0132479
-0.0062821
-0.0137327
-0.0212581
-0.0086920
0.0399771
-0.0071746
-0.0230687
0.0094146
-0.0015306
0.0077612
-0.0197187
0.0112108
0.0203316
0.0192443
0.0117793
0.0003893
0.0104489
-0.0043364
0.0041319
0.0035856
-0.0080575
0.0289774
-0.0043871
-0.0029819
0.0171911
0.0243716
0.0171925
-0.0103971
0.0191605
0.0062173
-0.0241807
-0.0078157
-0.0126636
