0.2730986
0.2398389
0.0374065
-0.1714597
-0.1810135
-0.1095159
-0.0661652
0.0095719
-0.0327930
0.0299956
0.0561824
0.0774096
0.0401779
-0.0032371
0.0325888
-0.0117215
-0.0294999
0.0106705
-0.0023974
-0.0404565
-0.0133715
-0.0363125
-0.0363188
-0.0009533
-0.0119331
-0.0119824
0.0029687
0.0379350
0.0221194
-0.0067033
-0.0224433
0.0312333
0.0272321
-0.0242678
0.0305119
-0.0190774
0.0313811
-0.0054574
-0.0367804
-0.0239613
0.0102913
0.0425554
-0.0272543
0.0233195
-0.0025144
-0.0315325
-0.0291233
-0.0036955
0.0132606
0.0003527
0.0270154
0.0238366
0.0372325
-0.0098864
0.0236391
0.0427498
0.0274053
0.0434310
0.0129853
-0.0397929
-0.0297349
0.0086715
0.0195134
0.0059661
-0.0203372
0.0114410
0.0288570
-0.0046326
0.0168260
-0.0257723
0.0278174
0.0057443
0.0380571
0.0301684
0.0384218
-0.0139660
0.0152108
-0.0124204
-0.0059968
-0.0197303
0.0021811
0.0263619
0.0094537
0.0075481
0.0178179
0.0217857
0.0058146
-0.0027190
-0.0253807
-0.0235540
-0.0056226
0.0147125
0.0115283
-0.0099563
0.0446872
0.0068342
0.0031937
0.0320483
-0.0265947
-0.0257367
-0.0220494
0.0109485
-0.0183135
0.0455573
0.0156026
-0.0124668
-0.0116394
0.0167505
0.0413582
0.0208225
0.0026234
0.0214099
-0.0233794
-0.0190828
0.0063814
-0.0119930
-0.0144704
-0.0283086
-0.0020524
-0.0311435
-0.0085239
-0.0187115
-0.0192632
0.0166268
0.0128942
0.0031263
0.0123173
-0.0103718
-0.0268447
0.0299164
-0.0230313
-0.0057296
0.0141315
-0.0198793
0.0249172
-0.0336136
-0.0267123
0.0145650
-0.0061194
0.0008096
0.0105789
0.0255015
-0.0085566
-0.0149888
-0.0461802
0.0096485
-0.0356784
0.0001432
0.0240588
0.0034508
0.0124381
0.0021015
0.0152462
0.0066532
0.0250827
0.0194759
-0.0027892
0.0276016
0.0221777
0.0127449
-0.0154308
0.0288473
0.0021015
-0.0095837
-0.0216026
-0.0149888
0.0238388
-0.0243916
0.0287894
0.0380848
0.0000361
0.0297041
-0.0009890
-0.0090055
-0.0136973
-0.0051241
-0.0366788
-0.0159911
-0.0111369
0.0279470
-0.0129882
0.0267190
0.0196222
-0.0033563
0.0462848
0.0245259
0.0393078
0.0240525
-0.0028404
0.0001412
-0.0404937
0.0038283
-0.0306050
-0.1659058
-0.1927759
-0.0119460
0.2493578
0.3136558
0.1856677
-0.0487469
-0.2406434
-0.1548718
-0.0680128
-0.0152150
-0.0380241
-0.0519968
-0.0004933
0.0369096
0.0821334
0.0341427
-0.0223327
-0.0043621
0.0133204
-0.0242780
-0.0374646
-0.0006654
-0.0088477
-0.0356354
-0.0334234
0.0164812
0.0103776
0.0024414
0.0457953
-0.0105613
0.0391467
0.0449904
0.0268806
0.0419444
-0.0437813
-0.0216385
0.0120980
-0.0295497
0.0351619
0.0224373
-0.0005730
-0.0120548
0.0049948
-0.0232711
0.0037694
-0.0323505
-0.0236292
-0.0313602
-0.0391117
0.0047399
0.0323466
-0.0397655
0.0045106
0.0330010
-0.0230991
-0.0054497
0.0017533
0.0328131
-0.0229058
0.0055684
0.0015929
-0.0087548
0.0030037
-0.0286581
-0.0108342
-0.0246603
-0.0235696
0.0125206
-0.0057170
-0.0056872
-0.0360893
-0.0149530
-0.0033705
-0.0173363
0.0037159
0.0314180
-0.0311432
-0.0125928
0.0307008
0.0279254
-0.0334850
-0.0109368
-0.0021495
-0.0023097
0.0269409
-0.0065023
0.0042752
0.0288687
-0.0247782
-0.0160465
-0.0334818
0.0064223
-0.0013146
-0.0259730
0.0106500
0.0034640
0.0380188
0.0203900
0.0236222
0.0325959
0.0075130
0.0289750
-0.0400141
-0.0282514
0.0242522
-0.0266426
-0.0045407
-0.0060188
0.0330115
-0.0168920
0.0261839
-0.0245443
-0.0052290
0.0217480
-0.0313469
-0.0202242
0.0208164
-0.0136509
-0.0119259
-0.0218606
-0.0132925
0.0155594
-0.0166650
-0.0114560
-0.0151456
-0.0286542
-0.0270719
0.0364858
-0.0043394
-0.0081714
-0.0177509
-0.0320853
-0.0190216
0.0295096
-0.0198570
-0.0244862
-0.0019004
0.0237666
0.0028977
-0.0238304
0.0273388
-0.0289659
-0.0073784
0.0149677
0.0134291
0.0026256
-0.0198747
0.0333610
0.0155020
0.0200506
-0.0443941
-0.0022296
-0.0020328
0.0062512
0.0253222
0.0017953
0.0000452
0.0232526
0.0114148
0.0065103
0.0366370
0.0256141
0.0137130
0.0312346
0.0173748
-0.0216656
0.0360204
-0.0113604
-0.0403077
-0.0249282
-0.0109229
-0.0259531
-0.0325282
0.0193321
0.0212612
-0.0110814
0.0089854
-0.0377333
0.0088410
0.0365647
-0.0001641
-0.0062848
-0.0269331
-0.0556361
-0.0442188
-0.0202656
-0.0180709
-0.0251073
-0.0168441
-0.0026490
0.0410230
0.0549815
0.0182782
0.0525747
0.0160491
-0.0468593
-0.0262858
-0.0923115
-0.0546772
-0.0765394
-0.1556220
-0.1542559
0.1116314
0.3313107
0.3933172
0.1523982
-0.1361500
-0.2187945
-0.1886987
-0.0403915
0.0204389
0.0240925
0.0260733
0.0483740
0.0638431
0.0783825
0.0277145
0.0386204
-0.0028792
0.0283726
0.0185984
-0.0028921
0.0009086
-0.0195668
-0.0020319
-0.0072441
0.0265997
-0.0168193
0.0213728
0.0211102
0.0041446
-0.0255128
-0.0064132
0.0348744
0.0244894
-0.0155960
-0.0491776
0.0279053
-0.0299268
0.0123590
-0.0015637
0.0239712
0.0404992
0.0030588
-0.0314583
0.0164295
0.0053613
-0.0190986
-0.0107080
-0.0088407
0.0243019
0.0319961
0.0125387
0.0091572
0.0421915
0.0050479
-0.0253279
0.0349704
0.0090484
0.0332222
-0.0147849
-0.0156089
0.0090813
-0.0430653
-0.0237288
0.0321187
-0.0158076
0.0090310
-0.0304287
-0.0060619
0.0229393
0.0007055
-0.0221761
-0.0073323
0.0182407
0.0055740
0.0348117
-0.0190479
-0.0026192
-0.0042823
-0.0214653
-0.0069596
-0.0338616
0.0076886
-0.0268432
-0.0140452
-0.0288360
-0.0337243
0.0254755
0.0193597
0.0255881
-0.0232999
0.0019517
-0.0226413
0.0161812
0.0275984
-0.0352297
-0.0020410
0.0172640
0.0164322
0.0197806
0.0199969
0.0118290
-0.0107401
0.0355169
-0.0275238
