0.6242032
0.5266379
0.1708157
-0.2080800
-0.4724079
-0.4864824
-0.1997636
-0.0008861
0.0994582
0.0604979
0.0692492
0.1000786
0.0428471
0.0805479
0.0823549
-0.0115120
-0.0275024
0.0262020
-0.0050747
-0.0405089
-0.0744553
-0.0688353
-0.0008008
-0.0105026
-0.0185395
0.0037135
-0.0096590
-0.0162238
0.0133544
0.0626092
0.0360979
-0.0083818
0.0088913
-0.0295972
-0.0427886
-0.0180394
0.0072071
-0.0319795
-0.0609289
-0.0230594
0.0008746
0.0128577
-0.0540801
-0.0352177
0.0378235
0.0147233
-0.0284674
-0.0230145
0.0232616
0.0508439
0.0656321
0.0626754
0.0005180
-0.0026995
-0.0080892
-0.0073930
-0.0122628
-0.0271591
0.0073282
-0.0647364
0.0007622
0.0386322
-0.0141863
0.0217337
0.0075084
0.0535576
0.0601220
-0.0127165
0.0609699
0.0185483
-0.0066821
-0.0046574
-0.0696040
-0.0455705
-0.0172019
0.0493256
0.0339123
0.0070164
-0.0262074
-0.0412747
-0.0217287
-0.0148694
0.0037001
0.0279637
0.0611880
0.0107238
-0.0092292
0.0048634
-0.0139916
-0.0038678
0.0148141
0.0553903
0.0515379
-0.0458356
-0.0512845
0.0306444
-0.0231954
-0.0118765
-0.0178310
-0.0537928
0.0140062
-0.0333351
0.0471532
0.0198760
-0.0169504
0.0464561
0.0226455
0.0021696
-0.0490727
-0.0136811
0.0328092
0.0503120
0.0543746
-0.0045060
-0.0626830
-0.0488525
-0.0562241
-0.0334923
0.0192129
-0.0262808
0.0376871
-0.0094887
-0.0473528
0.0205127
-0.0335313
-0.0116117
0.0188478
0.0107880
-0.0282971
-0.0084336
-0.0012268
-0.0492720
-0.0306130
-0.0507141
-0.0338868
0.0295787
-0.0299018
0.0309412
0.0218808
-0.0225926
0.0084530
-0.0380114
-0.0357362
-0.0374308
0.0019254
-0.0109938
-0.0151901
0.0100216
-0.0022387
-0.0091826
-0.0534070
-0.0525317
-0.0096331
-0.0009122
0.0320251
-0.0210133
-0.0371414
0.0032403
-0.0851228
-0.0566283
0.0481432
-0.0168094
-0.0540791
0.0172342
-0.0077363
-0.0032259
0.0659561
0.0184971
0.0230203
0.0569721
-0.0269080
0.0104256
-0.0431187
-0.0316265
0.0032032
-0.0637854
-0.0197835
-0.0355984
0.0361910
-0.0215800
0.0340602
0.0898482
0.0090897
0.1092866
0.1158067
0.1015945
0.1268800
0.0197721
-0.0034137
-0.0395774
-0.1584964
-0.1421625
-0.2171907
-0.3573216
-0.3147852
-0.1386525
0.2120669
0.5562156
0.7108956
0.4791180
-0.0372577
-0.3856863
-0.5097660
-0.3707542
-0.0981447
0.0438606
0.0333301
0.0067873
-0.0150903
0.0681602
0.1165860
0.0351351
0.0977727
0.0499659
-0.0382089
-0.0570673
-0.0139107
0.0439719
-0.0391672
-0.0548123
0.0016275
0.0221695
-0.0450285
-0.0023185
0.0692526
0.0187497
-0.0431240
-0.0354992
0.0160454
-0.0242280
-0.0335401
-0.0586079
-0.0004972
0.0869258
0.0341558
0.0174584
-0.0003090
0.0236509
0.0646478
-0.0433909
-0.0124741
0.0344881
-0.0168262
0.0314009
-0.0280875
-0.0421617
0.0469455
0.0117801
0.0429540
0.0114218
-0.0465481
0.0422255
0.0074325
-0.0294045
0.0212769
0.0022578
-0.0604122
-0.0515514
0.0091253
0.0136056
-0.0439134
-0.0088570
0.0296227
-0.0238644
0.0268603
0.0191094
0.0150934
0.0280238
0.0363277
0.0298102
-0.0434713
0.0254819
-0.0323047
-0.0081532
0.0623377
-0.0105661
-0.0020718
0.0332475
-0.0170942
-0.0410842
0.0484271
0.0148016
-0.0366174
0.0037920
0.0227749
0.0462846
0.0588343
0.0364618
0.0435401
0.0500556
-0.0121145
0.0229770
0.0428390
-0.0213248
0.0051292
0.0123465
-0.0249456
-0.0343889
-0.0270343
0.0156209
-0.0025621
-0.0389408
-0.0206513
0.0079444
0.0592399
0.0409309
0.0231599
0.0503375
-0.0169333
-0.0535974
0.0318247
0.0384028
-0.0191521
-0.0365401
-0.0356407
0.0241314
0.0657885
0.0273241
-0.0000317
0.0199746
0.0411750
-0.0279947
-0.0549381
0.0533212
0.0301441
-0.0155200
0.0321104
-0.0276810
0.0031786
0.0512268
-0.0176985
0.0241967
-0.0451328
-0.0347975
0.0003805
-0.0404883
-0.0302091
-0.0611080
0.0422664
0.0759736
-0.0352438
-0.0301960
0.0650460
0.0155382
0.0339739
0.0568564
-0.0221002
0.0049824
-0.0436750
-0.0239762
-0.0558110
-0.0315974
0.0307946
-0.0657869
-0.0033386
0.0331937
-0.0331862
-0.0110491
-0.0396147
0.0012945
0.0758261
0.0258301
-0.0181035
0.0092087
0.0816993
0.0271577
-0.0280347
-0.0196335
-0.0896809
-0.1016738
-0.0392071
-0.0989262
-0.1374674
-0.0159015
0.1054262
0.1861249
0.2356939
0.1981168
0.0298076
-0.1567739
-0.2442165
-0.2113468
-0.0897833
-0.0692870
0.0076084
0.0986946
0.0819003
0.0610399
0.0913116
0.0951634
0.0005675
-0.0000309
-0.0509758
0.0130331
-0.0027350
-0.0648202
0.0238022
-0.0056955
0.0110219
-0.0217224
-0.0026110
0.0091716
-0.0010379
0.0386056
0.0076543
-0.0205247
0.0123753
0.0451513
-0.0087171
-0.0235213
0.0071200
0.0217343
0.0562968
0.0061000
-0.0683059
-0.0343513
-0.0391197
-0.0640671
-0.0226798
-0.0089248
0.0063941
0.0108220
0.0057340
0.0565781
0.0573999
0.0084483
-0.0210830
0.0379369
0.0314211
-0.0407327
-0.0566130
-0.0294315
0.0603795
0.0388708
-0.0082533
0.0272793
0.0325407
0.0080645
0.0431859
0.0460579
-0.0312606
-0.0156959
0.0482426
0.0515292
0.0136941
-0.0512827
-0.0160211
0.0524498
-0.0022446
0.0104497
0.0470967
-0.0395583
-0.0129764
0.0250784
-0.0372449
-0.0821119
-0.0154447
0.0417786
-0.0466488
0.0215899
0.0016491
-0.0422426
-0.0372356
0.0078907
0.0552647
-0.0166987
0.0404224
-0.0195702
-0.0500169
0.0495554
0.0137089
-0.0645939
-0.0174719
0.0089313
-0.0356354
-0.0216307
-0.0451154
-0.0431771
-0.0160371
-0.0665496
-0.0099797
0.0385386
-0.0307891
0.0387269
0.0503065
-0.0515191
0.0156949
-0.0104705
-0.0468698
0.0744221
0.0157403
-0.0167741
0.0578562
-0.0007614
0.0353885
0.0289479
-0.0451093
-0.0109124
0.0366978
0.0480804
