0.8306083
0.4182410
-0.0299121
-0.4763782
-0.9811018
-0.5206328
-0.3141069
-0.0572660
0.1631881
0.2559063
0.2998720
0.1139764
0.2055182
0.2550382
-0.0324909
-0.1355508
0.0394414
-0.1083070
-0.0762442
-0.0988462
-0.1047428
-0.0635722
-0.0954706
0.0604619
0.0465834
0.0321696
0.1228259
-0.0443116
0.1018227
0.0356456
-0.0055063
0.1581623
-0.0146979
0.1597835
-0.0509799
0.0883026
-0.0805256
-0.0407389
0.0685902
-0.0661433
-0.2257197
-0.0635973
-0.0567386
-0.0929623
-0.0354425
-0.0656948
-0.0762073
0.0404624
0.0789544
-0.0342285
0.0929316
0.1197411
0.1809272
0.1469271
-0.0129590
0.0624292
-0.1566207
-0.1778022
-0.3453343
-0.4932070
-0.2005946
0.0784200
0.0705577
0.3110536
0.3922757
0.4958562
0.6192672
0.6976497
0.2180190
-0.1920569
-0.7591207
-0.8176700
-0.3834377
-0.0814814
0.2549492
0.1109549
0.1963199
0.2245834
0.3328903
0.2717930
0.0608558
0.0321265
0.0393410
-0.0013932
-0.1546143
0.0448944
-0.1030194
-0.0425698
-0.1449014
-0.2177973
-0.0355108
0.0550529
0.0095349
-0.0784317
0.0688572
0.1021665
-0.0119920
-0.1209122
-0.0212237
0.0177552
0.1280603
0.0788705
-0.1040471
0.0956840
-0.1631389
0.0465331
-0.0974830
-0.1156616
-0.1771810
-0.1423111
-0.1756312
0.0320824
-0.0367771
0.0473833
0.0751855
0.1252150
0.3042282
0.1581945
0.0934626
0.0872623
0.0691154
-0.1448516
-0.2229138
-0.2331630
-0.3703826
-0.4037915
-0.4558895
-0.1007675
0.2150976
0.2842605
0.5511469
0.6098142
0.7783574
0.3922488
-0.1742797
-0.6045578
-0.9292673
-0.7614904
-0.4240285
0.1425560
0.1937717
0.1688936
0.3175082
0.1463806
0.2159421
0.1910280
0.2397750
0.0844896
-0.0977331
0.0293293
-0.1630242
-0.1562069
-0.2033751
-0.1622309
-0.0847052
-0.1307936
0.0540101
0.0270985
0.1150719
-0.0131962
-0.1348032
-0.0644117
-0.0717409
-0.0287603
0.0456289
0.0672589
0.0660602
0.1684749
-0.0645858
-0.0968581
0.0947026
-0.1420656
-0.1308503
-0.1463903
-0.1956831
0.0335589
-0.0789925
-0.1509330
0.1688990
-0.0423715
0.0277447
-0.0042148
0.1916428
0.1359791
0.1127956
0.2590061
0.0999671
0.0038829
-0.1152358
-0.2064222
-0.3494823
-0.3432457
-0.2147730
0.1351282
0.2727917
0.1058097
0.1673363
0.0342826
0.2230961
0.5457523
0.5355421
0.1242895
-0.5600023
-0.6680674
-0.5199787
-0.2219531
0.1693073
0.1186666
0.1238515
0.1280197
0.0390381
0.1528892
0.2302058
0.1354566
0.1067520
-0.0025547
-0.1184040
0.1108721
0.0232815
-0.2431342
-0.1511407
0.0091420
-0.1087973
-0.1777534
0.0395516
0.0062321
0.1249926
0.1198949
-0.0652644
-0.0050231
0.0399435
0.0371874
0.0592744
0.0196010
-0.1252573
0.0146366
-0.0424943
-0.0966825
-0.0623684
-0.0611664
-0.0643099
-0.1914038
0.0505692
-0.1623535
0.1249733
0.0956040
0.2089670
0.1431763
0.1132426
0.2458060
0.0536885
-0.0413718
-0.0225709
-0.1705265
-0.0290163
-0.3405685
-0.3956121
-0.3712459
-0.2851908
0.0768569
0.1774713
0.2665762
0.3643500
0.6283287
0.7052444
0.6182778
-0.0449850
-0.3335917
-0.8784265
-0.7362104
-0.2787438
0.1032996
0.2410997
0.2899730
0.3515046
0.2471448
0.0596841
0.2386351
0.0226297
0.0025329
0.0548320
-0.1437612
-0.0963675
-0.0926883
0.0643706
0.0162157
-0.0924979
-0.1466947
-0.1240269
-0.0584652
0.0280927
0.1222732
0.1546689
0.0085437
-0.0925707
0.1263764
0.0617522
-0.0979835
0.0353554
0.0819962
-0.1044910
-0.1292829
-0.0735016
-0.0825824
-0.1343168
-0.1911035
-0.1219097
-0.0318557
-0.1133669
-0.0918164
0.1703046
0.0538180
-0.0380148
0.1421157
0.1644681
0.2500801
0.2195204
0.0251580
0.0403314
-0.0429057
-0.0555736
-0.1102040
-0.1396387
-0.4200201
-0.2023150
0.0926770
-0.0540385
0.0964547
-0.0178246
-0.0722432
0.2496386
0.5080038
0.4911129
0.1477859
-0.3220725
-0.6709464
-0.5344019
-0.1874618
0.1075225
0.2385228
0.2593890
0.1897040
0.2172683
0.2031062
0.2580233
-0.0205753
-0.0447247
0.0073508
-0.1164131
0.0292825
0.0831113
0.0437048
0.0434859
-0.1306364
-0.1020775
0.1019077
0.1214102
0.1084756
-0.0529983
-0.0324478
0.0299356
0.1938078
0.0127193
-0.0887458
-0.0872321
0.0551391
-0.0285268
0.0234684
0.1503878
-0.0601062
-0.1916544
-0.0288016
-0.0712955
-0.2785455
-0.1016983
-0.0515490
-0.0184116
-0.0111236
0.0530425
0.1790256
-0.0325561
0.1314546
0.1392337
0.1965896
0.1352596
-0.0621411
-0.0084998
-0.1255001
-0.3898524
-0.5195582
-0.2940242
-0.0062956
-0.0218089
0.1816951
0.2000359
0.2728959
0.5272650
0.4594641
0.4702137
-0.2243250
-0.7697685
-0.7511161
-0.6423960
-0.0424532
0.1532807
0.2402659
0.1283371
0.2314926
0.1345915
0.2729269
0.0915225
-0.0586642
0.0244505
0.0044255
-0.0185634
0.0122963
-0.0943768
-0.0262071
-0.1163653
-0.0421585
0.0227949
-0.2140777
-0.0278090
0.1151863
0.0257471
-0.0500387
0.0339744
0.0865199
0.0882176
0.0528258
-0.0070876
0.1625610
0.1108262
0.1191286
0.1567246
0.0191571
0.1189062
-0.1377089
-0.0970699
-0.0177436
-0.0705030
0.0893637
0.1414213
0.0757840
-0.0228563
-0.1004871
0.1061607
0.1486536
0.0117325
0.0449766
-0.0356393
0.0501528
-0.0917407
-0.1167766
-0.3935781
-0.2502290
-0.3489787
-0.1769659
0.1682826
0.1707952
0.0125321
-0.0042343
0.3661296
0.6532944
0.4786560
0.1232655
-0.5275870
-0.7189088
-0.5537933
-0.2789641
0.1008443
0.0648032
0.1800288
0.1845375
0.3216535
0.2577747
0.0510621
0.1697995
-0.0509566
-0.0651718
0.0669665
-0.0611383
0.0293901
0.0357829
-0.1634356
0.0613234
-0.0463227
-0.0575978
0.0366467
-0.0002501
0.2383240
-0.0047984
-0.0737432
0.0345652
0.0174224
0.1339406
-0.1149035
-0.0162692
0.0995258
-0.0228627
