0.6164743
0.3726435
-0.0327882
-0.6259612
-0.7014995
-0.5527092
-0.3157861
0.0743513
0.0725370
0.1348673
0.1939512
0.2263405
0.3580003
0.1610577
0.0697044
0.1646619
-0.0639102
-0.0731242
0.0700064
-0.0383970
-0.0247112
0.0889213
-0.1052557
-0.0906383
0.0849446
-0.1005950
-0.0191786
0.0264252
-0.0000489
0.2307423
0.0584966
-0.1109269
0.0326496
-0.0038840
0.0986580
0.0631334
-0.1509981
0.0479369
0.0782375
-0.0207515
0.0385181
-0.1507888
-0.1671922
-0.1955567
-0.1661947
-0.0006197
-0.0336005
0.0737489
0.0409572
-0.0744968
0.1189839
0.1094631
0.1016039
0.2207787
0.2361382
0.2087843
0.0245353
-0.0353945
-0.0858343
0.0780392
0.0584759
-0.1125554
-0.1875436
-0.4763423
-0.4200619
-0.1667348
0.0188075
0.1808920
0.3142147
0.4742172
0.6585864
0.7963756
0.6753254
0.2722172
-0.2205548
-0.6763436
-0.9235688
-0.8210429
-0.3994767
0.0822892
0.2150886
0.1325524
0.2033544
0.2772006
0.1753106
0.2109158
0.0870104
-0.0393056
0.1545731
-0.0892742
-0.1030317
0.0281229
-0.0057886
-0.0832307
-0.2287372
-0.0666186
-0.0142181
0.0568437
0.0812233
0.0452050
0.0730327
0.1352510
0.1513145
0.1497267
0.2073492
-0.0362505
-0.0851628
-0.0258729
-0.0745240
0.0246282
0.0209817
-0.0285040
-0.1312422
-0.2121649
-0.0322234
-0.0183160
0.0180850
-0.0095257
-0.2038015
-0.1363068
-0.1500188
0.0601072
0.0897379
0.0878975
0.1548338
0.0202808
0.1115452
0.1561289
0.1956288
0.1971220
0.0640077
0.0033840
-0.1059757
-0.1229382
-0.2027661
-0.3815880
-0.2609295
-0.3737784
-0.1390588
0.1552008
0.1753617
0.4410880
0.4687698
0.4249713
0.4972488
0.4855734
-0.0182461
-0.4996618
-0.5938433
-0.7650594
-0.6051101
-0.1581902
-0.0251718
0.1062811
0.1090439
0.2065070
0.2854003
0.0167173
0.0774724
0.1972511
0.1699543
0.1783071
-0.0261028
-0.0077864
-0.0529209
-0.2180909
-0.0814142
-0.1457424
-0.0518582
-0.0870381
0.0135388
0.0854976
-0.0354960
0.1527007
0.0731608
0.0519815
0.1059710
-0.1209861
0.0627548
0.1704550
0.0377973
0.0373169
-0.0545779
0.0473131
-0.0755746
0.0300548
0.0217370
-0.1881813
-0.0720101
-0.1176044
-0.2240639
-0.1401601
0.1018999
-0.0892255
0.0074599
0.0892138
-0.0226677
0.2487201
0.0515086
0.0010277
0.2357434
0.1370905
0.1127796
0.1008707
0.1117319
0.0481997
-0.1855546
-0.2084324
-0.5249772
-0.4092656
-0.1416407
-0.1567436
0.0662385
0.1518530
0.3507635
0.5257667
0.5705211
0.6640070
0.4894225
-0.0501831
-0.5151899
-0.6921381
-0.6515799
-0.4539594
-0.1780806
0.1573619
0.3892618
0.2486541
0.0402330
0.1797373
0.2875543
0.1697999
0.1361864
-0.0309618
-0.1253539
0.0062568
0.0162191
0.0190872
-0.0682594
-0.2068662
-0.0897204
0.0625613
0.1095237
0.0969809
-0.0172135
-0.0942015
-0.0146086
0.1342527
0.0716291
0.0486922
0.1938262
0.1642986
0.0407578
0.0872410
0.1786238
0.1211543
0.1168035
0.1327626
0.0723821
-0.0555144
-0.0554416
0.0308669
-0.1713046
-0.2424454
-0.0635816
0.1407263
0.0186181
-0.0135640
0.1916083
0.1169438
0.1971751
0.1495630
0.1138757
0.1956562
0.2112131
0.0559979
-0.1166392
-0.0040520
-0.2030502
-0.3881002
-0.3478543
-0.4495686
-0.4621038
-0.1350280
0.2893660
0.4393576
0.3739070
0.4273353
0.6555511
0.6788055
0.1496302
-0.3179592
-0.5419040
-0.9379859
-0.7925188
-0.2165143
0.0058285
0.0600801
0.1391349
0.1860715
0.1764263
0.2002753
0.3109250
0.1801773
0.0539475
0.0593860
0.0331385
0.0504050
-0.0977583
-0.1809862
-0.1089598
-0.2329071
-0.0309612
0.0215138
-0.0663713
0.0652777
-0.1065439
-0.0543132
0.0127755
-0.0136689
-0.0373299
0.0429843
0.1142948
0.0863449
0.1048111
-0.0553318
-0.0336431
0.0344240
0.1322800
-0.0133257
-0.0346238
0.0816005
-0.1507871
0.0345177
0.0567576
-0.0189714
-0.1658163
-0.0750621
0.0767444
-0.1644478
0.0289062
0.1047798
-0.0214803
-0.0881559
0.1067789
0.1873626
0.0734979
0.0451798
-0.0920522
0.0988015
0.1315760
-0.1513975
-0.2301503
-0.3170368
-0.4527615
-0.1456688
0.1326779
-0.0008780
0.1288315
-0.0284121
0.0790600
0.3556274
0.3815594
0.6439418
0.4494318
0.0288300
-0.5519463
-0.6816107
-0.5401673
-0.2562036
0.1192452
0.0946676
0.2150816
0.2374157
0.3093200
0.1317465
0.1184737
0.1409602
-0.0481221
0.0918679
0.0410432
0.1101141
-0.0497122
-0.2163863
0.0107888
0.0135213
-0.0117285
0.0018635
-0.1268555
0.0239074
0.2237402
-0.0046719
0.1043699
0.1077313
-0.0922185
0.1566250
0.1136993
0.0203126
-0.0706988
0.0761070
0.0885918
-0.1384777
0.0019862
-0.0080783
-0.0018301
0.0366707
-0.1069201
-0.2276801
-0.1347298
0.0582129
0.0350050
-0.0585584
0.0012833
0.0201252
0.0854680
0.1520476
0.0179974
0.1063647
0.1895410
-0.0024172
0.1281396
0.2176240
-0.0301876
-0.2966517
-0.2913771
-0.2757650
-0.4002451
-0.2632943
-0.1096704
-0.0024558
0.1040262
0.2847144
0.4818503
0.7474418
0.8643170
0.4618540
-0.0715217
-0.6623556
-0.8867009
-0.7904588
-0.5252006
-0.0441871
0.1533419
0.2230271
0.3217472
0.2890287
0.1808834
0.0822641
0.0893760
0.1575005
0.0600714
-0.0437345
0.0244235
0.0336972
-0.0415581
-0.0230632
-0.0021701
-0.1099998
-0.1163418
0.0166599
0.0667164
0.1431438
0.0335674
-0.0542595
0.0330385
0.0292147
0.0833681
0.0805374
0.0103814
0.0117967
-0.0224766
-0.1102642
-0.0697095
0.0896435
0.0594378
-0.0315774
0.0906306
0.0126111
-0.1088305
0.0600583
-0.0112483
-0.1764199
-0.0727497
-0.0940957
-0.0805561
0.1136917
0.0658619
0.0157366
0.0304950
0.0858292
0.1328805
0.0112678
0.1842841
0.0386480
-0.1363646
-0.0113264
0.0075185
-0.0599425
-0.3131150
-0.3600695
