0.2678487
0.1392296
-0.0926912
-0.2949511
-0.4488076
-0.3502245
-0.1742220
0.0192729
0.1206482
0.1174965
0.0821588
0.1018449
0.1853744
0.1865273
0.1363138
0.0675307
-0.0496595
-0.1189460
-0.1363353
-0.1556534
-0.1479848
-0.0756313
-0.0572464
-0.0349943
-0.0006148
0.0399394
0.0918035
0.0824144
0.0819019
0.0350211
0.0199553
0.0519567
-0.0315451
0.0177505
0.0030909
0.0092573
-0.0405439
-0.0602277
-0.0344655
-0.0339096
-0.0140783
-0.0406161
0.0415390
-0.0192012
0.0322760
0.0461706
-0.0255978
-0.0169882
0.0019006
0.0060803
-0.0209291
0.0186108
0.0234815
-0.0490592
-0.0347223
-0.0347729
0.0072579
0.0419039
-0.0307224
-0.0392458
-0.0212869
-0.0237064
0.0035397
0.0087378
-0.0140220
-0.0357992
-0.0355962
-0.0286466
0.0151649
0.0263084
0.0253525
0.0034251
0.0199063
-0.0027187
-0.0227017
0.0518170
0.0287314
0.0238660
0.0331978
-0.0335185
-0.0386265
-0.0126044
-0.0320315
-0.0322033
-0.0039803
0.0187152
0.0212330
0.0190511
0.0149692
-0.0097513
-0.0217134
0.0107321
0.0198550
-0.0035418
0.0284482
-0.0017595
-0.0615243
-0.0049147
-0.0347740
-0.0277796
0.0237855
-0.0367562
0.0106876
-0.0373558
0.0121186
0.0236950
-0.0063583
-0.0447549
0.0012013
0.0260753
-0.0415106
0.0276120
-0.0155101
0.0183011
0.0376629
-0.0065979
-0.0068664
0.0232508
0.0439641
0.0066110
-0.0519559
-0.0232481
0.0114799
0.0127779
0.0134226
-0.0084115
0.0376410
0.0172253
0.0210614
0.0419727
-0.0097868
-0.0344637
0.0009055
0.0256564
-0.0181689
-0.0471705
-0.0446359
-0.0099356
0.0178723
-0.0309489
-0.0003293
0.0518593
-0.0004749
0.0225064
0.0492574
-0.0018206
0.0276893
0.0506105
0.0308884
0.0469750
0.0090006
-0.0251111
0.0030866
-0.0469807
-0.0478563
-0.0356674
-0.0513478
-0.0488527
-0.0310608
0.0315480
-0.0105150
0.0078709
0.0421455
0.0801902
0.0398165
0.0634425
0.0358266
0.0038710
0.0143363
-0.0482718
-0.0318027
-0.1469091
-0.1550482
-0.0817910
-0.1067976
-0.0300570
0.0303391
0.0760343
0.1116667
0.1251154
0.2159399
0.2621167
0.2400428
0.1564609
0.0047712
-0.2767718
-0.5063214
-0.5523983
-0.3895132
-0.1157131
0.1355612
0.2607112
0.2300327
0.1650083
0.1494459
0.1478594
0.0805204
0.0390790
-0.0477881
-0.1265331
-0.1074740
-0.1442075
-0.1110990
-0.0460035
-0.0813326
-0.0421944
0.0225716
0.0721871
0.0911428
0.0694987
0.0861338
0.0583911
0.0742331
0.0546866
-0.0188335
0.0317210
-0.0060928
-0.0694927
-0.0458117
-0.0772724
-0.0283683
0.0278238
-0.0514330
-0.0038220
0.0219243
0.0149165
0.0185456
0.0127388
0.0690252
0.0533463
0.0590111
-0.0061918
-0.0419541
-0.0181979
0.0276517
0.0031098
-0.0332658
-0.0283426
-0.0475644
-0.0332906
-0.0218235
-0.0104769
-0.0368730
-0.0435789
0.0476299
-0.0197954
-0.0079240
0.0558785
-0.0112686
-0.0364651
-0.0169948
0.0210904
0.0107153
-0.0182668
-0.0368733
-0.0359148
-0.0027645
-0.0155454
-0.0006564
-0.0187579
-0.0035297
0.0354983
-0.0611909
-0.0148699
0.0282736
-0.0376873
0.0440575
0.0038917
-0.0137696
-0.0058043
0.0165179
-0.0102962
0.0183041
0.0186665
-0.0323140
0.0211029
-0.0397184
0.0212295
0.0261976
0.0335449
0.0260118
-0.0229081
0.0231366
-0.0007139
-0.0374902
-0.0370282
-0.0163511
0.0400238
-0.0129865
-0.0075717
0.0458136
-0.0066917
-0.0447665
-0.0269424
-0.0129104
-0.0172663
0.0094844
0.0251940
-0.0061749
-0.0160506
-0.0265352
-0.0080493
0.0016143
0.0249350
0.0563346
-0.0043953
-0.0588473
0.0113616
-0.0127191
-0.0103020
0.0172180
-0.0388321
0.0290056
-0.0341552
-0.0375868
-0.0071458
-0.0009898
-0.0012949
-0.0422807
-0.0449549
0.0126945
0.0182897
-0.0505719
-0.0194269
-0.0030292
-0.0214497
-0.0013902
0.0001652
0.0066342
0.0339203
0.0638187
0.0077141
-0.0434988
0.0001148
-0.0645523
-0.0706068
0.0002244
-0.0515854
0.0121621
-0.0281879
-0.0346044
0.0074431
-0.0037105
0.0619807
0.1110200
0.0780890
0.0321145
0.0673482
-0.0193816
-0.0404908
-0.0554712
-0.0617387
-0.1340459
-0.1405108
-0.0744686
-0.0851516
-0.0309665
0.0024454
0.0586494
0.1411966
0.2117791
0.2837943
0.2772003
0.2744190
0.1943003
-0.0114159
-0.2483932
-0.4872913
-0.5765769
-0.4281282
-0.1110029
0.1683542
0.2995133
0.3217881
0.2749870
0.1886951
0.1449252
0.0480611
0.0250148
-0.0096069
-0.1077129
-0.1160906
-0.1668863
-0.0785200
-0.0848287
-0.1182957
0.0036106
0.0369760
0.0065190
0.0823428
0.0927895
0.0382202
0.0568321
0.0514126
0.0376591
-0.0094652
-0.0610111
-0.0041866
0.0009462
-0.0174901
-0.0745523
-0.0369525
0.0092247
-0.0505337
-0.0119721
-0.0440276
-0.0003897
0.0601789
-0.0068672
0.0240862
0.0539816
0.0274171
0.0149183
-0.0421829
-0.0047817
-0.0030639
-0.0485892
0.0166383
-0.0326496
-0.0535232
0.0113689
0.0201631
-0.0211286
-0.0076279
-0.0287220
0.0067817
-0.0018094
-0.0250163
0.0504472
-0.0278847
0.0390334
0.0299536
-0.0047570
0.0134874
-0.0146774
-0.0065243
0.0254676
0.0047115
-0.0355672
-0.0058123
0.0046652
-0.0002492
0.0014326
-0.0241397
-0.0188432
-0.0184291
-0.0268632
-0.0031635
-0.0403001
0.0054168
0.0231845
-0.0342440
0.0271913
-0.0264716
-0.0455122
-0.0392230
-0.0230531
0.0539054
-0.0092902
-0.0312001
0.0130357
0.0283225
0.0378549
-0.0270684
-0.0324595
0.0007097
0.0436090
-0.0020826
-0.0049529
0.0091578
0.0007799
0.0463727
0.0257962
-0.0533162
-0.0211312
0.0462102
0.0104865
-0.0052936
-0.0401976
-0.0500394
-0.0220781
-0.0234957
-0.0017053
0.0020775
-0.0199381
0.0248624
0.0385424
-0.0094588
-0.0225624
-0.0245394
0.0165069
-0.0214534
-0.0633427
-0.0062353
0.0419912
0.0005895
-0.0323319
-0.0342737
-0.0398928
-0.0146968
