0.2454814
0.2210404
0.1569622
-0.0123445
-0.2443227
-0.4484294
-0.4767503
-0.2935018
-0.0938469
0.1152418
0.1887321
0.1810816
0.1807689
0.1222530
0.1683523
0.1922656
0.1504363
0.0878858
-0.0454034
-0.0948142
-0.0826987
-0.1410100
-0.1443709
-0.0772625
-0.0525343
-0.0403625
0.0040349
0.0429535
0.0270129
0.0568103
0.1020813
0.0703799
0.0539112
0.0431613
0.0132258
0.0342205
0.0464394
0.0021102
0.0022162
0.0183300
-0.0175890
-0.0320047
-0.0450834
-0.0478392
0.0063583
0.0132281
-0.0344042
-0.0364684
0.0037027
-0.0109255
-0.0255975
0.0097513
0.0208242
0.0091659
-0.0344733
0.0052979
0.0343328
-0.0338896
-0.0128224
-0.0039621
-0.0372506
-0.0308218
-0.0048443
0.0248967
-0.0129136
-0.0428338
0.0194100
0.0178815
-0.0027852
0.0168778
-0.0388438
-0.0330184
0.0392174
-0.0025185
-0.0371797
0.0314345
0.0411213
-0.0108510
-0.0140086
-0.0144811
-0.0520579
-0.0324935
0.0102442
0.0211012
0.0419191
0.0171076
0.0030514
-0.0221930
-0.0282642
-0.0087081
-0.0342788
0.0239491
0.0183605
0.0099875
0.0154718
-0.0336378
0.0329659
0.0247930
-0.0353998
-0.0074875
-0.0351809
-0.0398306
0.0271545
0.0309098
0.0371520
0.0305423
0.0237792
0.0109896
-0.0172871
0.0113290
-0.0096375
-0.0034813
-0.0203428
-0.0286893
0.0510203
0.0194277
-0.0407022
-0.0190663
0.0363160
-0.0113771
-0.0333478
0.0364289
0.0021345
0.0229479
0.0450674
-0.0113414
-0.0286091
-0.0366003
0.0035518
0.0308521
-0.0126162
0.0067462
0.0367411
-0.0000204
0.0290919
0.0530762
-0.0138322
-0.0229409
-0.0017364
-0.0196375
-0.0261140
-0.0344942
-0.0138912
0.0034531
-0.0104162
-0.0008957
0.0072691
-0.0163960
-0.0165193
0.0117003
-0.0287875
-0.0314971
0.0341761
0.0061127
-0.0244983
0.0106359
0.0014360
-0.0297502
0.0109486
0.0636935
0.0365518
0.0000268
0.0219355
0.0204961
-0.0001815
-0.0253765
-0.0732182
-0.0743044
-0.0665137
-0.0276562
0.0140236
0.0151654
0.0463017
0.0647250
0.0664273
0.0531805
0.0232290
0.0726433
0.0905523
0.0203411
0.0234906
-0.0171516
-0.0648683
-0.0410100
-0.0828152
-0.1053987
-0.0803248
-0.0877844
-0.0922095
-0.0513284
-0.0098254
0.0115500
0.0665859
0.1437649
0.1908482
0.2534504
0.2988469
0.2356517
0.1596734
0.0474621
-0.2489181
-0.5089453
-0.5747120
-0.4778824
-0.2205773
0.0430101
0.2491603
0.3330545
0.3297212
0.2415885
0.1174013
0.1193412
0.0805043
0.0302915
-0.0167888
-0.0936169
-0.1259152
-0.1741547
-0.1256171
-0.0415004
-0.0956530
-0.0677001
-0.0010044
-0.0324165
0.0618489
0.1097104
0.0346196
0.0707076
0.0996176
0.0313566
0.0059453
0.0359395
0.0475374
0.0098191
0.0119275
-0.0014850
-0.0719277
-0.0434453
-0.0551262
-0.0563963
-0.0025256
-0.0529084
-0.0418968
0.0375202
0.0125297
-0.0235857
-0.0055334
0.0239972
0.0400700
0.0076977
0.0026472
0.0303531
0.0381522
0.0314769
0.0252174
0.0213040
0.0022278
0.0008938
0.0168699
0.0136351
0.0020624
-0.0044030
0.0256768
0.0569831
-0.0121603
-0.0248288
0.0313330
0.0266787
0.0281263
-0.0173641
-0.0474263
-0.0065355
0.0320040
0.0243089
-0.0240455
0.0005115
0.0346119
-0.0178140
-0.0136270
0.0318399
0.0271735
0.0395732
0.0192253
-0.0053576
-0.0088229
-0.0030048
0.0385786
0.0502288
0.0149347
-0.0406475
0.0034664
0.0243137
-0.0147504
0.0092351
-0.0103072
0.0242690
0.0338089
0.0136436
0.0229374
-0.0004977
0.0377343
-0.0023339
-0.0559880
-0.0267740
0.0106645
0.0466186
0.0174851
0.0015813
0.0450657
0.0387253
0.0451875
0.0238173
-0.0305328
0.0166458
-0.0148587
-0.0246723
-0.0192934
-0.0338991
0.0204742
0.0019476
0.0275964
-0.0014407
-0.0015774
0.0237533
-0.0445066
0.0217170
0.0199186
-0.0554062
0.0068245
0.0205144
-0.0262879
0.0116646
0.0411166
0.0354486
0.0130298
-0.0504800
-0.0312720
0.0469027
0.0475939
0.0262033
0.0020251
-0.0513259
-0.0340610
-0.0405262
-0.0519443
0.0335958
-0.0239918
-0.0353671
0.0201957
-0.0119890
0.0101853
-0.0291158
-0.0145888
0.0474870
0.0226653
0.0022714
0.0047571
0.0320848
0.0485142
0.0187685
-0.0084049
-0.0112253
-0.0057416
0.0052361
-0.0159976
-0.0569974
-0.0532894
0.0094278
0.0235678
-0.0081414
0.0404947
0.0911343
0.0679289
0.0109599
0.0329529
0.0783116
0.0112609
-0.0016961
0.0333690
-0.0243583
-0.0588567
-0.0378674
-0.0729798
-0.1077897
-0.0698670
-0.0237498
0.0037151
0.0332464
0.0373198
0.0699867
0.1637071
0.1738060
0.1857845
0.2323610
0.1734352
0.0612754
-0.0888993
-0.2656381
-0.4288039
-0.4376968
-0.2677363
-0.0898150
0.0835179
0.1973108
0.1879717
0.1336035
0.0831034
0.0837127
0.1208397
0.0799051
0.0010602
-0.0303165
-0.0514764
-0.0578176
-0.0929820
-0.1253081
-0.0458463
-0.0699166
-0.0777418
0.0145608
-0.0306566
0.0045508
0.0926219
0.0731918
0.0771731
0.0503016
-0.0019294
0.0249959
0.0227387
0.0158163
0.0382509
0.0217505
-0.0253511
-0.0739712
-0.0412824
0.0186139
0.0113488
-0.0004366
0.0178121
0.0250173
0.0101101
0.0058224
0.0505040
0.0411928
-0.0242872
-0.0068371
0.0253529
0.0129698
0.0305923
0.0442421
0.0291231
0.0037649
-0.0155277
-0.0135932
-0.0322416
0.0064306
0.0131480
-0.0313939
0.0297516
0.0434846
0.0000482
0.0273658
0.0302492
0.0303521
0.0443011
0.0075577
0.0245848
0.0344036
-0.0031539
-0.0486217
-0.0373552
0.0082509
-0.0312643
0.0113500
0.0414523
0.0063751
0.0315000
-0.0091808
-0.0420355
0.0135031
0.0234170
0.0109379
0.0427633
0.0454057
0.0198328
0.0238745
0.0460617
0.0298809
0.0077699
-0.0028137
-0.0074126
0.0271836
0.0395117
0.0364192
-0.0294447
-0.0278230
0.0439635
-0.0249100
-0.0174720
0.0146507
