0.5577798
0.2571757
0.0553183
-0.1975035
-0.4275577
-0.4345462
-0.1087492
0.1176032
0.2787313
0.1032407
0.0809970
0.0606080
0.0053144
0.0499109
-0.2468411
0.0154658
-0.0284769
-0.1762550
-0.0445008
-0.0017952
0.1444014
0.0298060
-0.0750276
0.1392351
0.0038461
0.1590467
-0.1528125
-0.0707822
0.1405048
-0.1070601
-0.0310955
-0.0042529
-0.0487488
0.0742188
0.1452573
0.0179002
-0.0567938
0.2230442
0.0787586
-0.1251584
0.2130871
-0.0507687
0.0252613
0.0504428
0.0116475
0.0620347
-0.1063405
-0.0513494
0.0751828
-0.1129533
-0.1363860
0.1125221
0.0670584
-0.0467518
-0.0109218
0.1612993
0.1443857
0.0535304
0.0844701
-0.0883259
0.0161358
-0.1267561
0.0904486
0.0154512
0.0348410
0.1386785
-0.2264483
0.0019535
0.0935595
0.1775574
0.1040639
-0.0415123
-0.1103902
0.0707032
0.0059859
-0.0809684
-0.0974434
0.0125892
-0.0185870
0.1650002
0.1283314
0.1336120
-0.1261867
0.1692413
-0.0463858
-0.1544764
-0.0548038
-0.0601199
0.0082197
-0.0748767
0.0102527
-0.0732477
-0.0677485
-0.0265864
0.0564282
0.0939338
-0.0337780
-0.1963356
-0.1123961
-0.2265867
0.0087864
-0.0047267
0.1288282
0.1725870
-0.0976346
-0.2033006
0.0935068
0.0110009
-0.1497550
0.1416126
0.0847441
-0.1110806
0.1287205
0.1503599
-0.0041919
0.0037149
0.0897091
-0.0177535
0.0460451
-0.1846608
-0.0543356
0.0430710
-0.1635608
-0.0521518
-0.2164794
-0.0896885
-0.0079540
0.0449202
0.2276995
0.0925686
0.0945297
-0.1089011
-0.0671455
0.0747952
-0.0384754
-0.1544670
0.0315916
0.0326408
-0.1518172
-0.0523151
0.1285951
-0.0064793
-0.1145422
0.0625893
0.0464640
-0.0383588
0.0243695
0.0381572
-0.0799048
0.1025656
-0.0547256
-0.2533386
-0.0260139
0.0180005
0.2784070
0.4315441
-0.1216959
-0.3427790
-0.1278398
-0.1640683
-0.2762667
0.1861196
0.2154171
0.2402519
0.0052169
0.0442527
0.0072787
-0.0606755
0.0399143
-0.1896246
-0.1696744
-0.0047522
0.1126918
-0.0282054
0.0554312
0.1783311
0.0105009
-0.0340313
-0.0944408
-0.0373982
-0.2135498
0.1475664
-0.0525453
0.0356028
-0.0298662
-0.1841342
-0.0005901
-0.0805943
-0.1217607
-0.0020744
0.0144883
-0.0875553
-0.0004357
0.0483174
-0.0781231
0.1695587
0.1364868
-0.0446839
-0.0084445
0.1543454
0.0304685
-0.0843500
0.0792912
-0.0600072
0.1353657
0.0940870
-0.0861563
-0.0807644
0.1008141
-0.0782144
0.0473244
0.0620172
-0.0009840
0.0579534
0.0785047
0.0342128
-0.0917360
-0.0383160
0.1432922
-0.0014652
-0.1767126
-0.0269129
0.0918978
0.1308057
0.0331207
-0.1041645
-0.0900634
-0.1355181
-0.0276101
-0.0817289
-0.1423469
0.0361949
-0.0050624
-0.1036606
0.1158992
-0.0262980
-0.0938967
-0.1298620
0.1281738
0.0848217
0.0581962
-0.1215916
-0.0919395
-0.1886012
-0.0891748
0.1321526
0.0971882
0.1025447
-0.0077982
0.2067150
0.0749332
-0.0701080
0.1437455
-0.0749880
-0.0940743
0.1147727
0.0097692
0.0346483
-0.0994399
0.0240860
0.0534072
0.0491048
0.0008338
0.0256927
0.0261786
0.0880162
0.0120620
0.0462128
-0.0590930
0.1123114
-0.0953234
-0.1691649
-0.0419341
0.0782500
0.0583285
-0.0630608
0.0690289
0.0304972
0.1470869
-0.1995793
-0.0597127
0.0787958
-0.1276170
0.0170169
0.2131150
0.0179829
0.1377471
0.1981311
0.0257111
-0.1148694
0.0473749
-0.0928122
0.0888722
0.0843542
0.2065023
-0.0630007
-0.1907235
-0.1252591
-0.1232018
-0.1232708
0.0460145
-0.1380482
-0.0838252
0.1031789
0.0385267
0.0087046
-0.0288828
-0.0103658
-0.0011263
0.0092257
-0.0932256
-0.2598718
-0.2589535
0.0706124
-0.0351431
0.2154843
-0.0455059
0.1122476
0.0190253
-0.1205873
0.0149147
-0.0768453
0.0556255
-0.1273872
0.1630313
-0.0492299
0.1386211
0.1003169
0.0763530
0.2022552
0.0949536
0.0040120
0.1158471
0.0436150
-0.0112619
0.2503847
-0.1445350
0.0457382
-0.0917717
-0.1000084
-0.0923102
-0.0369355
0.1507836
-0.0944970
0.1329415
-0.1389135
0.0688287
0.0418451
-0.2136360
0.1024629
0.1817846
0.1558504
0.1064222
0.0531456
-0.1718252
0.0910297
0.0216310
-0.1772854
-0.0678317
0.0798655
-0.0246822
-0.1733204
-0.0568188
0.0104215
-0.0000043
0.1989943
-0.2090740
-0.0183109
-0.0362738
0.0217336
0.0992395
-0.1868265
-0.0333730
-0.0557707
0.1247844
0.1125287
-0.0102782
-0.0209462
-0.1839723
-0.2056888
0.0665578
0.1079885
-0.0101568
0.0842794
0.0536978
-0.1280349
0.1241168
-0.1827570
-0.0135410
0.1882944
-0.1321514
-0.0305599
-0.1581828
0.0846012
0.0994089
-0.1707335
0.1235885
-0.0647579
0.1541083
-0.1979038
0.0828385
-0.0505706
0.0253299
0.1680187
0.1303817
0.0039187
-0.1160010
-0.0803219
-0.0780721
-0.0448875
0.0824087
-0.0472221
-0.0595869
-0.0677337
-0.0427452
0.0922983
0.0021255
0.1293623
-0.0602888
-0.1496187
0.0269799
0.0389082
-0.1046463
0.0430605
0.0814479
-0.1380208
-0.1210210
-0.0790263
-0.1320249
0.1096698
0.0242406
-0.0212208
-0.0772010
0.0799319
0.0453757
-0.1728028
-0.1153922
-0.1852571
-0.0789738
-0.0722894
-0.2065864
0.0260601
-0.0127138
-0.1076923
0.1540289
0.0173762
0.0475473
0.1183321
0.0962139
0.0029034
-0.3053993
-0.2247800
-0.0054699
0.2782704
0.1401444
0.0194059
0.1256811
0.0657004
-0.3994303
-0.2279238
-0.1477117
0.0394574
0.2549359
0.0568305
0.0377644
-0.0357960
0.0670819
-0.2409858
-0.2285840
-0.2084475
0.0684330
0.0516187
-0.1077576
-0.1365336
-0.1541541
-0.0363669
0.1716015
-0.0591233
-0.0050320
-0.2109740
0.0902489
0.0891176
-0.0139534
0.0947866
0.0308147
-0.1496694
0.1023349
-0.0071102
-0.0521617
-0.1328401
-0.0370703
-0.0514121
-0.0308844
0.0950639
-0.0472098
0.0643026
-0.1283586
0.1626151
-0.0839582
0.0692087
