0.6143203
0.4911018
0.0447634
-0.4189029
-0.6142417
-0.3305215
0.0634216
0.1508935
0.0922023
0.0634552
0.0223516
0.0829960
0.0461229
0.0576867
0.0456585
-0.0081042
-0.0442938
0.0163055
0.0084066
-0.0698737
-0.0008426
0.0350716
-0.0363997
-0.0402587
-0.0436227
0.0581320
0.0564914
0.0347063
0.0493579
0.0205967
0.0571634
0.0090454
0.0527253
0.0119173
0.0076285
-0.0643808
-0.0426104
0.0571639
0.0076600
-0.0438790
0.0272906
0.0122982
0.0126526
-0.0067787
0.0183273
-0.0251311
-0.0506953
-0.0097277
-0.0215032
-0.0467877
-0.0240472
0.0166442
-0.0406933
0.0147527
0.0080062
-0.0238552
0.0477210
-0.0389943
-0.0077163
0.0145664
0.0344171
0.0758054
0.0123100
0.0229786
0.0065584
-0.0144408
-0.0027682
-0.0336640
-0.0351447
-0.0042386
-0.0441002
0.0398639
-0.0030252
-0.0679481
-0.0512089
0.0002174
0.0405267
-0.0162310
-0.0169555
-0.0615438
0.0334165
0.0154313
-0.0338585
-0.0381790
0.0143373
-0.0345891
-0.0703148
0.0419776
-0.0104844
0.0289438
0.0455800
-0.0464176
0.0165182
0.0500114
0.0537844
0.0339363
-0.0094068
-0.0321811
0.0004111
0.0097131
0.0176291
-0.0443361
0.0080300
0.0199955
-0.0003928
0.0583635
0.0520546
0.0384626
0.0187941
-0.0606980
-0.0459179
-0.0082921
-0.0164669
-0.0569978
-0.0284000
-0.0068157
-0.0391438
0.0559690
-0.0710267
0.0240407
-0.0091390
-0.0247028
-0.0136661
-0.0109560
-0.0152127
-0.0265265
0.0406986
-0.0309027
-0.0227330
0.0669632
0.0017199
-0.0544045
-0.0331713
-0.0425099
-0.0179118
-0.0087649
0.0497279
0.0606926
0.0101753
0.0254910
-0.0455010
-0.0017088
0.0087111
-0.0279472
-0.0374162
-0.0353215
-0.0091750
-0.0062377
0.0442331
0.0411574
-0.0445418
-0.0161513
-0.0354807
-0.0689240
-0.0112198
-0.0579260
0.0203899
0.0217050
-0.0624669
-0.0337565
0.0075430
-0.0005628
-0.0026943
-0.0539085
-0.0397800
0.0461928
-0.0090589
0.0473942
0.0064091
-0.0483807
-0.0437743
0.0035320
-0.0458989
-0.0155451
0.0243337
0.0307915
-0.0593761
0.0208046
-0.0744666
0.0343595
0.0301088
0.0376081
0.0334832
0.1004485
0.0787464
0.0347985
0.0310369
0.0020628
0.0308791
0.0167006
-0.0868158
-0.0334098
-0.1342514
-0.1638886
-0.2897881
-0.2352210
0.0819783
0.4735497
0.6524209
0.3076597
-0.1429361
-0.5322104
-0.4915176
-0.1488372
0.0740654
0.1797433
0.1040489
0.0716256
0.0973835
0.0126741
0.0603513
0.0369132
-0.0527699
-0.0709870
-0.0344104
-0.0410125
-0.0554093
0.0140366
-0.0484619
-0.0610349
-0.0337681
0.0294971
0.0143701
-0.0053075
-0.0454376
0.0050189
-0.0015521
0.0441861
0.0625486
0.0579533
0.0196053
0.0171399
0.0397846
0.0271450
-0.0451494
-0.0523818
0.0154836
-0.0470981
-0.0627524
-0.0100488
-0.0125882
-0.0146214
0.0133945
-0.0583327
0.0593304
-0.0566078
-0.0062758
-0.0626037
-0.0583005
0.0533961
0.0416824
0.0005867
0.0077994
0.0645948
0.0053128
-0.0265005
-0.0056394
-0.0139039
0.0542934
-0.0118242
0.0541248
0.0397391
0.0362769
-0.0830341
-0.0364019
-0.0271730
-0.0312469
-0.0195543
0.0008969
-0.0024883
-0.0656543
-0.0393446
-0.0583539
-0.0072774
0.0475879
0.0221934
0.0439284
0.0182113
-0.0278388
-0.0171138
0.0354310
0.0381615
0.0022930
0.0040714
0.0072133
-0.0189497
-0.0046468
0.0064632
-0.0834331
0.0400902
-0.0409016
-0.0114625
-0.0256564
-0.0365106
-0.0005379
0.0341190
0.0532334
0.0109976
0.0400792
0.0416804
0.0694104
0.0022918
0.0520956
-0.0204860
-0.0383016
0.0283190
-0.0016827
0.0559236
0.0337308
-0.0001850
0.0055711
0.0556870
0.0104382
0.0196071
0.0241360
0.0500482
-0.0383822
0.0364909
0.0640995
-0.0271952
0.0543534
-0.0511312
0.0183486
-0.0498173
0.0019918
0.0319437
0.0109529
-0.0072602
-0.0303057
-0.0594892
-0.0390105
0.0705668
0.0425334
-0.0611912
-0.0110465
0.0290735
-0.0506246
-0.0100141
-0.0065543
-0.0221775
0.0135279
-0.0223521
0.0130266
-0.0771104
0.0279432
0.0341755
0.0375148
0.0339202
-0.0564635
-0.0308013
-0.0334603
0.0506192
0.0181533
0.0042850
0.0259120
-0.0576447
-0.0412545
-0.0698258
0.0132314
0.0696441
0.0288825
-0.0202127
-0.0119204
-0.0183311
0.0013696
0.0160712
0.0444427
0.0203842
0.0015238
0.0148404
-0.0539500
-0.0098918
-0.0302111
0.0081502
-0.0264053
-0.0695789
0.0403987
-0.0186470
0.0329071
-0.0330295
0.0182029
-0.0097491
-0.0026344
0.0917113
0.0652246
0.0816118
-0.0045139
-0.0470899
-0.0945222
-0.0133902
-0.0244472
-0.0917087
-0.1448778
-0.2809406
-0.0332708
0.2757187
0.6605476
0.5207368
0.1244536
-0.4601818
-0.5864221
-0.3317985
-0.0262476
0.1822382
0.1694032
0.0824024
0.1131797
0.0588335
0.0615728
0.0001064
-0.0395894
-0.0671139
-0.0614218
-0.0833285
-0.0010408
-0.0339165
-0.0750981
-0.0016338
-0.0509109
-0.0399449
-0.0069271
0.0092434
-0.0289846
-0.0457460
-0.0138261
0.0382567
-0.0166344
-0.0149585
-0.0252270
-0.0504092
-0.0330062
-0.0493858
0.0074013
0.0305685
-0.0064196
0.0613162
-0.0102492
-0.0081703
0.0059096
0.0047839
0.0363040
0.0657795
0.0147920
0.0350590
-0.0054592
-0.0167334
-0.0334753
-0.0161565
0.0016932
-0.0413254
-0.0702118
0.0092633
-0.0229323
-0.0765130
0.0125977
0.0101914
0.0094457
-0.0657372
0.0297103
-0.0332016
0.0231913
0.0202146
0.0422186
0.0228175
0.0140505
0.0485237
-0.0047919
-0.0253001
0.0236287
0.0365256
0.0638473
0.0260971
-0.0245720
0.0101610
-0.0387769
0.0122023
-0.0553676
-0.0361317
0.0194234
0.0009378
-0.0003689
-0.0105603
0.0329513
0.0296133
0.0048494
-0.0410732
0.0560885
-0.0384033
-0.0497569
-0.0351316
0.0731498
0.0313187
0.0248214
0.0172104
0.0105562
0.0249304
0.0110012
0.0599948
0.0323184
-0.0395012
