0.6062293
0.5180167
0.1193780
-0.4087353
-0.5821634
-0.4280364
-0.0488251
0.1570612
0.1764322
0.0715531
0.0742345
0.0278589
0.0187403
0.0181233
-0.0517246
0.0231019
0.0018655
-0.0361911
-0.0762262
0.0060226
-0.0248666
0.0354193
-0.0105620
0.0436820
0.0089097
0.0333558
0.0608908
0.0613661
0.0536928
0.0047698
0.0294693
0.0162784
-0.0626489
0.0461157
-0.0557190
0.0092572
-0.0686633
0.0104960
0.0019969
0.0166082
0.0623532
0.0360775
0.0475725
0.0603667
0.0497029
0.0131334
0.0233070
-0.0379705
-0.0581083
0.0031125
0.0166871
-0.0227902
-0.0569250
-0.0213649
-0.0017033
-0.0126384
0.0066123
-0.0539520
-0.0201218
0.0416051
0.0188134
-0.0603389
0.0083677
-0.0072743
0.0375551
-0.0241463
-0.0545771
0.0222803
-0.0567868
0.0188799
0.0570113
-0.0241542
-0.0496288
-0.0104501
0.0522482
0.0530188
-0.0433175
-0.0079332
-0.0371333
0.0094345
-0.0608031
0.0606055
-0.0315491
0.0535508
-0.0593175
-0.0153202
0.0071184
-0.0463007
-0.0157811
-0.0520267
0.0524608
0.0007310
-0.0096238
0.0404266
-0.0553533
0.0582132
0.0110807
0.0301876
-0.0610468
0.0027667
0.0165271
-0.0490944
0.0502743
-0.0540524
0.0108203
-0.0371754
-0.0257757
0.0283577
-0.0246953
0.0458053
0.0289128
-0.0249685
-0.0367768
-0.0193340
-0.0209125
-0.0010873
-0.0339439
-0.0577593
-0.0191132
0.0564316
-0.0166923
-0.0586266
-0.0435670
-0.0041271
0.0286887
-0.0172244
0.0291506
-0.0199058
0.0055510
-0.0319063
0.0620454
0.0045894
-0.0575607
0.0140129
-0.0368633
0.0320379
-0.0037681
-0.0195494
-0.0217493
-0.0449239
0.0275260
-0.0143488
0.0091680
-0.0424781
0.0177126
-0.0053549
0.0230282
-0.0374663
-0.0027794
-0.0025926
-0.0066159
-0.0294401
0.0148658
0.0050269
-0.0452913
-0.0168015
-0.0491701
0.0143023
0.0068950
0.0492878
-0.0090401
-0.0347837
0.0134181
-0.0155949
0.0340830
-0.0532106
0.0509424
-0.0085131
-0.0326058
0.0521356
-0.0271072
0.0098508
0.0092490
-0.0039028
-0.0530648
0.0395852
-0.0675186
-0.0382429
0.0382289
0.0230494
0.0377218
0.0536362
0.0321313
0.0783115
0.0434192
0.0911658
0.0849450
-0.0225681
0.0820775
0.0209714
0.0126677
-0.0877917
-0.1051321
-0.0828796
-0.0822063
-0.2398535
-0.1834762
0.0421850
0.4349465
0.6406486
0.3659290
-0.0352625
-0.4724497
-0.5729834
-0.2917076
-0.0019648
0.1390877
0.1586996
0.1132895
0.0890349
0.0783684
0.0526996
-0.0367805
-0.0450674
-0.0430428
0.0135321
-0.0890689
-0.0704122
-0.0925849
-0.0337658
0.0232804
-0.0178445
0.0169989
-0.0096917
-0.0082105
0.0397416
-0.0175984
-0.0433997
0.0114208
0.0136553
0.0010770
-0.0057791
0.0485145
0.0202721
0.0254904
-0.0362144
-0.0376380
-0.0371512
0.0101810
-0.0158773
-0.0008036
0.0490600
-0.0261802
0.0613404
-0.0525457
-0.0533010
-0.0428853
0.0290427
-0.0598713
-0.0194205
-0.0152408
0.0509684
-0.0487523
0.0436948
0.0068033
-0.0267747
0.0460635
-0.0335714
0.0303479
0.0224409
0.0505899
-0.0009209
-0.0553290
0.0042382
-0.0610770
0.0126164
-0.0335339
0.0266945
0.0223936
0.0485459
0.0415739
0.0209325
-0.0058527
-0.0334635
-0.0109997
-0.0238809
-0.0482139
-0.0572904
-0.0351938
0.0179036
-0.0210846
-0.0026099
-0.0326887
0.0309013
-0.0085504
0.0316141
-0.0496865
-0.0624389
-0.0619979
-0.0316467
-0.0023801
0.0587917
-0.0291380
0.0158343
-0.0373141
0.0074358
0.0583731
0.0470683
0.0548986
0.0280875
0.0372481
-0.0330192
-0.0387228
0.0150964
0.0219628
0.0508843
-0.0186111
-0.0116412
-0.0199288
0.0083239
0.0234468
0.0332301
0.0077505
-0.0486142
0.0161663
0.0359646
0.0543830
-0.0408106
-0.0084927
-0.0063232
-0.0597907
-0.0326900
0.0536731
-0.0103051
-0.0209182
0.0078944
0.0392120
-0.0274808
-0.0548461
-0.0377970
-0.0035738
-0.0098965
0.0452482
0.0347316
0.0089783
-0.0514044
-0.0043780
-0.0369572
-0.0481209
0.0262619
-0.0353875
-0.0352241
-0.0050520
-0.0432912
0.0402311
-0.0130837
0.0243865
0.0613320
-0.0227610
0.0073103
-0.0103274
-0.0420405
0.0349309
-0.0220854
0.0007538
-0.0133677
-0.0675638
0.0360463
0.0179215
-0.0187306
-0.0009698
0.0079832
0.0286005
0.0406519
-0.0017694
-0.0085450
-0.0048416
-0.0410666
-0.0199785
0.0444973
-0.0384244
0.0104977
-0.0314102
-0.0572433
0.0454204
-0.0532229
0.0445127
-0.0494904
-0.0593384
0.0459334
-0.0277373
0.0524974
0.0628715
0.0531887
-0.0399271
0.0331311
-0.0025968
-0.0797939
-0.0768479
-0.0996259
-0.0987308
-0.1004378
-0.2511928
-0.1087304
0.1847402
0.4616120
0.5678285
0.2939207
-0.2818222
-0.5417496
-0.3674451
-0.1144347
0.1679596
0.1236697
0.0733979
0.0495251
0.0281390
0.1195462
0.0800756
0.0491762
-0.0499019
-0.0374799
0.0020437
0.0022644
0.0036978
-0.0459500
-0.0435953
-0.0620159
-0.0132590
-0.0056337
-0.0287534
0.0114709
0.0643160
0.0190233
0.0035113
-0.0165157
0.0495106
-0.0500525
0.0521284
-0.0701980
0.0078892
-0.0225720
0.0528912
-0.0134401
-0.0612528
-0.0331639
0.0016713
-0.0544957
0.0443221
0.0283485
-0.0183043
0.0611219
-0.0498525
-0.0394827
-0.0309044
-0.0525420
0.0043355
0.0127072
0.0319496
-0.0433223
0.0369720
-0.0412056
-0.0056709
-0.0164407
-0.0409347
-0.0569298
0.0470102
-0.0296706
0.0068380
-0.0211955
-0.0374621
0.0605382
0.0030315
-0.0304950
0.0277669
-0.0338920
-0.0345771
0.0303815
0.0375580
0.0385705
0.0554807
0.0424736
0.0500768
-0.0523958
0.0071711
-0.0521551
0.0547067
0.0309302
-0.0446717
-0.0125082
0.0140247
0.0562734
-0.0397124
0.0276817
0.0444770
-0.0299304
0.0558274
0.0032935
-0.0541431
-0.0528394
-0.0276659
-0.0143270
-0.0358610
0.0215343
-0.0036311
0.0459193
-0.0609756
-0.0413897
0.0118803
-0.0444961
