0.8560880
0.7439142
0.1654100
-0.2701889
-0.4372338
-0.3305867
-0.0927205
-0.1201846
-0.0268137
0.0408967
0.0483573
0.1260131
0.0875696
0.1457487
0.1243219
-0.0520108
-0.0386105
-0.0033143
-0.0555472
-0.0948281
-0.1104444
0.0434138
0.0061809
0.0496130
0.0036265
-0.0185384
0.0105791
0.0185068
0.0254558
-0.0269705
-0.0242660
-0.0510879
0.0530190
0.0408548
0.0350738
-0.0547314
0.0606800
0.0007287
-0.0464938
-0.0429198
-0.0356975
-0.0151194
-0.0637906
0.1088039
-0.0330464
0.0366663
0.0465073
0.0288321
0.0843977
-0.0864298
-0.0217779
0.0772542
0.0090302
0.0615085
0.0205621
0.0555767
0.0806826
0.0700366
-0.0725008
-0.0399213
-0.0698379
0.0369641
0.0078429
0.0217451
-0.0243811
-0.0556389
0.0820773
0.0110155
-0.0267131
0.0928191
-0.0025979
0.0108506
0.0835376
-0.0361818
-0.0475090
-0.0882621
-0.0466093
-0.0707761
0.0630317
0.0588701
-0.0112981
0.1014345
-0.0055943
-0.0838052
0.0601463
0.0815244
0.1042777
-0.0331671
0.0144385
0.0712072
-0.0362466
0.0419793
-0.0752813
0.0076404
-0.0158444
0.0134361
-0.0204592
0.0253395
0.0243740
0.0738430
0.1001670
-0.0349478
0.0367647
0.0775173
0.0397655
-0.0531228
-0.0035218
0.0712058
0.0689687
0.0458978
0.1118750
-0.0639142
0.0234558
-0.0256345
-0.1223205
0.0188548
0.0792250
-0.0633965
0.0930111
0.0877669
0.0832861
0.0102607
-0.1259728
0.0034265
0.0294588
0.0659370
0.0004641
-0.1221041
-0.0374261
-0.0451530
0.0484705
-0.0214844
0.0776472
0.0247097
0.0158379
0.0028125
-0.0247247
-0.0767570
-0.0643366
-0.0502427
-0.0004889
0.0562179
-0.0457854
-0.0663190
0.0694968
0.0612628
0.0595970
-0.0157414
-0.0307579
-0.0811020
-0.0558983
-0.0259979
0.0416287
0.1004793
0.0029138
-0.0188502
0.0356412
-0.0670484
-0.0812658
-0.0497449
-0.0984669
-0.0741046
0.0612768
0.0365797
-0.0185771
0.0820947
0.0671185
-0.0074259
0.0059621
0.0432667
0.0498542
0.0481587
0.0325617
-0.1141274
-0.1033148
-0.1288931
-0.0884114
-0.0270854
-0.0789042
-0.0131726
0.0797579
0.1524335
0.1976122
0.2235207
0.1371087
-0.0122576
-0.0086668
-0.0348541
-0.1167807
-0.2886463
-0.5529870
-0.4401144
-0.0807952
0.6947747
0.9919929
0.7624149
0.0784182
-0.5473549
-0.6204656
-0.3063710
-0.0954557
0.0264768
-0.0077631
0.1027002
0.1603824
0.2536022
0.1912684
0.1152028
0.0394409
-0.1044383
0.0077337
-0.0554794
-0.1339047
-0.0523504
-0.1058021
-0.1097116
-0.0145248
-0.0852927
0.0100157
0.0649043
-0.0123051
0.1584945
0.0692070
0.0739347
0.0667008
0.0719739
0.0227472
-0.0715511
-0.0840785
-0.0156202
0.0086889
0.0454119
-0.0614873
-0.0622770
0.0272488
0.1325948
-0.0089697
-0.0237924
-0.0163628
-0.0296773
0.0088013
-0.0396973
0.0654495
0.0861346
0.0678842
0.0785969
-0.0242974
-0.0541197
-0.0117004
0.0175422
0.0594437
0.0777676
-0.0429759
-0.0692236
0.0573007
-0.0769427
0.0436094
-0.0142838
0.0475366
0.0015610
0.0819109
-0.0080885
-0.1021931
-0.0850384
-0.0427326
0.0678647
-0.0485340
0.0189352
-0.0552605
-0.0929150
-0.0239507
-0.0110154
-0.0784572
-0.0577270
0.0083780
-0.0799269
-0.0290460
-0.1172468
0.0329471
-0.0088947
-0.0637425
0.0321853
0.0277103
0.0737821
0.0141353
0.0039226
0.0641945
0.0089513
0.0145775
-0.0143307
0.0663496
0.0695734
0.0360111
-0.0339216
0.0574194
0.0427574
-0.0360852
0.0212820
0.0891432
-0.0704328
-0.0724169
0.0753824
0.0296514
-0.0457409
-0.0612485
0.0194475
-0.0334959
0.0142796
0.0816273
-0.0542017
-0.0938471
0.0142717
-0.0040723
-0.0885079
0.0296168
-0.0476163
-0.0456374
-0.0103754
-0.0678116
0.0950154
-0.0017381
-0.0333032
0.0383717
0.0134347
0.0006014
0.0342591
0.0431330
0.0389994
-0.0143992
0.0960912
0.0688228
-0.0260544
0.0698683
0.0181662
-0.0949205
-0.0628202
-0.0192765
-0.0320115
-0.0263410
0.0266649
0.0259880
0.0664470
-0.0235560
-0.0359835
-0.0748082
-0.0051501
0.0236342
-0.0153341
0.0052561
-0.1001831
0.0758815
0.0236413
0.0185025
-0.0784321
-0.0014832
-0.0682155
0.0339402
-0.0065933
-0.0344119
0.0499683
0.0680711
-0.0015083
0.0544799
0.0204517
-0.0026804
0.0595721
-0.0428531
-0.0122333
-0.0937895
-0.1323286
-0.0419488
-0.0444343
-0.1385642
-0.0539202
-0.0194327
0.0457793
0.0167683
0.0836038
0.1324726
0.1270273
0.1713858
-0.0384755
0.0342428
-0.0638993
-0.1094370
-0.2325826
-0.5641258
-0.5421946
-0.0122061
0.5882075
0.9856336
0.8868299
0.1248660
-0.3760204
-0.6179563
-0.3656127
-0.1449845
0.0129944
0.0373103
0.0238988
0.2239788
0.2266296
0.1496532
0.0390230
0.1224043
0.0588682
-0.0154363
-0.0231496
-0.0779193
-0.0070038
-0.0300826
-0.0888904
0.0011363
-0.0413614
0.1002969
0.0552832
0.0916593
0.0517766
0.0358554
0.0738309
0.0238445
-0.0533288
0.0630030
0.0782859
0.0307851
0.0350232
0.0797098
-0.0168080
-0.0243692
-0.0068660
0.0585143
0.0128473
-0.1080534
0.0491898
0.0710839
-0.0549433
-0.1041475
-0.0279458
-0.0625398
0.0806491
0.1024461
0.0070262
-0.0577887
0.0920767
0.0111344
-0.1247425
-0.0076106
-0.0131638
-0.0544230
-0.0009126
-0.0783220
-0.0696044
0.0355801
0.0537635
0.0515849
0.0782458
0.0586122
-0.0521235
-0.0626897
0.0842031
0.0184563
-0.0008752
-0.0059091
-0.0174674
0.0333079
-0.0204449
0.0512442
-0.0544693
-0.0190127
0.0112652
0.0154912
0.0871246
0.0542139
0.1153097
-0.0000537
-0.0098938
0.0643395
-0.0873758
0.0042993
-0.0471695
-0.0224713
-0.0850773
-0.0771992
-0.0262688
-0.0732870
0.1133156
0.0082275
0.0516977
0.0193447
0.0254964
-0.0347219
0.0050390
-0.0313594
0.0375422
0.0382725
0.0688610
-0.0550516
-0.0257103
0.0215843
-0.0248805
