0.7974452
0.8636523
0.5688253
-0.1031377
-0.4383400
-0.4280087
-0.2408158
-0.1633493
-0.0967564
-0.0857865
0.1194211
0.1060659
0.1913030
0.1611758
0.1493435
-0.0376685
0.0180473
0.0188113
-0.0790679
-0.0985733
-0.1355046
-0.0460211
0.0088387
-0.0196715
-0.0732389
-0.0412573
-0.0550222
0.0047563
0.0801383
0.0068656
0.0620986
0.0043812
0.0833840
0.0691063
0.0285469
0.0562938
0.0638615
0.0189556
-0.0470209
0.0234223
-0.0221002
-0.0309768
0.0289908
-0.0014056
0.0226367
0.0407047
-0.0455504
0.0567687
0.0934982
0.0734026
0.0444365
-0.0806954
0.0116526
0.0373361
-0.0641627
0.0341625
-0.0639726
-0.0141946
-0.0548728
-0.0202042
0.1182703
-0.0055359
0.0356416
0.0383805
-0.0583024
0.0757557
0.0238357
-0.0857242
-0.0758984
-0.0403769
-0.0971017
0.0474748
-0.0131693
-0.1005099
0.0595232
0.0752829
0.0107738
-0.0289593
0.0639434
-0.0391152
-0.0273845
-0.0693007
0.0110670
-0.0185308
-0.0531661
0.0147799
0.0373758
0.0871169
0.0012788
-0.0434896
0.0387093
0.0452366
0.0621623
-0.0141503
0.0512226
-0.0259677
0.0580625
-0.0171943
-0.0158209
0.1015144
-0.0008925
0.0141580
0.0871176
0.0300972
-0.0298391
-0.0297482
0.0166555
0.0727387
-0.0208239
-0.0235696
0.1032060
0.0272766
0.0579917
0.0207688
-0.0742172
-0.0301295
0.0781386
-0.0277991
-0.0428281
-0.0643557
0.0274321
-0.0459149
-0.0332012
0.0477271
0.0748247
0.0310981
-0.0515625
-0.0886629
0.0398551
0.0341035
-0.1049085
0.0774410
-0.0336944
-0.0310849
0.0724380
-0.0156959
0.0685635
0.0253413
-0.0616137
-0.0349341
-0.0758757
-0.0965783
0.0283900
0.1068227
-0.0818045
0.0233053
0.0669280
0.0648767
-0.0029968
0.0429735
-0.0346852
0.0293033
0.0372423
0.0512601
-0.0269009
0.0301958
-0.0460926
-0.0037439
-0.0249943
0.0469177
0.0735915
0.0455112
-0.0320238
-0.0581110
0.0292453
-0.0403652
-0.0028209
0.0504394
-0.0572601
0.0536964
0.1134439
0.0440506
-0.0887129
-0.0081558
0.0167680
-0.0517002
-0.0619811
-0.0879156
-0.0021187
-0.0488822
-0.0455938
-0.0332489
0.1095639
0.0661799
0.1128241
0.1818643
0.1348527
0.0037960
-0.0002696
-0.0557559
-0.1633667
-0.2244230
-0.4229911
-0.5127780
-0.3491058
0.0147410
0.6391786
0.9306734
0.6599365
0.1527933
-0.4088269
-0.4985062
-0.3913329
-0.1847707
-0.1183882
-0.0562378
0.0067734
0.0128621
0.1847739
0.0734359
0.0735464
0.0971914
0.0024715
0.0050713
-0.0628787
-0.0533907
-0.0706863
-0.0598007
-0.0432252
-0.0896661
-0.0511903
-0.0641871
-0.0416126
-0.0278031
0.0379991
-0.0510844
-0.0172614
0.0967105
0.0617334
0.0960394
0.0025140
-0.0600057
-0.0995471
-0.0598222
0.0186108
-0.0262125
-0.0065263
-0.0749950
-0.0184186
0.0038193
-0.0051888
0.0638086
-0.0200779
-0.0101493
0.0300964
-0.0567608
-0.0758394
-0.0489731
0.0412029
-0.0106710
0.0322507
0.0370930
-0.0664890
0.0006492
0.0530791
0.0571175
-0.0458663
-0.0314435
0.0588365
0.0306084
0.1123365
0.0711435
0.0364035
-0.0553629
-0.0276993
0.0126759
-0.0501502
-0.0089164
0.0416673
0.0277514
0.0312990
-0.1139244
-0.0002673
-0.0658804
0.0379053
-0.0296993
-0.0206245
-0.0449494
-0.0289523
0.0506106
0.0420565
-0.0016081
0.0118415
0.0164501
0.0186614
0.0068737
-0.0690978
-0.0752032
-0.0163731
-0.0830302
-0.0258602
0.0474699
0.0212182
0.0024542
-0.0189959
-0.0380179
-0.0104145
0.0569646
0.0569891
-0.0853159
-0.0242810
0.0679097
-0.0913343
-0.0698571
-0.0063107
-0.0228561
-0.0149051
-0.0088769
-0.0446915
-0.0651956
0.0047759
0.0304735
0.0651256
-0.0635630
0.0413710
-0.0353719
-0.0090760
-0.0311842
-0.0256591
-0.0063836
0.0185302
0.0019791
-0.0683571
-0.0473770
-0.0418292
-0.0059948
-0.0433134
-0.0178778
0.0375012
0.0043848
-0.0263380
0.0527901
-0.0294589
-0.0922973
-0.0401156
-0.0386162
0.0654760
0.0309904
0.0237062
0.0640380
-0.0993752
0.0415746
0.0134256
0.0220276
-0.0117494
-0.0536252
-0.1066215
0.0407512
-0.0242936
0.0353731
0.0266792
-0.0579139
0.0413850
0.0656012
0.0047185
0.0177997
-0.0718513
-0.0077828
0.0203969
0.0538130
-0.0513094
-0.0513741
-0.0197563
-0.0057176
0.0200928
0.0019563
0.0485794
0.0500526
0.1214154
-0.0089864
-0.0654151
0.0461452
0.0709087
-0.0634353
-0.0099906
-0.0255144
0.0049370
-0.1195567
-0.1260824
0.0685556
-0.0088108
0.0006180
0.0940906
0.1035750
0.0238739
0.1411391
-0.0105685
0.0028860
0.0032692
-0.0971962
-0.1498678
-0.3000015
-0.5306236
-0.4915154
-0.1201845
0.3392983
0.8205447
0.7101773
0.3169201
-0.2613061
-0.3920244
-0.3887125
-0.2731118
-0.1349585
-0.0996041
-0.0078064
-0.0398377
0.1376738
0.1537126
0.0481624
0.0462646
0.0738694
0.0767371
-0.0251369
-0.1189744
-0.0119183
0.0542406
0.0379239
0.0164690
0.0372779
0.0129315
0.0281653
0.0304788
-0.0508599
-0.0712626
0.0252730
-0.0059151
-0.0852289
0.0733632
0.0536528
-0.0501739
-0.0732566
0.0416085
-0.0487756
-0.0164934
0.0961536
-0.0098533
0.0237499
0.0021276
-0.0687467
-0.0236610
0.0184944
-0.0447143
-0.0142476
0.0830934
-0.0553349
0.0437080
-0.0458320
-0.0079384
0.0430997
-0.0257104
-0.0092666
0.0316286
0.0095988
-0.0436118
0.0740911
0.0267836
-0.0249355
0.0356002
-0.0526871
0.0010622
0.0776596
0.0157229
0.0539968
0.0764865
0.0346203
-0.0825766
0.0386778
0.0713370
0.0676960
0.0445890
0.0078177
0.0037370
0.0390679
0.0104553
-0.0957351
-0.0389124
0.0649097
-0.0000153
0.0707297
0.0109851
-0.0806430
-0.0357032
0.0366943
-0.0073488
-0.0788915
-0.0653179
-0.0471724
0.0650406
0.0886300
0.0242444
0.0401748
0.0661385
-0.0192180
0.0638289
0.0500295
0.0261123
-0.0773585
-0.0083399
0.0337707
