0.8697094
0.9035239
0.2132853
-0.3356786
-0.4454294
-0.2954808
-0.1753939
-0.1150207
-0.0358758
-0.0543108
0.1826501
0.2041581
0.1893225
-0.0486814
0.0560906
0.0454554
-0.0041139
-0.0407515
-0.0788958
-0.0691775
-0.0363882
0.0015665
0.0407304
0.0738122
0.0314244
-0.0075262
0.0162824
0.0403999
0.0633578
-0.0601434
-0.0509777
-0.0778183
-0.0256466
-0.0754900
-0.0122575
-0.0444656
0.0492841
0.0184269
0.0683425
-0.0179901
-0.0199894
0.0431483
0.0919684
-0.0633596
0.0386133
-0.0046583
-0.0747443
-0.0310108
0.0038463
0.0554100
-0.0581728
0.0376347
0.0953931
0.0241676
-0.0694379
-0.0541098
-0.0283130
0.0943518
-0.0838345
0.0268730
0.0078327
-0.0101971
-0.0494757
-0.0457956
-0.0340334
-0.0524041
0.0440402
0.0283928
0.0361550
0.0050031
-0.0156909
-0.0519627
0.1118251
0.0071020
-0.0580449
0.0727924
-0.0459115
-0.0987645
-0.0244310
0.0700995
-0.0559301
0.0052927
-0.1109286
-0.0157465
0.0261616
-0.1068324
0.0573283
0.0204743
-0.0712188
0.0372298
-0.0028319
-0.0195693
-0.1120666
0.0516692
-0.0258412
0.0069609
0.1347903
-0.0631851
-0.0030930
0.0627945
0.0505741
0.0124408
-0.0241155
0.0210275
0.0096878
-0.1120069
0.0547922
0.0478341
-0.0731411
-0.0617828
0.0735916
-0.0163862
0.0297847
0.0450044
0.0730222
-0.0437025
-0.0412823
-0.0575019
-0.0565426
0.0533809
0.0640879
0.0103038
-0.0349810
0.0142326
0.1062456
-0.0417229
0.0217036
-0.0028266
-0.0209920
-0.0345757
0.0807263
-0.0535876
0.0344640
-0.0139865
0.0742775
-0.0435910
0.0248798
0.0193391
0.0146033
0.0868082
-0.0027283
-0.0017987
-0.0325230
0.0085275
0.0312098
-0.0459634
-0.0183480
-0.0374057
-0.0676278
-0.0741294
-0.0804940
-0.0526608
0.0181551
-0.0547287
0.0632623
-0.0070772
-0.0553745
0.0763400
0.0123544
0.0402600
-0.0239281
-0.1137855
-0.0091346
-0.0325441
-0.0901869
-0.0369959
0.0140792
-0.0951227
0.0070073
0.0286616
-0.0462327
0.0332740
0.0116122
0.0329704
0.0502350
-0.0579412
-0.0451076
0.0629110
-0.0822021
-0.1163029
-0.0991912
-0.1323759
-0.0223129
0.0823393
0.0446529
0.0020633
0.1026020
0.1759063
-0.0032021
0.0972251
0.0779547
-0.1437578
-0.0686131
-0.2045612
-0.2512914
-0.4846758
-0.4591960
0.0495430
0.7155120
0.9491594
0.6424917
-0.1502312
-0.5376288
-0.6000483
-0.3278332
-0.0523626
-0.0911141
0.0113315
0.1767094
0.2411081
0.0983076
0.0913852
0.1272731
0.0051692
0.0047758
-0.0349147
0.0054629
-0.1214964
-0.0722008
0.0648205
-0.0610946
0.0347312
0.0987540
-0.0236198
0.0345787
-0.0404790
0.0043235
0.0301156
0.0182280
-0.0729954
-0.0060993
-0.0979027
-0.0689624
-0.1065410
-0.0069366
0.0824660
0.0602062
-0.0255241
0.0467355
-0.0080836
-0.0597341
0.0054426
-0.0422302
-0.0050403
-0.0884954
-0.0558923
0.0561465
0.1056144
-0.0232867
0.0030932
0.0264979
0.0118386
0.0015391
-0.1101301
-0.0453236
-0.0080568
0.1042213
0.0509603
0.0292010
0.0350990
-0.0231261
-0.0046680
0.0652946
0.0006124
0.0659190
0.0781073
-0.0918465
-0.0035087
0.0247365
-0.0671899
0.0483931
-0.0228805
-0.0086514
0.0292327
-0.0657394
0.0244877
0.0830477
0.0735219
-0.0021101
-0.0265653
-0.0679032
-0.0881930
-0.0847901
-0.0614077
0.0766641
0.0475107
-0.0270434
-0.0492603
0.0002016
-0.0206756
-0.0716801
0.0064714
-0.0720680
0.0088825
0.1046869
0.0694211
0.0111927
-0.0566471
-0.0973413
-0.0737425
-0.0556702
-0.0267340
-0.0757668
0.0026855
0.0312743
-0.0895158
-0.0777893
0.0115379
-0.0230566
-0.0441183
0.0650500
-0.0017770
0.0352187
-0.0752418
-0.0895754
0.0159683
-0.0189433
-0.0612676
-0.0506239
0.0063725
0.1202333
-0.0637749
0.0434234
0.0624613
0.0280650
0.0098573
-0.0098272
0.0220653
0.0553046
0.0286837
0.0062650
-0.0602060
0.0529651
-0.0917827
-0.0616830
-0.0165626
0.0968395
0.0054670
-0.0289614
0.1180100
-0.0720210
0.0788003
0.0012034
-0.0919367
-0.0295610
-0.1092536
-0.0399617
0.0261596
-0.0265922
0.0578613
-0.0359313
0.0109335
-0.0596101
-0.0200074
-0.1030267
-0.0135461
0.0511166
0.0075307
-0.1035282
0.0484427
0.0354621
-0.0570341
-0.1064068
-0.0466095
0.0307605
-0.0341530
0.0356625
0.0189698
0.0661369
-0.0032556
-0.0250271
-0.0718069
-0.0730399
0.0116777
-0.0192216
-0.0516201
-0.0548070
-0.1219012
0.0169326
-0.0301655
0.0836087
0.0240570
0.1562918
0.1771456
0.1945024
0.1361207
-0.0269392
-0.1422540
-0.0258619
-0.1993271
-0.4690847
-0.6405845
-0.2805723
0.4189175
1.0487581
0.9516449
0.1484783
-0.4333165
-0.6636644
-0.4162150
-0.2465505
-0.1167424
-0.0091334
0.0520856
0.1594020
0.1609244
0.1552845
-0.0103078
-0.0057720
-0.0135614
-0.0683556
0.0258450
-0.1171168
-0.1331406
-0.1457325
-0.0341235
-0.0430063
-0.0627859
0.0068093
0.1163231
0.0888056
-0.0219952
0.1104965
0.0352538
-0.0922504
-0.0523217
0.0212605
0.0041829
-0.0204590
-0.1117980
-0.0565821
-0.0136373
0.0489594
0.0659543
-0.0827419
-0.0241264
-0.0599064
0.0268559
0.0941732
0.0519331
-0.0478908
0.0962423
0.0027354
0.0026694
0.1057399
0.0472557
0.0350907
0.0275650
0.0177970
0.0534701
0.0324183
0.0407269
0.0061099
0.0662455
0.0908644
-0.0163807
-0.0528699
-0.0707581
0.0453118
0.0327332
0.0419583
0.0680891
0.0692751
0.0394354
-0.0990854
0.0522969
-0.0638758
-0.0014356
0.0270988
-0.0271892
0.0713412
-0.0658326
-0.0406879
-0.1218900
-0.0233344
0.0788529
-0.0455265
0.0292362
-0.0386496
-0.0460356
-0.0609083
0.0460541
-0.0265962
-0.0929749
0.0688820
0.0280821
-0.0280635
0.0131992
-0.0335313
0.0417604
-0.0561738
0.1215242
-0.0458109
-0.0139776
-0.0152021
0.0718637
0.0675518
0.1037124
0.0460771
-0.0071017
