0.4048144
0.3881802
0.1751969
-0.1067076
-0.2661786
-0.2945125
-0.1506143
-0.0948348
0.0042113
0.0723072
0.0673855
0.1345208
0.0497865
0.0647467
0.0335781
-0.0464061
-0.0659112
-0.0470655
-0.0437388
-0.0465215
-0.0387600
-0.0343323
0.0276313
0.0082724
-0.0236217
0.0363083
0.0388286
-0.0193502
0.0066301
-0.0209566
-0.0047068
-0.0167587
-0.0059047
-0.0042415
-0.0275293
-0.0129854
0.0277534
-0.0125010
-0.0116579
-0.0282877
-0.0254412
-0.0326188
-0.0325589
0.0126838
0.0235330
0.0301909
0.0081843
0.0225293
0.0088656
0.0041895
0.0167647
0.0207937
0.0189207
-0.0042638
-0.0402482
-0.0008353
0.0130932
-0.0035270
0.0391282
0.0263794
0.0041502
-0.0017331
0.0225165
-0.0144364
0.0082614
-0.0138706
-0.0191507
0.0260629
0.0403302
0.0264470
0.0052635
-0.0197169
-0.0243425
-0.0105022
0.0002366
0.0284173
0.0368188
-0.0259990
-0.0179712
-0.0110446
0.0196853
0.0042612
0.0202348
0.0233444
0.0011632
0.0258868
-0.0418652
-0.0064341
0.0279194
-0.0051615
0.0252978
-0.0062542
-0.0094170
0.0438966
0.0375791
0.0199916
0.0133281
-0.0052532
-0.0295913
-0.0151553
-0.0442742
-0.0165138
0.0082982
-0.0173604
0.0312576
0.0155435
-0.0050141
-0.0336802
-0.0020608
0.0283373
-0.0170938
-0.0146053
-0.0234134
0.0191837
-0.0195576
-0.0059032
0.0202692
0.0062262
-0.0002123
-0.0224251
-0.0360058
-0.0232915
0.0105829
0.0317617
-0.0263564
0.0067073
0.0111240
-0.0227558
-0.0074351
-0.0074115
-0.0492148
-0.0021261
-0.0231787
-0.0103384
-0.0153059
-0.0385217
-0.0444236
0.0082838
0.0354005
0.0284501
0.0105463
-0.0016790
0.0124079
0.0009724
-0.0068250
0.0442676
0.0314926
0.0103665
0.0250104
0.0376594
0.0173785
-0.0064729
0.0293434
0.0202892
-0.0072631
-0.0074843
-0.0027637
-0.0261201
-0.0396693
0.0188540
-0.0155299
0.0280129
0.0403773
0.0345748
0.0099701
-0.0152972
-0.0108425
-0.0066659
0.0017923
-0.0240791
0.0072590
-0.0290105
-0.0118711
0.0502992
0.0018491
-0.0116986
0.0013051
0.0049114
0.0114417
-0.0181589
-0.0545398
-0.0090550
-0.0322608
-0.0240520
-0.0105796
-0.0373249
0.0217095
0.1002382
0.0740902
0.1237312
0.0929481
0.0546823
-0.0269716
-0.1129560
-0.2647872
-0.2981356
-0.2172036
0.0042268
0.3019843
0.4345795
0.3012857
0.0768193
-0.2367716
-0.3291129
-0.1732695
-0.0914117
-0.0597852
0.0050711
0.0516552
0.1043969
0.0772911
0.0933173
0.0564659
0.0066344
-0.0103844
-0.0827000
-0.0418925
-0.0200664
-0.0079229
-0.0441632
-0.0202019
-0.0220790
0.0366271
-0.0054063
0.0257724
0.0107390
0.0146143
0.0090778
-0.0102529
-0.0015897
-0.0549764
0.0159321
-0.0387604
0.0074698
-0.0050172
0.0084313
0.0090506
-0.0130032
0.0066462
0.0300912
-0.0133836
0.0251121
0.0197925
0.0057993
0.0175957
-0.0280440
-0.0381879
0.0265723
0.0021122
-0.0091365
0.0462800
0.0012850
0.0334126
-0.0438708
0.0116363
0.0009803
0.0127963
0.0044084
0.0016410
0.0128221
0.0162389
-0.0101747
-0.0450337
0.0118009
-0.0089569
-0.0061962
-0.0132542
-0.0387623
0.0141592
0.0245080
0.0256792
0.0150777
-0.0441839
-0.0249887
0.0228137
0.0334304
-0.0224714
0.0121733
-0.0029366
-0.0320177
-0.0398770
-0.0068945
-0.0019530
-0.0038415
0.0146593
0.0015253
0.0208452
0.0124299
-0.0046905
0.0290302
0.0103441
-0.0293135
0.0010292
0.0084660
-0.0149967
0.0294822
-0.0156610
0.0436733
-0.0142356
0.0086599
0.0313705
-0.0141462
-0.0092695
0.0017208
-0.0240906
0.0222887
0.0074031
-0.0258671
0.0081415
0.0189483
0.0248089
0.0113394
-0.0338288
-0.0280897
-0.0034937
0.0162447
0.0060302
-0.0320130
-0.0247901
0.0117135
0.0390819
0.0335000
-0.0222496
-0.0356540
0.0025547
-0.0124977
-0.0277368
-0.0318743
-0.0398625
-0.0223928
0.0325775
0.0068546
-0.0040829
-0.0227013
-0.0208778
0.0076999
-0.0006671
-0.0308503
-0.0146427
-0.0108701
-0.0340746
0.0153768
0.0196716
0.0232631
-0.0016330
0.0162437
0.0416186
-0.0125249
0.0252260
-0.0311895
-0.0317222
0.0050285
-0.0153766
-0.0315884
-0.0264247
-0.0112961
0.0033245
0.0118213
0.0505403
0.0168585
0.0229842
0.0438448
0.0118070
-0.0339900
0.0304378
-0.0114999
-0.0194165
-0.0163861
-0.0013252
0.0355682
0.0200079
0.0389627
0.0022432
-0.0177563
0.0008810
0.0511357
0.0007881
-0.0007065
-0.0306482
-0.0616356
-0.0437697
-0.0174442
-0.0473355
-0.0302695
0.0167919
0.0517527
0.0718997
0.0738907
0.1339177
0.0334555
0.0118874
-0.0880586
-0.1913808
-0.2971116
-0.2799466
-0.1084612
0.2050764
0.4002824
0.4160077
0.2044572
-0.1455562
-0.2651303
-0.2670802
-0.1591962
-0.0304533
0.0114659
0.0755216
0.1245506
0.1125424
0.1064716
0.0025151
0.0044714
-0.0331534
-0.0499104
-0.0241214
-0.0331440
-0.0183987
-0.0049236
-0.0041630
-0.0181039
0.0073050
0.0395628
-0.0087675
-0.0020287
0.0110700
-0.0195439
0.0435050
0.0046311
-0.0059774
0.0256973
-0.0040448
-0.0139172
0.0366714
-0.0000584
-0.0111383
0.0305776
-0.0290540
0.0072232
0.0100900
0.0004299
0.0355280
-0.0234827
0.0213315
0.0420520
0.0139175
0.0174927
-0.0113892
0.0159474
-0.0046740
-0.0054491
-0.0313139
-0.0173763
0.0320458
0.0013716
-0.0050115
-0.0376224
-0.0107735
0.0331496
-0.0511401
-0.0036837
0.0288192
0.0350676
-0.0307773
-0.0132096
-0.0051242
-0.0111593
0.0237654
-0.0108288
0.0112567
-0.0453153
0.0246347
0.0135791
0.0226716
-0.0390536
0.0070877
-0.0090748
-0.0348109
0.0055996
-0.0463193
0.0335766
0.0008977
-0.0026288
-0.0328841
-0.0139212
0.0494751
-0.0264060
0.0406939
-0.0037350
-0.0015194
0.0391847
0.0163728
-0.0385828
-0.0096276
-0.0050181
-0.0326434
-0.0375093
0.0288792
-0.0090537
-0.0090901
0.0443870
