0.3328842
0.3348304
0.2013139
-0.0352083
-0.2517592
-0.2627599
-0.1762905
-0.0801734
0.0108341
0.0216605
0.0668336
0.0480368
0.0885279
0.0790581
0.0584928
0.0470169
-0.0341110
-0.0546258
-0.0703125
-0.0392389
-0.0165877
-0.0059267
0.0261175
-0.0398982
0.0031685
0.0599133
0.0054853
-0.0241342
0.0196877
-0.0002508
-0.0369348
-0.0104352
-0.0491034
0.0100051
0.0006606
0.0060969
0.0131686
-0.0412765
0.0122429
0.0305317
-0.0184768
0.0034341
-0.0022523
0.0082943
-0.0046796
0.0002379
0.0239353
-0.0060026
-0.0120637
0.0152614
-0.0268541
-0.0215180
-0.0016261
0.0209045
0.0330442
0.0254242
0.0037586
-0.0149689
-0.0002791
-0.0203182
-0.0237354
0.0080448
-0.0296608
-0.0030830
-0.0336166
0.0101039
0.0012464
-0.0296266
0.0424855
-0.0220733
-0.0011189
0.0504259
0.0090039
-0.0274317
-0.0303275
0.0050533
0.0229840
-0.0154149
0.0011689
-0.0109880
0.0166611
-0.0108540
-0.0338449
0.0374035
-0.0068871
-0.0133284
0.0144877
0.0147360
0.0290891
-0.0224047
0.0035285
0.0251919
-0.0021739
0.0284292
0.0244182
0.0149205
-0.0052894
0.0028377
-0.0072625
-0.0351423
-0.0184756
-0.0103088
-0.0073443
-0.0175420
-0.0225616
0.0350847
0.0150897
0.0428490
-0.0343120
0.0070053
0.0242771
-0.0322801
0.0130304
-0.0337768
-0.0029670
0.0202666
0.0176246
-0.0053849
0.0328095
0.0218702
0.0152511
0.0123914
0.0077187
-0.0293992
-0.0046595
0.0316925
-0.0091840
0.0258928
0.0275517
0.0151403
0.0114925
0.0058636
-0.0271293
-0.0300112
-0.0293166
0.0325034
0.0200654
0.0005540
0.0317386
0.0297343
0.0024733
-0.0181511
-0.0034386
-0.0233328
-0.0237091
-0.0142627
0.0199732
-0.0047744
-0.0360550
0.0113905
-0.0176250
-0.0381995
-0.0251502
0.0089653
-0.0259948
0.0295803
0.0068472
0.0051703
-0.0253840
0.0128746
0.0287960
-0.0271246
-0.0364445
-0.0311666
0.0280360
-0.0186195
-0.0097909
0.0284950
0.0266238
-0.0313672
0.0411619
0.0273932
0.0197103
0.0095837
0.0498790
0.0117694
0.0021963
-0.0400244
-0.0651434
-0.0472308
-0.0808547
-0.0261150
0.0010072
0.0088623
0.0159946
0.0908041
0.1036170
0.0649576
0.0924650
0.0918992
0.0480795
-0.0481618
-0.1472898
-0.3134454
-0.3245374
-0.1757453
0.0681852
0.3980393
0.5007147
0.3621109
0.0428606
-0.1995727
-0.2964713
-0.2570266
-0.1596050
-0.0911527
0.0253142
0.1035474
0.1060650
0.1190404
0.0733094
0.0860137
0.0358924
-0.0326764
-0.0740401
-0.0582141
-0.0397054
-0.0474572
-0.0631032
-0.0227625
0.0088653
-0.0180751
0.0214660
0.0452748
0.0308348
-0.0090975
-0.0145995
0.0215955
-0.0076223
-0.0233602
-0.0073597
-0.0132099
-0.0540384
-0.0341439
0.0002367
0.0159980
0.0180915
0.0117662
0.0296325
0.0610341
0.0034933
-0.0147492
0.0041587
-0.0057520
-0.0226862
-0.0045324
0.0186907
0.0027796
0.0339335
-0.0408277
0.0416844
-0.0012876
-0.0034568
0.0354163
-0.0008831
0.0131393
0.0204774
-0.0310335
0.0290283
-0.0134741
-0.0337219
-0.0211492
-0.0322590
0.0271074
0.0027562
-0.0307298
0.0176947
0.0121118
0.0108607
0.0145460
-0.0322695
-0.0211379
0.0017167
-0.0069333
0.0054182
0.0078813
-0.0340946
0.0350416
0.0016957
-0.0198414
0.0301537
-0.0023840
0.0388459
-0.0096657
-0.0089273
0.0224908
-0.0156787
-0.0316230
0.0268042
-0.0477029
-0.0214181
-0.0301104
-0.0159626
-0.0111936
0.0240790
-0.0178665
-0.0000257
0.0095056
0.0313112
-0.0095311
0.0167092
-0.0189095
0.0300770
0.0270295
0.0148928
0.0140762
-0.0477985
0.0191059
0.0205802
-0.0171327
0.0180831
0.0062612
-0.0456701
0.0415493
-0.0196355
-0.0358555
-0.0221437
-0.0257873
-0.0469419
0.0141019
0.0006566
-0.0470490
-0.0225888
-0.0176091
0.0000590
-0.0070586
0.0129138
-0.0285722
0.0201846
0.0012547
-0.0050907
-0.0404758
-0.0013228
0.0467674
0.0115337
0.0264744
0.0101159
-0.0406847
-0.0135662
-0.0206583
0.0379333
0.0001478
-0.0175268
0.0015196
0.0414301
0.0250742
-0.0353513
-0.0190657
-0.0341856
-0.0167838
-0.0307078
0.0124429
-0.0292304
0.0205775
-0.0023665
0.0324863
-0.0338281
0.0012675
0.0386003
0.0305904
0.0448628
0.0099091
-0.0270728
-0.0199496
-0.0366377
0.0071910
-0.0281625
-0.0357788
-0.0152437
0.0098707
0.0154605
-0.0030740
-0.0037941
0.0311180
0.0013335
-0.0204553
-0.0411664
-0.0364350
-0.0345975
-0.0451450
-0.0710250
-0.0179498
0.0221725
0.0244086
0.0830355
0.1052865
0.0908771
0.0728011
0.0547934
0.0777458
0.0127662
-0.1430813
-0.2741307
-0.3361232
-0.2511142
-0.0061873
0.2889528
0.4866219
0.4654935
0.1906057
-0.1010035
-0.3158858
-0.3295936
-0.1872236
-0.0781218
0.0050844
0.0081085
0.0866946
0.0725919
0.0816328
0.0376920
0.0223932
0.0192050
-0.0387474
-0.0363416
-0.0936859
-0.0244482
-0.0215605
-0.0108812
0.0039841
0.0082234
0.0075923
0.0367472
0.0676746
0.0261802
0.0333187
0.0407082
-0.0329756
-0.0116352
-0.0548977
0.0053738
-0.0301718
-0.0443152
0.0022267
-0.0084586
-0.0119126
-0.0286853
0.0229261
0.0095301
-0.0138737
-0.0314623
-0.0367434
0.0008111
-0.0522137
-0.0076039
-0.0097518
0.0153975
0.0121187
0.0290668
0.0052868
-0.0358046
-0.0003035
0.0102447
-0.0264048
0.0117636
0.0059196
-0.0322070
-0.0329701
-0.0486380
-0.0264986
-0.0234760
0.0155127
0.0177501
-0.0002206
-0.0025946
-0.0277812
-0.0207690
-0.0041353
0.0148855
-0.0234961
-0.0124463
0.0414060
0.0267453
0.0195472
-0.0462649
0.0101968
-0.0057493
-0.0112655
0.0090703
0.0038083
-0.0232779
0.0215691
0.0260085
-0.0144271
0.0096789
-0.0125205
-0.0076746
-0.0374352
-0.0118400
0.0424834
0.0155362
0.0023075
0.0247387
-0.0054075
-0.0310849
0.0150707
-0.0035807
-0.0210385
0.0304646
-0.0085979
