0.3886631
0.4341009
0.3131896
-0.0409077
-0.2493465
-0.2919419
-0.2675208
-0.0932719
-0.0375289
0.0107475
0.0467429
0.0578600
0.0958023
0.1118736
0.0206994
-0.0091196
0.0169804
-0.0422785
-0.0495800
-0.0438304
-0.0633330
-0.0074926
-0.0060906
-0.0158356
0.0216156
-0.0127732
0.0283029
0.0221873
-0.0000094
0.0102078
0.0337014
0.0201633
-0.0069923
-0.0676842
0.0033433
0.0191744
0.0044887
-0.0049239
0.0406006
0.0251661
-0.0050690
0.0195119
-0.0196960
-0.0097861
0.0313509
0.0128795
-0.0325947
0.0229798
-0.0226371
-0.0398132
-0.0310005
-0.0054687
-0.0351643
-0.0199608
0.0377815
0.0139735
0.0375857
-0.0084466
-0.0423878
0.0132382
-0.0311657
0.0079557
0.0114745
-0.0071838
0.0154509
0.0271722
0.0327876
0.0389148
0.0300173
-0.0191848
-0.0399799
-0.0301265
0.0416099
0.0211704
-0.0256388
-0.0155001
0.0068772
-0.0247042
0.0077977
0.0215151
0.0287915
0.0146132
-0.0429443
-0.0026554
-0.0039265
0.0230429
-0.0003159
-0.0121876
0.0056198
-0.0399916
0.0179495
-0.0232135
0.0053704
-0.0010624
-0.0007139
-0.0086717
-0.0358761
-0.0095598
0.0044412
-0.0209008
0.0065120
0.0064973
-0.0080872
0.0164428
0.0148058
0.0313698
0.0281763
-0.0265853
0.0102264
-0.0142116
-0.0135951
0.0196901
-0.0051705
-0.0162199
0.0075659
0.0166964
0.0171202
-0.0109814
0.0156827
0.0024097
-0.0490243
0.0109493
0.0050002
0.0071286
-0.0248238
0.0087291
0.0076675
-0.0145140
0.0020188
0.0104954
-0.0343241
-0.0172172
-0.0178874
0.0173596
-0.0125933
-0.0189612
0.0053121
0.0141324
-0.0174924
0.0011023
-0.0168453
0.0007716
0.0395591
-0.0169692
0.0373546
0.0387737
0.0242626
-0.0238451
-0.0102052
0.0295958
0.0279740
0.0236931
0.0027043
-0.0341454
0.0412956
-0.0353700
-0.0051570
0.0300470
0.0165858
0.0477804
-0.0197439
-0.0253684
-0.0540549
-0.0347873
-0.0190562
-0.0237410
0.0087141
-0.0474408
0.0276915
-0.0065695
-0.0121250
-0.0037162
0.0257786
0.0159419
0.0058255
-0.0055414
-0.0183516
-0.0100955
-0.0658665
-0.0580453
-0.0420395
-0.0656508
0.0088108
-0.0104097
0.0353279
0.0662379
0.1059460
0.1161221
0.1160992
0.0536420
0.0610789
-0.0536929
-0.1241255
-0.2878191
-0.3197916
-0.1969121
-0.0263526
0.3044188
0.4517930
0.4370404
0.1795967
-0.1590700
-0.3008902
-0.2824946
-0.2277682
-0.0706309
-0.0175159
0.0187824
0.1398198
0.1244772
0.1010792
0.0370445
0.0286753
0.0061349
-0.0337716
-0.0506359
-0.0384493
-0.0096168
-0.0314501
-0.0351702
-0.0413198
-0.0206379
0.0531545
0.0133114
0.0012336
0.0395067
0.0006599
-0.0332031
0.0045576
0.0126801
-0.0472033
-0.0453999
-0.0540417
-0.0315013
-0.0270366
-0.0131055
0.0018827
0.0350174
-0.0056094
-0.0188977
0.0224891
0.0366826
-0.0091086
0.0106863
-0.0261966
-0.0087016
0.0138251
0.0213295
0.0327235
-0.0104930
-0.0072066
0.0267120
-0.0187785
-0.0319739
0.0161287
-0.0113973
0.0553692
-0.0073446
0.0078507
0.0067814
-0.0045554
0.0505683
0.0172642
0.0028561
0.0181742
-0.0309803
0.0143154
0.0238931
0.0165962
0.0209292
-0.0468694
0.0268495
0.0200692
0.0171540
-0.0022844
-0.0115349
0.0118547
-0.0443852
0.0212409
-0.0004703
0.0276337
0.0212173
-0.0245734
0.0659502
-0.0258888
0.0121450
0.0152023
-0.0469737
0.0035914
-0.0097041
0.0441353
0.0195051
-0.0184789
0.0400576
0.0009573
-0.0364219
0.0148895
0.0200683
-0.0122309
-0.0171656
-0.0274702
-0.0216220
-0.0248029
0.0208370
0.0402398
0.0291235
0.0063889
0.0150524
-0.0175668
-0.0157293
-0.0053325
0.0053634
-0.0283463
0.0283944
0.0272115
-0.0267482
-0.0072655
0.0156191
-0.0023248
0.0171857
-0.0384468
0.0313496
0.0287690
0.0290235
0.0467893
0.0333561
0.0513316
-0.0227850
-0.0035177
0.0084057
0.0060935
-0.0156904
0.0356974
-0.0009653
-0.0162105
0.0177251
-0.0222463
0.0254014
-0.0140947
-0.0126486
-0.0077182
-0.0232870
-0.0034930
0.0198114
-0.0102478
0.0190061
-0.0009600
0.0128318
-0.0243518
0.0036529
-0.0229828
0.0179724
-0.0002613
0.0469755
0.0101892
0.0394380
0.0223033
0.0092806
-0.0107736
-0.0366977
-0.0222831
-0.0096861
0.0207511
0.0270720
-0.0243055
-0.0086677
0.0327635
-0.0117537
0.0255369
0.0424263
0.0314453
0.0487626
0.0340754
-0.0002285
0.0204851
-0.0743957
-0.0080582
-0.0563742
-0.0640227
-0.0712737
-0.0053988
-0.0282000
0.0677529
0.0139782
0.0874353
0.1381671
0.0723082
0.0890188
0.0567022
-0.0138789
-0.1343551
-0.2323560
-0.3505242
-0.2614642
0.0124914
0.2753452
0.5008399
0.4527068
0.1808342
-0.1008669
-0.3649301
-0.2924832
-0.2399132
-0.0987154
0.0320621
0.0077452
0.0493531
0.0889577
0.1304246
0.1150920
0.0669018
-0.0032392
-0.0347176
-0.0448511
-0.0215775
-0.0902041
-0.0181892
-0.0633526
-0.0177178
0.0456598
0.0226086
0.0564086
0.0116794
0.0141252
0.0181025
0.0455440
0.0481987
-0.0108342
-0.0091991
0.0145151
-0.0081727
0.0043917
0.0172608
-0.0188397
0.0238911
0.0171522
0.0217540
-0.0145710
0.0108727
-0.0092493
-0.0399578
-0.0072282
-0.0057669
-0.0044654
0.0325213
-0.0387173
-0.0028148
-0.0287562
-0.0109762
-0.0088723
0.0036171
-0.0258707
0.0182531
0.0461275
-0.0293224
-0.0000843
-0.0275716
0.0190691
0.0211747
-0.0085201
0.0049311
-0.0256731
0.0149952
0.0347746
-0.0289036
-0.0036053
0.0214479
0.0049104
0.0024610
0.0108219
-0.0248296
-0.0097726
-0.0090009
-0.0185638
0.0013094
0.0158643
0.0041060
-0.0247425
0.0420608
0.0127856
-0.0282489
-0.0130158
0.0327352
-0.0245473
-0.0159903
0.0039317
-0.0394184
-0.0184269
-0.0097480
0.0049929
0.0400517
-0.0037379
-0.0241357
-0.0401245
0.0355140
-0.0039807
0.0126256
-0.0140646
0.0275895
0.0133215
