0.5301520
0.3098668
-0.1791735
-0.3961471
-0.2622731
-0.0795844
-0.0592838
-0.0206003
0.0667912
0.0769684
0.1059149
-0.0240756
0.0337917
0.0275979
0.0266752
0.0047636
-0.0322650
-0.0443484
0.0235764
-0.0433774
0.0069730
-0.0060103
-0.0252101
-0.0090296
-0.0446598
0.0133193
0.0184736
0.0272466
-0.0307843
0.0363773
0.0071326
0.0201259
-0.0550818
-0.0116621
-0.0009090
-0.0296127
0.0124318
0.0129378
-0.0176434
0.0410513
0.0256636
0.0380673
-0.0350289
-0.0165220
-0.0112672
-0.0367892
-0.0335814
0.0414578
-0.0234828
0.0096225
-0.0489147
0.0765405
0.0109740
-0.0106949
-0.0311233
-0.0260590
-0.0047891
-0.0248684
0.0007024
-0.0236635
-0.0124737
0.0158948
-0.0366037
-0.0090682
0.0821678
0.0444504
0.0198415
-0.0139882
0.0201339
0.0151273
-0.0531104
-0.0441847
-0.0905651
-0.0142285
-0.0109115
0.0599829
0.0119669
0.0455529
0.0018046
-0.0247058
-0.0015971
-0.0372687
0.0140520
-0.0380267
-0.0300510
0.0076429
0.0339662
-0.0186063
-0.0041474
0.0147536
0.0424859
0.0669453
-0.0658077
-0.0494160
-0.0011614
-0.0032205
-0.0366384
0.0381353
0.0018595
0.0619349
-0.0073692
-0.0033378
-0.0043478
0.0069690
-0.0433010
-0.0873218
-0.0276396
-0.0236486
0.0195957
0.0061959
-0.0465213
0.0179050
-0.0509860
-0.0507230
0.0165928
-0.0062008
0.0182781
0.0426704
0.1027517
0.0819349
-0.0231285
-0.1418720
-0.2187832
-0.0540245
0.1533678
0.3427779
0.1301294
-0.1425635
-0.2402691
-0.1475396
-0.0461919
0.0435062
0.0385018
0.1070332
0.0580247
0.0006358
0.0119066
-0.0413343
-0.0603488
-0.0960125
-0.0147568
0.0762473
0.1060272
0.0643746
0.1075979
-0.0032893
-0.0503463
-0.0289761
-0.0270832
-0.0288099
-0.0322490
-0.0231755
0.0040106
-0.0275971
0.0530912
-0.0072007
-0.0213740
0.0442228
0.0265974
0.0170094
-0.0294213
0.0058264
-0.0319921
-0.0264520
-0.0244942
0.0082234
-0.0483077
0.0357659
-0.0097181
-0.0218760
-0.0122391
-0.0814597
-0.0151993
-0.0079103
-0.0498466
0.0039766
0.0187202
-0.0457064
-0.0291610
0.0209188
0.0184304
0.0257285
0.0376381
-0.0631529
-0.0133046
0.0218805
-0.0396069
-0.0417582
0.0392402
0.0286661
-0.0155690
0.0072018
0.0476290
-0.0431784
-0.0449163
-0.0157277
0.0212537
-0.0469412
-0.0584456
0.0172617
-0.0156548
-0.0206470
-0.0238719
-0.0364088
0.0522658
0.0660324
-0.0317170
0.0105499
-0.0339989
0.0050146
0.0328978
-0.0143791
-0.0336012
0.0638765
0.0318993
-0.0039358
0.0567496
0.0253175
0.0429612
0.0020451
0.0199547
0.0226968
-0.0354454
-0.0103170
-0.0313356
0.0340465
-0.0591943
-0.0188300
0.0137494
0.0375096
0.0374520
0.0383361
0.0428089
-0.0191113
-0.0576733
0.0263109
-0.0396348
-0.0032494
-0.0126197
0.0522517
-0.0300341
0.0311380
0.0714837
-0.0306614
-0.0383875
-0.1607877
-0.1688172
0.0093921
0.3083511
0.4743669
0.1878962
-0.2928604
-0.4872099
-0.2413143
0.0302275
0.0444847
0.0861886
0.0946901
0.1246619
0.0893675
-0.0206413
0.0266328
-0.0608136
-0.1273754
-0.0619614
-0.0649076
0.0052625
0.0548458
0.0578689
0.0529508
0.0341696
0.0213115
-0.0080354
-0.0506161
-0.0572037
-0.0809706
0.0065517
-0.0427228
-0.0174774
0.0094626
-0.0074152
0.0409137
0.0752908
-0.0157025
-0.0478610
-0.0513528
0.0234873
0.0060530
-0.0346202
0.0697430
-0.0368601
0.0220142
-0.0514241
-0.0081346
-0.0066021
0.0042812
-0.0116658
0.0031069
0.0039844
0.0428135
-0.0210461
-0.0512427
-0.0214632
0.0182179
-0.0031069
0.0278554
0.0419769
-0.0447308
0.0216231
0.0181285
-0.0392126
0.0621201
0.0234294
-0.0458221
0.0172004
0.0008746
0.0187074
-0.0063600
0.0325498
0.0497700
-0.0458572
-0.0179869
0.0609107
0.0341680
0.0519382
0.0147157
-0.0445627
-0.0196662
0.0516999
0.0144849
-0.0566591
-0.0027754
-0.0321625
0.0239222
0.0373729
0.0073868
-0.0056314
-0.0075743
-0.0246551
0.0350543
0.0217497
0.0315621
0.0336758
0.0341324
0.0440038
0.0352779
-0.0897972
0.0035381
0.0378608
-0.0076333
-0.0372643
0.0549379
0.0127296
-0.0580430
-0.0445867
0.0110305
0.0340848
-0.0414419
-0.0641469
-0.0388207
-0.0302042
-0.0566392
0.0336539
0.0312943
0.0271790
0.0510333
0.0677824
-0.0065397
-0.1148213
-0.2133397
-0.1666939
0.1475166
0.2278359
0.1684644
-0.0819007
-0.2220034
-0.1120347
0.0013771
0.0900624
0.0798468
0.0665932
0.1538532
0.0517550
-0.0351274
-0.0193328
-0.0636330
-0.0899573
-0.1136214
-0.0570337
0.0509772
0.0581580
-0.0019565
0.0380774
0.0428781
-0.0247312
-0.0147619
-0.0309159
-0.0363927
0.0344549
0.0016763
-0.0467493
0.0478984
0.0496401
-0.0043042
-0.0407679
0.0324768
0.0294131
-0.0375195
-0.0136346
0.0261342
0.0469853
0.0320863
0.0252015
-0.0398743
-0.0005333
0.0731327
-0.0122827
0.0465673
0.0340004
-0.0153284
0.0449669
-0.0130321
-0.0180256
0.0353591
-0.0309568
-0.0254152
0.0332836
-0.0560008
-0.0195147
-0.0256491
0.0262555
0.0131889
-0.0374934
0.0297719
-0.0643862
0.0036520
0.0615183
0.0538987
0.0136105
-0.0529233
-0.0346568
0.0488269
0.0474052
0.0226498
-0.0348963
0.0090521
-0.0780008
0.0147685
-0.0514328
0.0316350
-0.0371505
-0.0201504
0.0354341
0.0407728
-0.0131289
0.0484616
-0.0454503
0.0176176
0.0221979
0.0010332
0.0120754
-0.0107850
0.0149974
0.0018468
-0.0218640
-0.0027207
0.0348767
0.0126686
0.0278803
-0.0079298
-0.0115352
0.0098726
-0.0659444
-0.0237268
-0.0292552
0.0321453
-0.0172664
-0.0283987
0.0279071
-0.0107964
0.0124052
0.0033459
0.0412394
0.0339844
-0.0057859
0.0751173
-0.0105686
0.0021099
0.0409803
-0.0166689
-0.0908949
-0.1284411
-0.3261638
-0.3004300
0.1948224
0.6256666
0.5169081
-0.0436928
-0.3522386
-0.3813564
