0.5484369
0.5455377
0.2831009
-0.0670301
-0.4893198
-0.6194108
-0.4085978
-0.2257120
-0.0411298
0.0079707
-0.0176905
0.0058863
0.0496344
0.1984524
0.2537078
0.1757008
0.1515907
0.1411878
0.0310805
-0.0479115
0.0157773
-0.0218759
-0.0547963
-0.0305844
-0.1041685
-0.0661145
-0.0706733
-0.0195427
0.0361082
-0.0887093
-0.0241746
-0.0287101
0.0089473
0.1290494
0.0248550
0.0558093
0.0933890
0.0538809
0.0523529
-0.0458718
-0.0756781
0.0182168
0.0225095
-0.0802204
-0.0811971
0.0162262
0.0446020
0.0402150
0.0717442
0.0652085
0.0558631
0.0482533
-0.0272205
-0.0135867
0.0346767
-0.0306048
-0.0624126
-0.0102278
0.0483960
0.0514437
-0.0073081
-0.0076852
0.0163377
-0.0277958
0.0060325
-0.0137903
-0.0768567
-0.0369007
-0.0723327
-0.0359983
-0.0211639
-0.0801718
0.0409523
0.0436548
-0.0795785
0.0013329
0.0274856
-0.0790415
-0.0315231
0.0367235
0.0261231
-0.0150513
-0.0394587
0.0255501
0.0497501
0.0322506
0.0349876
-0.0039634
-0.0694787
-0.0394435
0.0477089
0.0164643
0.0034966
0.0015789
-0.0781104
-0.0036668
0.0750333
-0.0062005
-0.0496449
-0.0378864
-0.0173538
0.0247236
0.0178428
-0.0502729
-0.0317671
0.0085644
-0.0543401
-0.0164919
0.0794808
0.0185495
-0.0579622
-0.0162365
0.0604861
0.0709600
0.0877966
0.0696216
-0.0209027
-0.0192229
-0.0166320
0.0221463
0.0399648
-0.0551071
-0.0140327
-0.0224573
-0.1021589
-0.0258845
0.0183401
-0.0157735
0.0081495
0.0639090
0.0490865
0.0307115
0.0696475
0.0646938
0.0247452
0.0002371
0.0020421
0.0314903
0.0507173
0.0521377
0.0212279
0.0432987
0.0261498
-0.0609720
0.0048929
0.0299287
0.0702801
0.0678794
-0.0272186
0.0792638
0.0038015
-0.0243936
0.1104964
0.0120280
0.0270203
0.0584873
-0.0353958
-0.0308526
-0.0000035
-0.0232827
-0.0568469
-0.0299361
0.0379222
-0.0269399
-0.0910644
-0.0137098
-0.0485009
-0.0437824
0.0241247
-0.0146789
0.0978132
0.1979931
0.0523169
0.0111446
0.1141720
0.0738753
-0.0156675
-0.0251950
-0.0235230
-0.1304860
-0.2548204
-0.2298176
-0.1791785
-0.1232706
-0.1129520
-0.1187164
0.0301959
0.2663249
0.5117742
0.5467027
0.3779918
0.0956140
-0.3579496
-0.5966404
-0.5129781
-0.3115697
-0.0775773
0.0075418
-0.0002434
0.0564838
0.1169060
0.0680641
0.0400160
0.0958966
0.0893554
0.1167438
0.0644462
-0.0345903
0.0601790
-0.0047383
-0.1559491
-0.0329875
0.0029753
-0.0986046
-0.0158432
0.0120312
-0.0690213
-0.0473618
-0.0488851
-0.0633464
0.0063975
0.0536749
0.0052374
-0.0399216
0.0175941
0.0935733
0.0512938
-0.0342087
-0.0462370
0.0059420
0.0333016
-0.0344219
-0.0459186
-0.0270280
-0.0832476
-0.0863406
-0.0201221
0.0624577
0.0430021
-0.0441914
-0.0351552
0.0151233
0.0702500
0.0587597
-0.0312793
-0.0475075
0.0136259
0.0613077
0.0547905
-0.0016174
0.0003939
0.0209690
-0.0314684
-0.0146395
-0.0081910
-0.0235189
0.0259045
-0.0206522
-0.0243708
0.0640268
0.0190438
-0.0199237
0.0516899
0.0279892
-0.0230004
0.0613541
0.0779719
-0.0024665
-0.0064392
0.0141202
0.0603497
0.0358301
-0.0546185
0.0192087
0.0830488
0.0293473
0.0040944
0.0264341
0.0574210
0.0612038
0.0373630
-0.0346813
-0.0554680
0.0048356
-0.0191630
-0.0716709
-0.0723390
-0.0910224
-0.0730489
0.0530659
0.0902980
-0.0567304
-0.0499055
0.0479361
0.0061970
0.0143371
-0.0170322
-0.1044588
0.0252856
0.0736064
-0.0361392
0.0541282
0.0295285
-0.0402389
0.0535890
-0.0078943
-0.0390495
0.0207234
0.0284723
0.0569284
0.0044082
-0.0605918
0.0255777
0.0474446
0.0028523
-0.0348690
-0.0769721
0.0313909
0.0373114
-0.0381850
0.0462286
0.0809459
0.0598519
0.0739950
0.0473814
-0.0010968
-0.0158066
-0.0491776
-0.0680550
0.0203210
0.0735095
-0.0086025
-0.0269928
0.0515300
0.0293441
-0.0162235
0.0668280
0.0508347
-0.0804781
-0.0612504
-0.0483002
-0.0641576
0.0429622
0.0594465
0.0248161
0.0837282
0.0129672
-0.0065332
0.0868386
-0.0095522
0.0027702
0.1040093
0.0293722
0.0191416
0.0123772
-0.0979333
-0.0733408
0.0246663
0.0241559
0.0238407
0.0044099
-0.0180495
0.0642580
0.0747073
0.0082892
0.0855551
0.1571842
0.0890625
0.0160001
0.0450703
0.1006362
0.0552586
-0.0090466
-0.0995635
-0.1488638
-0.2127280
-0.3481417
-0.2860835
-0.2677757
-0.1516887
0.2127310
0.4872826
0.7648812
0.7074648
0.3448851
0.0316808
-0.3349967
-0.4842063
-0.4410542
-0.4548381
-0.2373464
0.0319943
0.0109276
0.0639092
0.1310829
0.0923033
0.1213516
0.1329382
0.1328660
0.0900670
0.0901929
0.0877264
-0.0304720
-0.0525546
-0.0095361
-0.0208242
-0.0931236
-0.0765122
-0.0198318
-0.0920948
-0.0073068
0.0307533
-0.0634873
-0.0215377
-0.0286478
0.0451175
0.0939504
-0.0497710
-0.0433567
0.0888169
0.0866645
-0.0275152
-0.0462574
-0.0016370
-0.0253155
-0.0248168
0.0137857
-0.0078957
-0.0971649
-0.0445075
0.0750412
-0.0366320
-0.0599363
0.0697827
-0.0031231
-0.0598034
0.0154782
0.0188018
0.0506194
0.0506997
-0.0513832
-0.0002044
0.0645166
-0.0029092
0.0310652
0.0214511
-0.0759334
0.0120978
0.0386114
-0.0363061
0.0612731
0.0730547
-0.0391372
0.0203455
0.0847002
-0.0293730
-0.0533863
0.0122161
-0.0366456
-0.0076409
0.0725197
-0.0003815
-0.0738609
-0.0573136
-0.0263296
-0.0273997
-0.0408629
0.0016323
0.0586106
0.0563035
0.0453940
0.0869035
0.0409910
-0.0314787
0.0387723
0.0473634
0.0447755
0.0729331
-0.0153138
-0.0213684
0.0171629
-0.0202612
-0.0234176
-0.0189169
-0.0329570
0.0029619
0.0327381
-0.0296029
-0.0680600
-0.0239788
-0.0365184
-0.0879687
-0.0184933
0.0463430
-0.0205552
-0.0759655
-0.0562494
-0.0166522
-0.0510247
-0.0682860
