0.5342528
0.4915351
0.2824105
-0.0824309
-0.3285385
-0.3586131
-0.2287710
-0.1074512
0.0462487
0.0337783
0.0715941
0.0965874
0.1092236
0.0656194
0.0870542
0.0809705
-0.0188839
-0.0169274
-0.0781829
-0.0885891
-0.0306107
-0.1134215
-0.0257289
-0.0053966
-0.0365055
0.0219789
-0.0166309
-0.0135864
0.0136265
0.0545027
-0.0373759
0.0413990
0.0037832
0.0246920
0.0118309
-0.0628068
-0.0032452
-0.0161821
0.0049168
-0.0411088
0.0250581
0.0467694
-0.0413993
-0.0153583
0.0646919
-0.0029068
-0.0022294
0.0098329
-0.0108262
0.0189093
-0.0159712
0.0380754
0.0144962
0.0478932
-0.0319951
-0.0362425
0.0316983
0.0245176
0.0372972
0.0542775
-0.0468054
0.0331867
-0.0034404
-0.0333247
0.0037992
-0.0098242
0.0453728
0.0306625
-0.0166611
-0.0461385
0.0356109
0.0239640
-0.0482749
0.0422312
0.0210434
0.0155940
0.0022924
0.0040436
0.0180417
-0.0037243
-0.0122704
-0.0084391
0.0126884
-0.0260126
-0.0241093
-0.0362553
-0.0530081
-0.0278282
0.0159633
-0.0050553
-0.0190040
-0.0112927
0.0273663
-0.0618521
0.0186755
-0.0214704
0.0279258
-0.0079210
-0.0468581
0.0167946
-0.0648427
-0.0328509
-0.0281758
-0.0254556
0.0372540
-0.0544998
0.0207122
-0.0552400
-0.0248289
-0.0515595
0.0385937
-0.0218801
0.0153706
-0.0181257
-0.0105282
0.0069184
-0.0459554
0.0441359
-0.0057866
-0.0135101
0.0072769
0.0193879
-0.0056498
0.0054253
0.0108296
0.0149131
0.0371447
0.0137504
0.0546393
0.0368085
0.0349483
0.0156332
-0.0501488
0.0500424
0.0309839
0.0442111
0.0440159
0.0400955
0.0033674
0.0249729
0.0532107
-0.0152193
-0.0136441
-0.0500781
0.0263158
0.0513383
0.0078014
0.0510772
-0.0013566
0.0171679
-0.0004180
0.0283413
-0.0291754
0.0052549
0.0068092
0.0326710
-0.0076296
0.0178281
-0.0019159
0.0204407
0.0078494
-0.0016420
-0.0467882
-0.0478054
-0.0470025
-0.0223788
-0.0631127
-0.0371423
0.0137398
-0.0321776
0.0459796
0.0414997
0.0338161
0.0369399
-0.0043304
0.0153930
-0.0194444
0.0183479
0.0311734
-0.0400840
-0.0369478
0.0259732
-0.0009235
0.0079289
-0.0758463
0.0487969
0.0608911
0.0241700
0.1292649
0.1009337
0.1262320
0.1209139
0.0367912
-0.0679843
-0.0282410
-0.1502082
-0.2159164
-0.2339298
-0.2568188
-0.0193109
0.3370929
0.5328278
0.4891325
0.0805066
-0.2113254
-0.4035165
-0.3494588
-0.1788242
-0.0501151
-0.0335361
0.0375737
0.1353391
0.1402620
0.0863848
0.1069772
0.0273053
0.0682962
0.0564759
-0.0088082
-0.0866638
0.0073070
-0.0467378
-0.0450957
-0.0497385
-0.0087183
-0.0081011
0.0151655
0.0734431
0.0452538
-0.0073211
-0.0009569
0.0009157
-0.0261698
-0.0620344
0.0121871
-0.0145190
-0.0263600
0.0303799
0.0447566
0.0160656
-0.0012122
-0.0260837
-0.0333728
0.0044984
0.0154061
0.0426872
-0.0071550
-0.0064193
-0.0146527
-0.0329124
-0.0160882
0.0555457
-0.0436500
-0.0528960
0.0356847
-0.0285393
-0.0358638
-0.0202544
-0.0094522
0.0277963
-0.0128889
-0.0076338
-0.0106393
0.0531162
-0.0127595
-0.0062298
0.0064298
-0.0067285
-0.0568779
0.0490768
0.0324197
-0.0152973
0.0386333
-0.0405343
0.0199249
0.0179745
-0.0104446
-0.0268237
0.0427380
-0.0194674
0.0199920
-0.0198347
0.0114287
0.0591321
-0.0233033
-0.0129073
0.0285338
-0.0130311
-0.0350780
-0.0182011
0.0123518
-0.0181303
-0.0052110
-0.0064809
-0.0200611
0.0379703
0.0008727
0.0348397
-0.0289070
0.0037256
-0.0211558
0.0374663
-0.0237758
0.0031909
-0.0696325
-0.0268028
-0.0043877
-0.0117112
-0.0631262
0.0482204
0.0010242
0.0245297
-0.0330343
0.0085365
-0.0097274
-0.0375759
0.0241131
-0.0074398
-0.0039017
-0.0255419
0.0100713
0.0077911
-0.0149911
0.0250375
0.0292893
0.0007251
-0.0047303
-0.0423991
-0.0122642
0.0173427
0.0060773
0.0052129
0.0639329
-0.0318903
-0.0469225
-0.0370627
-0.0125037
-0.0091660
-0.0117596
-0.0302740
-0.0202534
0.0304538
-0.0649906
0.0091767
0.0306520
-0.0231911
0.0012977
-0.0305198
0.0016739
0.0317816
-0.0307108
-0.0529748
0.0237539
-0.0355247
-0.0323050
0.0596846
-0.0097749
-0.0022099
0.0532164
0.0032940
0.0304423
-0.0190779
-0.0218793
0.0017332
0.0047189
0.0175518
-0.0358013
-0.0555651
-0.0188429
-0.0083681
0.0237759
-0.0339639
0.0092352
-0.0296267
0.0279299
-0.0134778
0.0324845
0.0608761
0.0140115
-0.0092364
0.0058497
0.0193270
-0.0245776
-0.0429926
-0.0897884
-0.0356955
-0.0401753
0.0421507
0.0490012
0.0621682
0.1061956
0.0511292
0.1378203
0.0217712
-0.0231855
-0.0730015
-0.1566295
-0.2024843
-0.3537154
-0.3139337
0.0025794
0.2948078
0.5472572
0.5122037
0.1948020
-0.1028759
-0.3607903
-0.3657594
-0.2426971
-0.0598824
0.0171582
-0.0133452
0.0974720
0.1103163
0.0779425
0.0591196
0.0392108
0.0408910
-0.0716965
0.0282285
-0.0765132
-0.0565707
-0.0657165
-0.0282855
-0.0128026
-0.0653255
-0.0038465
0.0340326
0.0757871
0.0364186
0.0417875
0.0491329
-0.0147168
0.0034212
0.0290364
-0.0458340
-0.0037413
-0.0273735
-0.0543862
-0.0201811
-0.0777984
-0.0130504
0.0109384
-0.0225621
0.0855689
-0.0193323
0.0226765
0.0585185
0.0086795
0.0412848
-0.0507605
-0.0214122
0.0224786
0.0287952
0.0026156
-0.0658276
-0.0090202
0.0194598
-0.0143908
0.0344441
0.0492501
0.0336290
0.0183921
-0.0450256
-0.0505902
-0.0385527
0.0290700
0.0164501
0.0425198
-0.0655790
-0.0169004
-0.0702255
0.0145325
0.0049914
0.0301019
-0.0160239
0.0024137
0.0597149
0.0242854
0.0256448
-0.0038433
-0.0119126
0.0093501
0.0235033
-0.0294994
-0.0260435
-0.0236123
-0.0091074
0.0328537
0.0301290
0.0172509
-0.0656680
0.0361964
-0.0430381
0.0503471
0.0406926
-0.0198604
-0.0210745
-0.0219890
0.0427301
