0.3458864
0.3331135
0.1579655
-0.0770887
-0.2892414
-0.3607323
-0.3018832
-0.1755808
-0.0695289
0.0529582
0.1312639
0.0870751
0.1031126
0.1221411
0.0478203
0.0656915
0.0533586
0.0260150
0.0000225
-0.0350415
-0.0353080
-0.0848762
-0.0605159
-0.0951393
-0.0348716
0.0203647
-0.0107630
0.0280757
-0.0284173
-0.0333841
0.0163176
0.0544209
-0.0027018
-0.0314036
-0.0446939
-0.0267194
0.0695452
-0.0219678
0.0157758
0.0634012
-0.0056572
-0.0089497
-0.0164072
-0.0333319
-0.0586392
0.0007399
0.0309224
0.0027007
-0.0451412
-0.0483745
0.0051361
-0.0048678
0.0030933
0.0360553
0.0256833
0.0155138
0.0305752
0.0797622
0.0875694
0.0263629
0.0356753
0.0787530
0.0580262
-0.0064963
-0.0542396
-0.0500246
-0.1085148
-0.1867863
-0.1722391
-0.1912526
-0.0774666
0.0770246
0.1536222
0.2579177
0.3515906
0.4075367
0.2508724
0.0862004
-0.1592823
-0.4258811
-0.4463744
-0.3266605
-0.1585551
-0.0324377
0.1205726
0.1277848
0.0954712
0.1627829
0.0910462
0.0498763
0.1143040
0.0712892
0.0295581
-0.0016501
-0.0056872
-0.0065858
-0.0929769
-0.0905131
-0.0165644
0.0181947
-0.0103299
-0.0376234
0.0110267
-0.0059562
-0.0346304
0.0331930
-0.0031992
-0.0442062
-0.0054796
0.0216637
0.0242532
-0.0113967
-0.0179291
-0.0016767
0.0049940
0.0368346
-0.0115082
-0.0133110
-0.0021828
-0.0468077
0.0344846
0.0339837
-0.0403373
-0.0263262
-0.0526112
-0.0627560
-0.0231909
0.0181272
0.0235154
-0.0130926
0.0847520
0.0686651
0.0645095
0.1019062
-0.0042647
0.0358769
0.0508784
-0.0410679
-0.0198741
-0.0136168
-0.0466303
-0.0990432
-0.1751266
-0.1789121
-0.1446033
-0.0167461
0.0814317
0.1617265
0.2806831
0.3631557
0.3426014
0.1644567
-0.0173939
-0.2077171
-0.4064154
-0.4109411
-0.2455779
-0.0739550
0.0386410
0.1145284
0.1417688
0.0576443
0.0833988
0.1297024
0.0514420
0.0308669
-0.0025741
-0.0348248
-0.0311291
-0.0941648
-0.0419891
-0.0170454
-0.0746251
-0.0461603
-0.0699246
-0.0192593
0.0416123
0.0284714
0.0200490
0.0738247
0.0472885
-0.0271028
0.0403559
0.0115180
-0.0055181
0.0658478
0.0254042
-0.0159446
-0.0005895
-0.0263152
-0.0396234
-0.0326174
-0.0535185
-0.0048137
-0.0152655
-0.0486804
0.0015435
-0.0703427
-0.0985567
-0.0059399
-0.0377330
-0.0555762
0.0303579
0.0192261
-0.0000713
0.0486025
0.0308702
0.0180465
0.0523935
0.0172806
0.0019379
0.0577242
0.0219132
-0.0463692
-0.0387018
-0.0967032
-0.1618733
-0.1955670
-0.1922506
-0.1189096
-0.0242538
0.1311390
0.2168688
0.2840142
0.3561119
0.2729142
0.0683804
-0.1113685
-0.2522519
-0.3677179
-0.2856570
-0.1188915
-0.0096191
0.0628005
0.0781030
0.0575729
0.0339017
0.0569599
0.0725431
0.1159621
0.0367561
-0.0171386
0.0301835
-0.0378544
0.0079579
-0.0320153
-0.1100313
-0.0201993
-0.0012784
-0.0617780
-0.0190374
0.0503747
-0.0240527
-0.0570827
0.0116470
-0.0044525
-0.0095898
0.0385909
-0.0043343
-0.0341045
-0.0049270
0.0141881
0.0442637
0.0368205
-0.0083300
0.0233552
0.0126102
-0.0445911
0.0258427
-0.0150418
-0.0168921
-0.0159813
-0.0762799
0.0188009
0.0101928
0.0105906
0.0393989
0.0240295
0.0123103
0.0307474
0.0529544
0.0161757
0.0626877
0.1181037
0.0608708
0.0529687
0.0251665
-0.0284673
-0.0375408
-0.1300863
-0.1667649
-0.1426574
-0.1561615
-0.1637553
-0.0792732
0.0313630
0.1495615
0.3037613
0.3259525
0.2820401
0.1511731
-0.0615058
-0.2109078
-0.3550065
-0.3752535
-0.2102029
-0.0576947
0.0960002
0.1167518
0.0957745
0.0928067
0.0775311
0.1279987
0.0448585
0.0270150
-0.0185393
-0.0395021
0.0185681
-0.0360794
-0.0793518
-0.0788397
-0.0092149
-0.0136016
-0.0190174
0.0149899
-0.0081103
-0.0476368
-0.0259299
0.0444962
0.0067778
0.0254015
0.0926750
0.0069686
-0.0156693
0.0390496
0.0419353
0.0591576
-0.0133621
-0.0191153
0.0706566
-0.0051161
-0.0169561
0.0116798
-0.0622363
-0.0223600
-0.0692084
-0.0325679
0.0243974
-0.0289164
-0.0049894
-0.0619531
-0.0532614
-0.0083222
0.0038598
0.0776206
0.0789024
0.0201978
0.0360790
0.0290439
0.0181528
0.0457872
-0.0025386
-0.0148768
-0.0468446
-0.1335205
-0.1417608
-0.1499219
-0.1280294
-0.0946119
0.0333414
0.2142410
0.2919671
0.3678547
0.3785612
0.2044347
-0.0282188
-0.2207551
-0.3371447
-0.3643705
-0.3129693
-0.1598615
0.0234759
0.1255837
0.1264932
0.0704139
0.0514859
0.0806949
0.1427663
0.0891806
-0.0304911
0.0309215
-0.0038255
-0.0392167
0.0208932
-0.0217913
-0.0433086
-0.0569830
-0.0546640
0.0111095
0.0145861
-0.0024432
-0.0002353
0.0030899
0.0687883
0.0638987
0.0064442
0.0248199
-0.0170460
-0.0173146
0.0047240
-0.0129489
0.0443440
-0.0106272
-0.0510027
0.0414770
0.0124926
-0.0038782
0.0475876
-0.0170925
-0.0653908
-0.0585223
-0.0497753
-0.0358276
-0.0020133
0.0266468
0.0119300
-0.0114183
0.0138772
0.0645577
0.0841447
0.1011168
0.0364389
0.0442632
0.0709719
-0.0259902
-0.0345871
-0.0550201
-0.0526443
-0.1002061
-0.1773182
-0.2240256
-0.2562870
-0.1554842
-0.0073636
0.1555319
0.2088712
0.3011779
0.3936034
0.2883010
0.1521044
-0.0631677
-0.3015097
-0.3835147
-0.4155273
-0.2495384
-0.0442382
0.0400266
0.1406621
0.0807604
0.0439041
0.0746338
0.0512546
0.0284962
0.0096307
0.0025459
-0.0100959
-0.0459015
-0.0328191
0.0198499
-0.0424579
-0.0776935
-0.0234453
-0.0386647
-0.0605051
-0.0586886
-0.0135849
0.0578574
0.0061603
-0.0132789
0.0162711
-0.0366329
-0.0200690
0.0231546
0.0454611
0.0009411
0.0338921
0.0496425
-0.0126145
0.0283619
-0.0021260
-0.0014804
0.0038949
-0.0286485
-0.0335088
-0.0563829
-0.0490588
-0.0256314
-0.0411955
-0.0698573
-0.0117226
