0.2101623
0.1918465
0.1258169
0.0846592
0.0930189
0.0522805
-0.0167157
-0.0588343
-0.0360462
-0.0227277
-0.0392944
-0.0371319
-0.0690033
-0.0694124
-0.0076460
-0.0184013
-0.0003910
0.0443286
0.0361023
0.0514536
0.0520309
0.0530625
0.0426029
0.0163840
-0.0139427
-0.0218222
0.0121201
-0.0065055
-0.0268758
0.0039526
-0.0143373
-0.0329914
-0.0069893
-0.0314711
-0.0406251
0.0066900
-0.0015887
-0.0258575
-0.0180224
0.0060447
0.0410202
0.0344266
0.0199351
-0.0071841
-0.0008357
0.0132741
-0.0301908
-0.0236985
0.0081197
0.0227651
0.0031864
-0.0342293
-0.0077148
0.0080356
-0.0139932
0.0229092
0.0411194
0.0098949
0.0387379
0.0114983
-0.0309235
0.0212155
-0.0153093
-0.0095651
0.0065783
-0.0389533
0.0258235
0.0389076
-0.0074296
0.0135354
0.0208226
-0.0165904
0.0037193
0.0349247
0.0168755
0.0206590
0.0168627
0.0265221
0.0129204
0.0072347
0.0387968
0.0069821
0.0165345
0.0087390
-0.0059171
-0.0112175
-0.0047867
0.0286644
-0.0215062
0.0020518
0.0105968
-0.0330741
-0.0105941
0.0030847
-0.0064464
-0.0090111
0.0270866
-0.0118495
-0.0167275
0.0391902
0.0314133
0.0352174
-0.0133361
-0.0403046
0.0178303
-0.0058761
-0.0158902
0.0186722
-0.0310816
-0.0404882
-0.0349088
-0.0223922
0.0027471
-0.0188217
-0.0225160
-0.0257414
-0.0098564
0.0098810
0.0177670
-0.0014829
-0.0311974
0.0023700
0.0270141
-0.0070076
-0.0270619
0.0133097
0.0239830
-0.0077294
-0.0071921
0.0042946
0.0251367
-0.0037068
-0.0318786
-0.0075741
-0.0050083
0.0024444
-0.0038241
-0.0298910
-0.0223901
0.0015136
-0.0023670
-0.0302139
-0.0246547
0.0101382
-0.0092107
-0.0355850
-0.0388671
-0.0347140
0.0107407
0.0306783
0.0112067
0.0071727
0.0061739
0.0148063
0.0146759
0.0032699
0.0340515
0.0369143
0.0121055
0.0208698
0.0224440
-0.0289453
-0.0569374
-0.0218881
-0.0370281
-0.0067953
-0.0005882
-0.0337934
0.0310921
0.0251343
-0.0016960
0.0165933
0.0048853
0.0200365
0.0479159
0.0375079
0.0319488
0.0241779
-0.0182190
-0.0608248
-0.0604465
-0.0381307
-0.0578980
-0.0806590
-0.0408891
-0.0023560
0.0179914
0.0043889
0.0347537
0.1387781
0.1639725
0.2102711
0.1982777
0.0683104
-0.1163937
-0.3256674
-0.3577421
-0.2550377
-0.0968132
0.0645901
0.1847662
0.1815918
0.1054138
0.1175168
0.0901228
0.0767043
0.0591108
-0.0129253
-0.0146126
-0.0088142
-0.0154918
-0.0169722
-0.0283081
-0.0618886
-0.0335032
0.0153626
0.0114160
0.0437417
0.0181857
-0.0124260
-0.0207706
-0.0044005
0.0436522
0.0131396
0.0224818
0.0186064
-0.0014415
0.0184931
-0.0132106
-0.0293301
-0.0149226
-0.0219512
-0.0145598
-0.0301074
-0.0381634
0.0026636
-0.0082283
-0.0245787
0.0127995
0.0352394
0.0247481
0.0104203
-0.0177038
-0.0263287
0.0074226
0.0247721
0.0383631
0.0150034
0.0004688
0.0170480
-0.0114703
0.0134799
0.0296809
-0.0158629
-0.0181046
-0.0097899
-0.0205172
-0.0187176
-0.0001269
0.0341583
0.0134168
-0.0205985
-0.0196593
-0.0181003
0.0112863
0.0088432
0.0020795
-0.0128233
-0.0293426
0.0025256
-0.0023932
-0.0212250
0.0114631
0.0483177
0.0062435
-0.0218002
0.0260799
0.0358199
0.0066431
-0.0286437
-0.0343736
-0.0161519
-0.0018481
-0.0036844
-0.0042132
0.0235578
-0.0154097
-0.0244594
0.0173966
0.0083365
0.0086794
-0.0044340
-0.0067330
0.0252395
-0.0142601
-0.0175445
0.0071306
-0.0145658
0.0308048
0.0122140
-0.0051092
0.0120580
-0.0084817
0.0247784
0.0210931
0.0032104
0.0388407
0.0058666
-0.0287783
-0.0270294
-0.0143645
0.0220602
-0.0204297
0.0011401
0.0027109
-0.0127571
0.0096321
-0.0098475
0.0218512
-0.0190139
0.0044370
0.0273917
-0.0251081
0.0086172
0.0161666
0.0058117
-0.0165192
-0.0326207
-0.0209345
0.0108112
0.0289761
-0.0107946
-0.0280185
-0.0241498
-0.0105853
0.0140135
0.0298552
-0.0005161
-0.0370984
0.0063134
-0.0004817
-0.0384002
-0.0100961
-0.0154403
-0.0227412
0.0189689
0.0130225
-0.0094044
0.0224977
0.0069292
-0.0298284
-0.0169710
-0.0029236
0.0297155
0.0201789
-0.0079916
0.0359721
0.0261205
-0.0300108
-0.0075699
-0.0051040
-0.0423498
-0.0222907
0.0127147
-0.0107908
-0.0425231
-0.0034664
0.0195293
-0.0196261
0.0056190
0.0253838
0.0101162
0.0578673
0.0480621
0.0407772
0.0753982
0.0175518
-0.0201660
-0.0079949
-0.0590678
-0.0796674
-0.0589927
-0.0806496
-0.0872957
-0.0703671
-0.0343863
0.0162275
0.0290867
0.0820649
0.1503406
0.2168065
0.2509823
0.1346462
-0.0372079
-0.2560200
-0.4187319
-0.3820922
-0.1938898
-0.0029281
0.1109686
0.1922372
0.1514648
0.0890478
0.0816982
0.0235448
0.0139631
0.0375592
-0.0088588
-0.0146324
-0.0261025
-0.0390572
-0.0270380
-0.0538901
-0.0289045
-0.0195822
-0.0004778
0.0144909
-0.0267541
-0.0085346
0.0355406
0.0447283
0.0378488
0.0425101
0.0333766
0.0060163
-0.0012765
0.0124054
0.0265320
0.0189533
0.0034855
0.0081382
-0.0183062
-0.0421534
0.0010390
0.0026280
-0.0207300
0.0131844
0.0122726
-0.0058331
0.0161296
-0.0041517
-0.0199158
0.0257672
0.0392064
0.0251001
0.0286989
0.0147021
-0.0134791
-0.0209186
0.0158897
0.0193241
0.0243119
0.0230952
-0.0220549
0.0094663
-0.0082543
-0.0202598
-0.0042554
-0.0229425
-0.0036917
-0.0305466
-0.0351051
-0.0039867
0.0008468
0.0306318
0.0288353
-0.0175927
-0.0327461
-0.0385148
-0.0184716
-0.0221240
-0.0335382
0.0174429
0.0231532
-0.0049716
0.0075000
0.0190803
-0.0168014
-0.0404987
-0.0391931
-0.0310780
0.0123677
0.0223429
0.0027347
-0.0296465
-0.0196486
0.0340231
0.0058874
-0.0081975
0.0185330
-0.0087919
-0.0185186
-0.0166803
-0.0271230
0.0217816
0.0369682
-0.0099765
-0.0232263
-0.0053996
-0.0014812
