0.3507915
0.3025911
0.1095333
-0.0837681
-0.2253270
-0.3578366
-0.3135332
-0.1428041
-0.0253288
0.0552420
0.0784374
0.0627679
0.0338899
0.0536845
0.0687686
0.1131237
0.0541487
-0.0222983
0.0317032
-0.0326711
0.0002884
-0.0187454
-0.1113118
-0.0298350
0.0031506
-0.0586740
-0.0272801
0.0499584
-0.0162110
-0.0601821
0.0085301
-0.0014543
-0.0122608
0.0378537
-0.0009412
-0.0347055
-0.0060034
0.0133600
0.0434044
0.0380404
-0.0079052
0.0223380
0.0138298
-0.0448107
0.0255366
-0.0148718
-0.0167575
-0.0165468
-0.0758879
0.0199264
0.0092392
0.0117085
0.0392577
0.0235644
0.0121194
0.0324867
0.0520358
0.0154495
0.0677949
0.1169657
0.0576387
0.0538847
0.0198398
-0.0290999
-0.0418619
-0.1380165
-0.1647663
-0.1422288
-0.1586255
-0.1600226
-0.0660784
0.0417318
0.1684471
0.3148692
0.3215614
0.2730080
0.1234475
-0.0862182
-0.2305415
-0.3717607
-0.3571323
-0.1839996
-0.0328905
0.1124082
0.1085182
0.0993818
0.0847133
0.0881030
0.1217626
0.0311219
0.0277597
-0.0349406
-0.0245320
0.0146744
-0.0491091
-0.0844880
-0.0666035
-0.0000648
-0.0220845
-0.0089885
0.0141994
-0.0181432
-0.0520288
-0.0051812
0.0448858
-0.0035520
0.0511873
0.0819917
-0.0163473
0.0024693
0.0414863
0.0480560
0.0486275
-0.0350573
0.0130854
0.0643439
-0.0299648
0.0060220
-0.0140628
-0.0576979
-0.0235573
-0.0807148
0.0053453
0.0032440
-0.0228355
-0.0155628
-0.0754111
-0.0299847
-0.0080075
0.0268430
0.0939710
0.0531741
0.0190235
0.0417986
0.0168994
0.0325406
0.0342052
-0.0174989
-0.0141779
-0.0874399
-0.1432106
-0.1440518
-0.1455672
-0.1156031
-0.0580187
0.1202006
0.2579060
0.3216896
0.3933258
0.3188870
0.0960585
-0.1235038
-0.2869424
-0.3593370
-0.3517185
-0.2512662
-0.0666910
0.0864742
0.1373689
0.0998624
0.0531456
0.0615387
0.1123697
0.1411785
0.0098011
-0.0093298
0.0355688
-0.0446255
-0.0001437
0.0063063
-0.0414492
-0.0463144
-0.0660161
-0.0179323
0.0234528
0.0000825
0.0009362
-0.0044415
0.0379931
0.0832022
0.0211965
0.0165697
0.0073350
-0.0312079
0.0067947
-0.0144188
0.0232233
0.0276267
-0.0583462
0.0096474
0.0387783
-0.0153730
0.0383552
0.0148217
-0.0586080
-0.0619572
-0.0529940
-0.0418244
-0.0157281
0.0216819
0.0202790
-0.0065808
-0.0010851
0.0524205
0.0779293
0.1015563
0.0602761
0.0255988
0.0810349
-0.0015879
-0.0382093
-0.0464401
-0.0563624
-0.0763982
-0.1639051
-0.2083649
-0.2598436
-0.1884168
-0.0475108
0.1225060
0.2029227
0.2681646
0.3901518
0.3209745
0.1827902
-0.0054009
-0.2639706
-0.3728007
-0.4178918
-0.2997713
-0.0695058
0.0214308
0.1304613
0.0996519
0.0397862
0.0732584
0.0563621
0.0317723
0.0120035
0.0029563
-0.0064342
-0.0409710
-0.0405221
0.0177360
-0.0298102
-0.0814259
-0.0279391
-0.0340012
-0.0599405
-0.0596036
-0.0222258
0.0551542
0.0142941
-0.0172039
0.0179710
-0.0332543
-0.0238917
0.0202374
0.0461138
0.0036603
0.0288783
0.0534116
-0.0123232
0.0269643
0.0001188
-0.0029708
0.0051464
-0.0282564
-0.0330766
-0.0560227
-0.0495148
-0.0258537
-0.0407087
-0.0699734
-0.0118493
-0.0031528
0.0224080
0.0583459
0.0333691
0.1016937
0.0713735
0.0315216
0.0857483
0.1057907
0.0780678
-0.0136384
-0.0695352
-0.0662562
-0.1227896
-0.1655002
-0.1626679
-0.1265112
-0.0743005
-0.0142855
0.1084652
0.2630367
0.3624241
0.3133945
0.2876169
0.1703050
-0.0646445
-0.2515439
-0.4322053
-0.4253462
-0.2561275
-0.0595045
0.0992324
0.1538017
0.1402247
0.1273436
0.1503743
0.1481195
0.0652969
-0.0003386
0.0025330
-0.0315833
-0.0227154
-0.0144244
-0.0512306
-0.0029426
-0.0501328
-0.0755306
-0.0150800
0.0061720
-0.0080023
-0.0226734
0.0054152
-0.0067415
-0.0097142
0.0128827
0.0549425
0.0507757
-0.0489182
-0.0307950
0.0472398
-0.0238029
-0.0365338
0.0368854
0.0668935
0.0045054
-0.0200838
0.0283196
-0.0176686
-0.0396297
-0.0561855
-0.0603542
0.0275774
-0.0202954
-0.0516805
0.0292550
0.0250434
0.0746499
0.0391241
0.0178972
0.0753443
0.0134529
0.0559799
0.1025774
0.0167351
0.0170835
-0.0513321
-0.0785237
-0.0994413
-0.1714755
-0.1892083
-0.2578607
-0.2003083
-0.0909520
0.0154408
0.1971244
0.2800203
0.2936472
0.3128688
0.2466344
0.0721452
-0.1828190
-0.3201229
-0.4395497
-0.3739740
-0.1610331
-0.0507175
0.1022443
0.1617717
0.1604656
0.1277846
0.1060929
0.0796376
0.0356633
0.0288622
-0.0481957
-0.0772378
-0.0163896
-0.0502195
-0.0929604
-0.0575247
-0.0032393
0.0140542
-0.0228220
-0.0193701
-0.0271589
-0.0427044
0.0229373
0.0440759
0.0517706
0.0531010
-0.0174051
-0.0079502
-0.0010790
0.0107232
0.0430604
-0.0219233
-0.0171736
0.0175365
-0.0130008
0.0342564
0.0220777
-0.0027164
-0.0433914
-0.0476637
-0.0129263
-0.0237596
0.0004163
-0.0751537
-0.0810962
-0.0674056
-0.0069544
0.0848105
0.1024916
0.1053130
0.0261564
0.0478358
0.0859301
0.0549943
0.0626558
0.0540303
-0.0230878
-0.1218705
-0.1475274
-0.1443584
-0.1923611
-0.1579081
-0.0951594
-0.0658194
0.1015555
0.2686763
0.3062007
0.3667544
0.3497854
0.1471757
-0.0434420
-0.2069369
-0.3798972
-0.3891079
-0.2321353
-0.0725137
0.0199805
0.0715613
0.1039253
0.1275471
0.1027113
0.0634726
0.0595883
0.0180381
0.0173923
0.0285182
-0.0434370
-0.0724953
-0.0577478
-0.0581011
-0.0349587
-0.0578662
-0.0940555
-0.0003907
0.0255586
0.0277521
0.0406678
-0.0134873
0.0513790
0.0278807
0.0142716
0.0433291
-0.0000759
-0.0045855
-0.0284240
-0.0313315
0.0016851
-0.0181197
-0.0488363
0.0209593
0.0148263
-0.0270344
0.0269030
0.0088659
-0.0239628
-0.0295713
-0.0353521
-0.0765087
-0.0583011
-0.0175899
-0.0069280
