0.3007933
0.3284622
0.2218008
0.0522307
-0.1409578
-0.2740536
-0.3398834
-0.2616247
-0.1185892
0.0673648
0.0911345
0.0544154
0.1298015
0.1294108
0.1335162
0.0912816
0.0755148
0.0834676
-0.0208665
-0.0461786
0.0045813
-0.0267766
-0.0403730
-0.0258010
-0.0256818
-0.0287886
0.0316714
0.0137302
-0.0324398
0.0033296
-0.0380743
-0.0389072
-0.0206596
0.0234402
0.0624559
-0.0028273
0.0078169
0.0255266
-0.0317552
0.0020921
0.0105937
-0.0150461
-0.0421224
-0.0057303
0.0442599
-0.0286828
-0.0229321
0.0062138
-0.0379488
-0.0215056
-0.0510449
-0.0391326
0.0296961
0.0221858
0.0308710
-0.0124985
0.0034644
0.0956076
0.1070441
0.0363963
0.0334692
0.0750102
0.0193929
0.0022797
0.0189445
-0.0854686
-0.1773990
-0.1990880
-0.2225490
-0.1556735
-0.0204855
0.0620756
0.1257185
0.2331470
0.3465417
0.3572020
0.2974380
0.1419807
-0.1271183
-0.3138650
-0.3776853
-0.2918794
-0.1118863
-0.0235056
0.0176956
0.0625130
0.0901371
0.0944945
0.0448600
0.0655929
0.0931195
0.0547369
0.0248093
-0.0041580
-0.0367587
-0.0473770
-0.0253180
-0.0108884
0.0018043
0.0045844
-0.0167463
0.0236158
0.0262826
-0.0433915
-0.0208266
0.0079123
0.0386965
-0.0023823
-0.0011088
0.0649055
0.0045090
-0.0053348
0.0071584
-0.0053572
0.0328167
-0.0219690
-0.0396012
0.0044497
-0.0684608
-0.0811079
-0.0269272
-0.0457583
-0.0859516
-0.0202457
0.0007877
-0.0448917
-0.0035415
0.0275547
0.0256483
0.0754025
0.1182347
0.0542000
0.0437380
0.0677066
0.0329686
0.0171570
-0.0490219
-0.1131385
-0.1194866
-0.1402097
-0.2086701
-0.2275256
-0.1122175
-0.0257695
0.0575197
0.2349999
0.3114530
0.4113600
0.3483521
0.1604406
0.0074211
-0.2746432
-0.4201559
-0.4016287
-0.2825250
-0.1036310
0.0914724
0.1101124
0.0675355
0.1462889
0.1416929
0.0967369
0.0391256
0.0419598
-0.0008567
-0.0523224
-0.0803585
-0.0655146
0.0177034
-0.0748594
-0.0870133
-0.0212132
0.0022053
0.0247873
0.0047525
0.0086239
0.0280023
0.0337620
0.0160942
-0.0059209
0.0408122
0.0160357
0.0245710
0.0514089
-0.0131499
0.0298615
-0.0073546
-0.0357007
-0.0359548
0.0070238
0.0020315
-0.0512516
-0.0012664
-0.0434566
-0.0243599
0.0060980
-0.0018046
-0.0361186
-0.0772231
-0.0091901
0.0256034
0.0154235
0.0762618
0.1045360
0.0583162
0.0701332
0.0757098
0.0488211
0.0299550
0.0234441
0.0368862
-0.0348667
-0.0574296
-0.0966225
-0.2105406
-0.2268761
-0.1749208
-0.0316638
0.1359865
0.2234782
0.3208718
0.3609045
0.3186354
0.2459813
0.0337622
-0.1812208
-0.3024922
-0.3912066
-0.2783955
-0.1168398
0.0589547
0.1210316
0.0413093
0.1194225
0.1038259
0.0669842
0.1127194
0.0512703
0.0570237
0.0075322
-0.0564393
0.0160974
-0.0635615
-0.0797644
-0.0387308
0.0148652
-0.0213064
-0.0342126
0.0429696
-0.0335209
-0.0460624
0.0006684
0.0571961
0.0255085
-0.0255346
0.0001234
0.0084281
0.0189707
0.0362692
0.0338121
-0.0251245
-0.0127007
0.0230232
0.0277678
0.0178368
-0.0128928
0.0050999
-0.0093888
-0.0335384
-0.0467978
-0.0860215
-0.0769637
-0.0628953
-0.0204097
0.0557807
0.0357320
0.0522058
0.0858103
0.0899646
0.1007816
0.0957551
0.1089941
0.0662574
-0.0077392
-0.0223522
-0.0664631
-0.1206431
-0.2158613
-0.2762206
-0.1596538
-0.0504534
0.0405171
0.1771379
0.2511623
0.3077216
0.3677547
0.2969389
0.0758562
-0.1180045
-0.2643087
-0.4145429
-0.3253703
-0.1668079
-0.1069908
0.0465611
0.1324979
0.1412769
0.1504487
0.0582736
0.0982836
0.1029511
0.0417592
0.0282113
-0.0259730
-0.0185085
-0.0426440
-0.0826800
-0.0647942
-0.0255436
-0.0216302
0.0047462
0.0239958
-0.0184532
-0.0495462
-0.0264477
0.0514497
0.0192975
0.0074243
0.0411020
0.0079765
-0.0321646
-0.0364272
0.0237271
-0.0138593
-0.0188511
-0.0510097
-0.0048323
0.0415726
-0.0337117
0.0037786
-0.0143294
0.0087733
-0.0383947
-0.0504980
-0.0390588
-0.0399539
-0.0198698
-0.0471874
0.0407504
0.0163952
0.0815653
0.1111200
0.0950616
0.1141515
0.0554248
0.0834982
0.0020625
-0.0568250
-0.0223024
-0.1366358
-0.1843369
-0.2009539
-0.2527091
-0.1765386
-0.0515783
0.1426705
0.1765841
0.2061781
0.2532904
0.2789593
0.2450371
0.0388664
-0.1225598
-0.3603898
-0.4466728
-0.2595455
-0.1196608
0.0288951
0.1094386
0.0831865
0.1155417
0.0992998
0.1364052
0.1056796
0.0760787
0.0446798
-0.0258076
-0.0136842
-0.0564053
-0.0715943
-0.0883028
-0.0325714
0.0033259
-0.0840372
-0.0374544
0.0077008
-0.0450652
-0.0071867
-0.0256824
-0.0463275
-0.0426132
-0.0210829
0.0294352
0.0024286
0.0028305
0.0220707
0.0073283
0.0052391
0.0036618
-0.0281889
-0.0462408
0.0009943
0.0242315
-0.0194591
-0.0159629
-0.0184176
-0.0074527
0.0207236
-0.0183059
-0.0772497
-0.0301864
0.0485630
-0.0045132
0.0078535
0.0776506
0.0760100
0.0913397
0.0612864
0.0135785
0.0253070
-0.0164616
-0.0458502
-0.0435604
-0.0774902
-0.1536551
-0.2002028
-0.1599472
-0.1137568
-0.0200045
0.1159456
0.1824307
0.2540664
0.2789774
0.2800195
0.2569151
0.0718154
-0.1403473
-0.3493375
-0.4026156
-0.3038731
-0.1552462
0.0345282
0.1263820
0.1260117
0.0722656
0.0357688
0.1127926
0.1240248
0.1008824
0.0821520
0.0378548
0.0357048
0.0011790
0.0143261
-0.0518513
-0.1106877
-0.0306812
-0.0173011
-0.0677492
-0.0250870
0.0122751
-0.0284255
0.0342248
0.0184161
-0.0262429
0.0556170
0.0702857
0.0285905
0.0251092
0.0649618
0.0686468
0.0422477
-0.0110918
0.0157703
0.0146374
-0.0557544
-0.0100857
-0.0356299
-0.0686799
-0.0460428
-0.0277133
-0.0308480
-0.1007406
-0.0706276
0.0017305
-0.0133793
0.0394610
0.0399196
0.0354568
0.1022615
