0.1120256
0.1213238
0.0935212
0.0720852
0.0346619
0.0247084
-0.0115955
-0.0486881
-0.0627735
-0.0903401
-0.0545901
-0.0567483
-0.0173747
0.0070771
0.0391877
0.0239651
0.0486655
0.0325624
0.0423630
0.0192528
0.0030907
-0.0140004
-0.0231939
-0.0407440
-0.0422281
-0.0243131
-0.0073292
-0.0002114
0.0160601
0.0116798
0.0046610
0.0138111
-0.0015861
0.0000702
-0.0179798
0.0098378
0.0035358
-0.0062329
0.0333942
-0.0045131
-0.0205722
-0.0220412
-0.0118177
0.0076568
-0.0206592
0.0096587
-0.0030413
0.0113325
0.0025991
0.0102510
-0.0059644
-0.0102490
0.0001305
-0.0138149
-0.0012211
-0.0243531
-0.0124741
0.0124632
0.0195949
-0.0007604
-0.0156229
-0.0174843
0.0096037
-0.0073664
-0.0019636
0.0099090
0.0084672
0.0182364
0.0189150
-0.0038811
0.0040608
0.0152308
0.0084413
-0.0032860
0.0013735
0.0208051
0.0028720
0.0150752
0.0158611
-0.0216402
-0.0030453
0.0163016
0.0187547
0.0288758
0.0081887
0.0187923
-0.0052109
-0.0206681
-0.0044387
0.0201987
0.0109366
-0.0058111
0.0134255
-0.0006882
-0.0143156
-0.0060289
-0.0055771
-0.0088757
0.0164076
-0.0108018
-0.0029040
-0.0109273
-0.0007198
0.0028425
-0.0084298
0.0182982
0.0231983
0.0146886
0.0176703
-0.0024517
-0.0218957
-0.0033201
-0.0148939
-0.0075343
-0.0166421
0.0047348
0.0258598
0.0140741
0.0256520
0.0001721
0.0175987
0.0128015
-0.0007837
0.0105427
0.0136515
-0.0075387
-0.0122117
-0.0136581
-0.0090651
-0.0135822
0.0130169
0.0066404
-0.0163816
0.0191951
0.0187725
0.0091682
0.0090259
-0.0112488
0.0071114
0.0102064
-0.0101661
-0.0182640
0.0069333
-0.0077354
-0.0361221
-0.0037134
-0.0241343
-0.0365733
-0.0172070
0.0057234
0.0267690
0.0257630
0.0429033
0.0350495
0.0445108
-0.0069844
-0.0017396
-0.0529807
-0.0685256
-0.0707457
-0.0483914
-0.0421705
-0.0305397
-0.0135546
0.0450345
0.0641899
0.1278279
0.1111503
0.0671968
-0.0148539
-0.0952497
-0.1029760
-0.0647956
-0.0429689
-0.0729628
-0.0920315
-0.0869767
0.0021773
0.0826715
0.0926412
0.1056341
0.0596766
0.0480898
0.0102829
-0.0332117
-0.0431030
-0.0783047
-0.0506082
-0.0518943
-0.0326956
-0.0085016
0.0134621
0.0054432
0.0398383
0.0305629
0.0128861
0.0258380
0.0123465
0.0147649
-0.0017349
-0.0246857
-0.0059564
-0.0220362
-0.0279482
0.0014528
-0.0173113
0.0063443
0.0206983
0.0138654
-0.0059548
0.0175294
0.0036346
-0.0069131
0.0168394
0.0071315
-0.0164898
-0.0144971
-0.0064590
-0.0065930
-0.0231218
-0.0114164
-0.0109546
0.0117514
0.0150492
-0.0087241
0.0068595
-0.0092130
0.0027608
0.0099628
-0.0133059
0.0051263
-0.0072189
0.0117649
0.0167966
-0.0050779
-0.0189643
0.0036223
-0.0105895
-0.0172207
-0.0091332
0.0186174
-0.0067989
-0.0088510
0.0124138
0.0080904
0.0009673
0.0127098
-0.0222046
0.0135418
0.0013796
-0.0203476
0.0000706
-0.0076986
0.0113805
-0.0123130
-0.0055592
0.0002172
-0.0192612
0.0060336
0.0150142
0.0091639
0.0131566
0.0025633
-0.0116156
0.0019140
0.0075099
-0.0114137
0.0074051
-0.0109400
-0.0031168
0.0141195
0.0109351
-0.0086631
-0.0036729
-0.0175386
0.0028112
-0.0216058
-0.0068217
0.0165423
0.0064274
0.0015738
-0.0114473
0.0017182
0.0216455
-0.0037985
-0.0061064
0.0012315
0.0023809
0.0127315
-0.0306085
-0.0108345
-0.0172867
-0.0022165
0.0072496
0.0044775
-0.0149313
0.0031219
0.0068476
0.0223341
0.0002081
-0.0167517
0.0223975
-0.0095998
-0.0011391
-0.0097923
-0.0157808
-0.0055433
-0.0196457
-0.0182113
0.0086514
0.0069540
0.0069820
0.0046226
0.0069433
-0.0121203
0.0157066
-0.0156384
0.0074634
0.0272740
0.0048471
-0.0069596
-0.0231027
0.0002204
-0.0053293
-0.0324110
-0.0024499
-0.0051970
-0.0146253
-0.0017138
-0.0015302
0.0185250
0.0169592
0.0318460
0.0320368
0.0186946
0.0023517
0.0042336
-0.0173363
-0.0185058
-0.0492676
-0.0394449
-0.0255868
-0.0211255
-0.0260355
0.0129208
0.0214136
0.0593882
0.0784292
0.0736444
0.0348317
-0.0270939
-0.0303776
0.0016304
0.0339489
-0.0240776
-0.1074303
-0.1081740
-0.1036955
0.0142431
0.0946939
0.1108361
0.0829596
0.0467815
0.0361314
0.0046025
-0.0238709
-0.0341332
-0.0360599
-0.0258560
-0.0424867
-0.0536759
-0.0282639
-0.0048790
0.0367872
0.0392922
0.0194182
0.0093609
0.0009205
0.0336574
-0.0110435
0.0033088
-0.0282618
0.0025535
-0.0014644
-0.0278229
-0.0014375
-0.0094922
0.0042927
0.0111532
-0.0072291
0.0171184
0.0176974
-0.0077939
0.0162417
0.0149091
0.0113646
-0.0047215
-0.0039410
-0.0246473
-0.0099210
-0.0107390
-0.0040514
0.0135977
-0.0099156
-0.0039684
0.0099506
0.0332925
-0.0149122
-0.0068066
-0.0097636
0.0004183
-0.0080025
-0.0133830
-0.0255176
0.0088562
0.0089161
-0.0161154
0.0142772
0.0081108
-0.0140911
0.0136197
-0.0003629
-0.0105676
-0.0044744
0.0118446
0.0173383
0.0120646
-0.0139074
-0.0125610
0.0043021
-0.0123589
0.0113523
0.0243286
0.0211235
0.0083947
0.0009359
0.0108692
-0.0099432
-0.0017699
0.0228293
0.0058871
0.0018660
0.0116230
0.0106734
-0.0079261
-0.0243419
-0.0080361
-0.0135936
0.0171981
-0.0064171
-0.0030418
0.0034467
0.0096416
-0.0000297
-0.0000884
0.0022452
0.0096928
-0.0152164
-0.0190800
-0.0055396
-0.0192630
-0.0173362
-0.0075143
0.0090321
-0.0075881
0.0168394
-0.0124828
-0.0127553
0.0017525
-0.0065417
0.0010102
-0.0128914
-0.0123908
0.0065957
0.0019924
0.0078306
0.0025956
0.0002082
0.0064356
0.0185656
-0.0073612
0.0129282
-0.0144221
-0.0011369
0.0145526
0.0096124
-0.0028886
0.0040845
0.0078489
-0.0122306
0.0050194
0.0049522
0.0147986
-0.0051140
-0.0054586
0.0056251
0.0075071
-0.0008882
0.0061765
-0.0074127
