0.1425374
0.1130295
0.0253319
-0.0419660
-0.0319163
-0.0471178
-0.0139665
-0.0197870
-0.0804107
-0.0448948
-0.0603944
-0.0603518
0.0036998
0.0246281
0.0796306
0.0996541
0.0520855
0.0327857
0.0262235
0.0002099
-0.0401781
-0.0418288
-0.0268619
-0.0327072
-0.0508565
-0.0379105
-0.0124457
-0.0261920
0.0228189
0.0141691
-0.0130649
0.0626915
0.0144470
0.0138283
0.0273304
0.0196351
0.0193901
0.0266545
-0.0177919
-0.0478782
-0.0415775
-0.0000110
0.0173138
-0.0213004
0.0087969
0.0084935
0.0067242
0.0211192
-0.0181474
-0.0117021
-0.0074338
-0.0020826
0.0233466
-0.0098385
0.0154368
0.0282243
-0.0199304
0.0049054
0.0110628
-0.0137142
-0.0382940
-0.0150852
0.0156683
-0.0026633
0.0218514
-0.0182606
0.0235075
0.0225298
0.0277848
-0.0138336
-0.0420026
-0.0024904
-0.0218388
-0.0362480
0.0112958
0.0308173
-0.0256841
-0.0285653
-0.0301123
-0.0165875
0.0307984
0.0007444
0.0106372
-0.0213335
0.0007107
0.0106796
-0.0170179
0.0014388
-0.0091893
-0.0334149
-0.0187722
-0.0173285
-0.0134452
0.0137579
0.0037422
0.0092877
-0.0160350
-0.0270495
0.0202829
0.0335659
-0.0302043
0.0127506
0.0284754
0.0021266
0.0204867
0.0073961
-0.0360207
-0.0188678
-0.0128990
-0.0302758
0.0363998
0.0188723
-0.0107434
-0.0183779
0.0064196
-0.0096867
-0.0258241
-0.0055133
0.0183231
0.0254577
0.0166711
-0.0258992
0.0247679
0.0109834
-0.0411130
-0.0131143
-0.0389221
0.0031756
-0.0211416
0.0187170
-0.0284731
0.0046577
0.0392016
-0.0182139
0.0112880
0.0282674
0.0234642
0.0198971
-0.0331703
-0.0235624
-0.0060894
-0.0306891
-0.0033877
0.0112537
0.0280887
0.0304865
0.0210977
0.0357806
-0.0174712
-0.0292814
-0.0216441
-0.0006708
0.0212694
0.0162353
0.0428175
0.0067008
-0.0025942
0.0170735
-0.0146357
-0.0240852
-0.0008305
0.0339314
-0.0296395
0.0047255
0.0095067
0.0178335
-0.0114826
-0.0113978
0.0491656
0.0173337
-0.0055941
-0.0267971
-0.0292333
0.0151804
0.0201429
0.0173525
0.0079666
-0.0568000
-0.0258258
-0.0369091
-0.0029518
0.0011116
0.0166693
0.0542140
0.0021414
0.0104546
0.0356524
0.0283230
0.0131286
0.0024868
0.0077965
-0.0233764
-0.0726416
-0.0898943
-0.0422904
-0.0523216
-0.0587289
-0.0079539
0.0523594
-0.0033871
0.0485756
0.1327842
0.1456793
0.1278398
0.0428895
0.0181888
-0.0635695
-0.1186872
-0.1338753
-0.0881983
-0.0745217
-0.0283645
-0.0196960
0.0232212
0.0538676
0.0707489
0.0893838
0.0672306
0.0637753
0.0029886
-0.0091325
-0.0108867
-0.0838853
-0.0542933
-0.0258879
-0.0506044
-0.0305742
0.0139495
-0.0072814
0.0004183
0.0650137
0.0310046
0.0442964
0.0374486
0.0180471
0.0410559
-0.0064825
0.0050106
-0.0147511
-0.0493464
-0.0480774
-0.0269798
0.0099170
0.0203867
-0.0095072
-0.0205287
0.0470916
0.0083085
-0.0012197
-0.0013123
-0.0091710
0.0417267
-0.0032225
0.0086990
0.0309936
-0.0029407
-0.0124599
0.0193348
-0.0031008
0.0153055
-0.0293934
0.0075216
-0.0161457
-0.0413813
0.0072681
-0.0273222
-0.0126404
-0.0128934
-0.0057509
0.0064916
-0.0295311
0.0093971
0.0368497
0.0002401
0.0011339
0.0210086
-0.0050914
0.0027151
-0.0058894
-0.0133863
-0.0117214
-0.0404791
0.0033736
0.0118837
-0.0310709
-0.0341980
-0.0309516
0.0013434
-0.0057298
-0.0269097
-0.0230196
0.0226031
0.0049005
-0.0080203
-0.0252613
-0.0444388
-0.0131981
0.0043146
0.0143223
0.0111084
-0.0481075
-0.0170446
0.0175366
-0.0373311
0.0352461
0.0296058
0.0260457
0.0064574
0.0039978
-0.0277672
-0.0008037
0.0000884
-0.0036549
-0.0032920
-0.0330190
-0.0164345
-0.0076753
0.0432682
0.0088519
-0.0055386
0.0379557
0.0126537
-0.0076691
-0.0037497
-0.0309605
0.0359738
-0.0137699
0.0078967
0.0070158
-0.0343938
0.0206142
0.0111667
0.0214641
0.0057159
-0.0199935
-0.0293905
0.0248390
0.0102279
0.0252128
-0.0064770
0.0292292
0.0084364
-0.0165389
0.0145860
0.0170995
0.0073594
-0.0273523
0.0062810
0.0036464
-0.0274475
0.0119003
-0.0059662
-0.0177922
0.0219096
-0.0220277
-0.0220903
0.0222410
-0.0021378
-0.0085520
0.0420696
0.0215952
0.0193738
0.0310558
0.0210657
0.0363672
-0.0099609
-0.0288613
-0.0105976
-0.0000790
-0.0123750
-0.0133210
-0.0305252
-0.0412033
-0.0005784
0.0007488
0.0026536
0.0071064
0.0421421
0.0702141
0.0546195
0.0486052
0.0234671
0.0166490
0.0001064
-0.0096956
-0.0410491
-0.0404663
-0.0759888
-0.1123050
-0.0735063
-0.0625568
0.0115515
0.0544392
0.0979840
0.1440075
0.1285423
0.1290531
0.0711441
-0.0110412
-0.1155631
-0.1599678
-0.2011914
-0.1570498
-0.0793124
0.0029295
0.0211844
0.0942989
0.1440629
0.1170489
0.1403344
0.0846431
0.0120546
-0.0083106
-0.0425342
-0.0449723
-0.0313813
-0.0675728
-0.0929356
-0.0518759
-0.0531341
-0.0211734
-0.0161407
0.0314219
0.0169297
0.0329258
0.0510085
-0.0151058
0.0091092
0.0327274
0.0252629
0.0201505
0.0145191
-0.0318470
0.0169823
-0.0413219
-0.0660551
-0.0246336
-0.0240458
0.0245648
0.0167308
-0.0232522
-0.0088518
-0.0035990
-0.0078387
0.0182062
0.0259608
0.0196568
0.0264866
-0.0195584
-0.0251479
-0.0358013
-0.0320198
-0.0150349
0.0020404
0.0474755
-0.0092067
0.0116062
-0.0028603
-0.0290892
0.0421694
0.0362584
0.0128694
-0.0271316
0.0138150
-0.0301747
-0.0287783
0.0326307
-0.0159783
0.0071615
0.0054767
0.0184247
-0.0151738
-0.0111572
0.0357881
0.0176874
-0.0068976
-0.0324608
-0.0165448
-0.0252080
0.0095577
-0.0158813
-0.0198391
-0.0176709
0.0300441
-0.0061842
-0.0354170
0.0169305
0.0128077
-0.0027974
-0.0130082
-0.0231594
0.0099252
0.0348563
-0.0036370
0.0089547
0.0285323
-0.0369146
0.0047907
0.0259048
-0.0152126
