0.1364880
0.1249638
0.0454219
-0.0671258
-0.1130077
-0.1694498
-0.1592425
-0.0814785
-0.0637182
0.0463113
0.0789607
0.1063060
0.0744751
0.0850720
0.0517022
0.0569267
-0.0107404
-0.0704152
-0.0601046
-0.0791352
-0.0915960
-0.0142788
-0.0645057
0.0026424
0.0184728
0.0487926
0.0413044
0.0750516
0.0087368
0.0401766
-0.0079279
-0.0028166
0.0317275
0.0001605
0.0052644
-0.0092205
-0.0143747
0.0055717
-0.0050377
-0.0333927
0.0403384
-0.0085828
-0.0141217
0.0066160
0.0083350
0.0269959
-0.0142263
0.0185020
-0.0301872
-0.0112332
-0.0253225
-0.0046145
0.0323292
-0.0052209
-0.0425706
-0.0333107
-0.0316303
0.0022394
-0.0021662
0.0071532
0.0050926
0.0403803
0.0109786
0.0322890
0.0012267
-0.0115138
0.0275638
-0.0228153
-0.0134911
-0.0081632
0.0144872
0.0177635
-0.0064795
-0.0166056
-0.0200705
0.0364090
-0.0049495
-0.0348770
0.0052298
-0.0334022
-0.0120315
0.0175974
-0.0031042
-0.0031562
0.0015843
-0.0135679
-0.0320145
-0.0323833
0.0319685
-0.0156644
0.0255935
-0.0169002
-0.0022834
0.0071589
-0.0144868
0.0276258
-0.0119380
0.0018090
0.0252807
-0.0227887
-0.0194784
-0.0203691
0.0279172
0.0421060
-0.0015550
-0.0252005
-0.0392100
0.0155618
0.0216405
0.0197064
-0.0304920
-0.0225148
0.0029558
0.0435634
0.0258311
-0.0232946
0.0407084
0.0162037
-0.0101999
0.0148530
0.0104483
0.0346799
-0.0212975
-0.0053100
-0.0057709
-0.0372171
-0.0493798
-0.0143946
0.0210089
-0.0218856
0.0195752
-0.0129784
-0.0229419
0.0006278
0.0262150
0.0326818
0.0091150
0.0001954
-0.0110899
-0.0289610
-0.0351468
-0.0232993
-0.0122872
0.0055355
-0.0177595
-0.0008305
0.0474025
-0.0004133
0.0034243
-0.0177733
0.0365226
-0.0030372
-0.0096394
0.0101455
-0.0048255
-0.0363235
0.0030952
-0.0279557
-0.0560724
0.0159675
-0.0184776
0.0287516
0.0122031
0.0537596
0.0360312
0.0564291
0.0150697
0.0020994
0.0168470
-0.0182979
-0.0301274
-0.0704120
-0.0765856
-0.0751565
-0.0564317
-0.0301781
-0.0325918
0.0069511
0.0535787
0.1347223
0.1757803
0.1582253
0.0685905
-0.0346267
-0.1687685
-0.2211519
-0.1735996
-0.1758628
-0.0499666
-0.0324713
0.0411865
0.0843267
0.0915775
0.1380846
0.1143926
0.0533047
-0.0256299
-0.0318034
-0.0371852
-0.0952234
-0.0697271
-0.0936155
-0.0348020
-0.0000246
-0.0006737
0.0586221
0.0269260
0.0040235
0.0604682
0.0493339
-0.0237662
0.0447302
-0.0015906
-0.0348851
-0.0395026
-0.0362316
-0.0021172
-0.0147842
0.0155439
-0.0120528
0.0290407
0.0313334
-0.0044730
-0.0367103
0.0240371
-0.0194541
-0.0160594
-0.0124457
-0.0192161
-0.0121537
0.0211234
-0.0242402
0.0024177
-0.0287633
0.0293878
-0.0198119
0.0163048
-0.0169442
0.0246723
-0.0071963
0.0240760
0.0085675
-0.0249539
-0.0253748
-0.0008173
-0.0257355
0.0375891
-0.0236151
0.0073354
0.0347082
0.0070852
-0.0097637
0.0017626
-0.0179516
-0.0293681
-0.0057385
0.0038270
-0.0094119
-0.0172114
-0.0370399
-0.0140364
-0.0169633
0.0448530
0.0145338
-0.0300870
0.0148727
-0.0239719
0.0063443
-0.0191723
-0.0082120
0.0335560
-0.0070918
-0.0217665
0.0286681
0.0061523
-0.0232530
0.0266933
-0.0316986
0.0013228
0.0129157
0.0170841
0.0412796
0.0068636
-0.0137886
0.0018472
0.0341975
-0.0222693
-0.0126290
0.0402521
-0.0261767
0.0169248
0.0192410
0.0319392
-0.0116314
-0.0028237
-0.0086875
0.0234680
-0.0053260
0.0088415
0.0014311
-0.0345674
-0.0188784
0.0124185
0.0106351
-0.0052883
-0.0259848
-0.0233720
-0.0265400
0.0247000
0.0013486
0.0117733
-0.0284856
-0.0130362
0.0316343
0.0233186
-0.0261731
0.0197600
-0.0169274
0.0022881
-0.0335660
-0.0108801
0.0127806
-0.0105814
-0.0131842
-0.0386920
-0.0065952
-0.0190857
0.0168797
0.0254836
0.0328895
0.0160831
0.0045884
0.0274700
-0.0119007
0.0007893
-0.0292454
-0.0227395
-0.0395226
-0.0081265
-0.0390875
0.0193708
0.0121323
0.0142541
-0.0435100
-0.0052851
0.0060584
0.0533960
0.0428766
0.0145059
0.0808130
0.0426137
-0.0062533
-0.0338163
-0.0452778
-0.0420838
-0.0642768
-0.1012238
-0.0321267
0.0046896
0.0098214
-0.0008244
0.1007457
0.1201175
0.1353793
0.1537045
0.0353177
-0.0915220
-0.1228161
-0.0967758
-0.0623032
-0.0330695
-0.0598453
-0.0104626
0.0284102
0.0749803
0.0759192
0.0442973
0.0609151
0.0260491
0.0202557
-0.0076086
-0.0659029
-0.0507609
-0.0518457
-0.0865819
-0.0209883
-0.0371703
-0.0256896
-0.0246183
0.0485870
0.0298686
0.0455334
0.0056328
0.0109523
0.0070351
-0.0334574
-0.0309682
0.0207980
0.0079452
-0.0422170
-0.0010943
-0.0504092
0.0034552
0.0177196
-0.0092196
-0.0060723
0.0461959
-0.0277306
0.0306973
0.0207819
-0.0288259
0.0071882
0.0006536
0.0180620
0.0186048
-0.0071701
0.0162832
-0.0378542
0.0211372
-0.0084159
-0.0344557
0.0055932
0.0026344
-0.0528275
-0.0149778
0.0185924
0.0432013
0.0356266
0.0424732
-0.0068811
-0.0287269
-0.0284811
-0.0286568
-0.0210240
-0.0399089
-0.0024167
0.0241833
-0.0123715
-0.0272319
0.0285552
-0.0173613
0.0085657
0.0433171
0.0157866
-0.0310880
0.0239380
0.0106031
-0.0060636
0.0573295
-0.0236179
0.0220640
-0.0010667
0.0000982
0.0154338
-0.0110909
-0.0296074
-0.0247154
0.0319742
0.0194104
0.0086652
0.0388910
-0.0187056
0.0321225
-0.0233697
0.0336661
0.0224327
0.0134065
-0.0029160
-0.0047185
-0.0340075
0.0260430
0.0215396
-0.0162574
-0.0074647
0.0323546
0.0427295
0.0147565
-0.0281625
0.0414992
-0.0046826
-0.0092081
0.0075742
0.0450133
0.0324360
0.0223045
0.0321681
-0.0410498
-0.0182935
0.0228255
0.0332976
0.0152625
0.0032369
0.0240544
0.0004866
-0.0209861
-0.0262760
0.0228530
0.0259860
0.0189832
0.0136796
