0.1126751
0.1220969
0.0789024
0.0517219
0.0501728
-0.0165063
-0.0400400
-0.0412096
-0.0594464
-0.0390235
-0.0368320
-0.0059937
0.0085243
0.0106131
0.0246617
0.0333829
0.0540775
0.0252096
0.0046318
0.0097209
0.0073141
0.0046142
-0.0049258
-0.0358914
-0.0083112
0.0070081
0.0099296
-0.0047384
0.0223474
0.0232139
0.0222848
0.0281032
0.0026277
0.0166265
-0.0101772
-0.0266163
0.0052830
-0.0140575
0.0133113
-0.0142822
0.0033783
-0.0300650
0.0023139
0.0035873
-0.0096491
0.0002038
-0.0154853
0.0015762
-0.0053134
-0.0086960
-0.0144205
0.0166589
0.0014141
-0.0074766
0.0150364
-0.0265552
0.0037778
0.0029847
0.0154957
-0.0205673
0.0017832
0.0125328
0.0143545
-0.0072175
0.0101738
-0.0128885
-0.0155540
-0.0015537
0.0000503
0.0146860
0.0090748
-0.0053260
-0.0203298
0.0020616
0.0095512
-0.0085744
0.0144596
0.0014910
0.0098967
-0.0017988
-0.0068860
0.0220398
-0.0118619
0.0129661
-0.0087070
-0.0110993
-0.0067379
0.0133609
-0.0048725
-0.0016146
0.0101701
-0.0188995
0.0223232
0.0080783
-0.0010704
0.0071143
0.0061698
0.0002975
-0.0047420
-0.0077385
0.0109704
0.0145607
-0.0212826
-0.0033549
0.0112542
-0.0008118
-0.0225271
-0.0151881
-0.0156405
0.0233227
0.0119717
-0.0072501
-0.0051443
-0.0137684
0.0011248
-0.0038667
-0.0061413
-0.0243578
-0.0309655
-0.0066783
0.0015650
-0.0012692
0.0118092
-0.0047072
0.0015194
-0.0102242
0.0158227
-0.0043555
0.0060340
-0.0015107
-0.0331806
-0.0326705
-0.0198480
-0.0212233
-0.0199680
-0.0073369
-0.0131958
0.0320056
0.0330284
0.0410588
0.0429364
0.0440567
0.0253223
0.0118506
-0.0016120
-0.0422725
-0.0932743
-0.0830856
-0.0571425
-0.0300748
-0.0181477
0.0223035
0.0716148
0.1269513
0.1435779
0.0781612
-0.0168892
-0.0826031
-0.1083805
-0.0801462
-0.0702747
-0.0925807
-0.0833571
0.0066594
0.0989606
0.1300190
0.1020236
0.0841680
0.0544315
-0.0064704
-0.0363802
-0.0449975
-0.0529472
-0.0664917
-0.0448643
-0.0074584
0.0135211
0.0238153
0.0371477
0.0326589
0.0147015
0.0204625
0.0186908
0.0214799
-0.0064601
-0.0233344
-0.0041160
-0.0423589
-0.0113863
-0.0183358
-0.0079480
-0.0044958
-0.0034762
0.0259828
0.0148951
-0.0070118
0.0070497
0.0132889
0.0142472
-0.0176654
0.0090714
-0.0057730
-0.0262922
-0.0209036
-0.0064734
0.0156502
0.0078426
0.0235829
0.0270435
0.0207140
0.0095803
0.0139910
-0.0043743
-0.0059195
-0.0118733
0.0090084
-0.0076390
-0.0088074
0.0132502
0.0124946
0.0058357
0.0086199
-0.0114382
-0.0148167
0.0042680
0.0047349
0.0003903
-0.0065902
-0.0116566
-0.0032207
0.0038407
-0.0150051
-0.0171487
-0.0146552
-0.0054952
-0.0089059
0.0046572
-0.0072839
0.0021428
-0.0044743
0.0021142
0.0038191
-0.0189621
0.0114034
-0.0100607
0.0142287
-0.0003902
-0.0029063
-0.0110739
0.0157710
0.0026351
-0.0128199
-0.0234710
-0.0264020
-0.0041747
0.0093233
-0.0225601
0.0025372
-0.0075441
0.0028178
0.0212514
0.0140731
-0.0095006
-0.0008044
0.0045681
0.0067050
0.0099909
-0.0182673
-0.0228694
-0.0079374
-0.0234837
-0.0091867
0.0001377
0.0021198
0.0267721
0.0123505
0.0001167
-0.0018150
-0.0071716
-0.0053920
-0.0060382
-0.0179002
-0.0217972
-0.0192934
-0.0106526
0.0113993
0.0149984
-0.0115189
0.0056632
0.0114768
0.0187184
0.0125694
0.0023331
0.0116897
-0.0067696
0.0048795
-0.0061870
0.0020577
-0.0267713
-0.0239582
-0.0165014
-0.0065897
0.0167987
0.0117661
-0.0024261
0.0186576
0.0204566
0.0246530
0.0344235
0.0187691
-0.0184057
-0.0383674
-0.0557917
-0.0681784
-0.0496604
-0.0327697
-0.0025490
0.0244125
0.0423738
0.0811010
0.0962128
0.0359546
-0.0153965
-0.0342495
-0.0208626
-0.0374585
-0.0824072
-0.1211541
-0.1094217
-0.0347557
0.0574148
0.0958526
0.1087488
0.0597741
0.0561803
0.0286287
-0.0274013
-0.0270353
-0.0443861
-0.0591546
-0.0444211
-0.0235892
0.0016538
0.0213486
0.0315478
0.0376523
0.0176713
0.0189748
0.0085860
0.0074341
-0.0129088
-0.0214100
0.0063283
0.0023913
-0.0261580
-0.0014024
-0.0174129
-0.0027252
0.0015654
0.0088639
0.0255058
0.0270472
0.0262780
-0.0090237
0.0172674
0.0018569
-0.0168070
-0.0037456
-0.0034491
-0.0260705
0.0221308
0.0113714
-0.0064808
-0.0203394
-0.0076023
0.0072705
0.0098388
-0.0151418
-0.0124388
-0.0064901
0.0118361
0.0082362
0.0004039
-0.0089556
-0.0059150
-0.0064023
0.0125790
-0.0056110
0.0087509
0.0068143
-0.0081850
-0.0111064
-0.0021301
-0.0030686
-0.0100370
0.0156004
0.0067389
0.0062400
0.0110858
0.0092885
0.0142713
0.0059844
-0.0000018
-0.0082214
0.0009484
-0.0183158
0.0040729
0.0133571
0.0047834
0.0236962
-0.0085961
-0.0115478
0.0081889
0.0201153
0.0170336
-0.0063980
0.0199177
0.0204917
-0.0004639
-0.0214118
0.0093105
-0.0146072
-0.0017872
0.0120890
-0.0039773
0.0167538
0.0073976
0.0136987
0.0133480
-0.0166130
0.0010610
0.0197461
0.0095504
0.0019989
0.0094154
-0.0104815
0.0059412
-0.0069748
0.0021909
-0.0151086
-0.0064154
0.0144453
0.0124217
0.0082488
-0.0064033
0.0139325
0.0094810
0.0046465
-0.0085293
-0.0186689
-0.0099293
0.0010686
-0.0110131
-0.0122789
0.0148530
0.0270125
-0.0171337
-0.0020838
0.0079303
-0.0183039
0.0074012
0.0151149
0.0167469
-0.0075639
-0.0026389
-0.0040518
-0.0208044
-0.0105574
0.0150821
0.0120690
-0.0045764
0.0240436
0.0361702
0.0301976
0.0309683
0.0016494
0.0101208
-0.0010806
-0.0356643
-0.0285859
-0.0291213
-0.0194588
-0.0289787
-0.0118776
0.0034606
0.0312883
0.0452949
0.0685431
0.0494359
-0.0157927
-0.0350697
-0.0204993
0.0187901
0.0359102
-0.0414221
-0.1175018
-0.1247590
-0.0428490
0.0471064
0.0874580
