0.1139033
0.1027647
0.0825652
0.0584977
0.0084353
-0.0372050
-0.0502370
-0.0464974
-0.0699364
-0.0402256
-0.0438295
-0.0367478
-0.0183298
-0.0117971
0.0335102
0.0126147
0.0314289
0.0404140
0.0172675
0.0234666
0.0340881
0.0092334
0.0137451
-0.0023602
-0.0306977
0.0034040
-0.0154224
-0.0278443
-0.0084735
0.0030614
-0.0143120
-0.0229471
-0.0128112
-0.0155111
-0.0064059
-0.0007779
-0.0084567
-0.0069598
-0.0047391
-0.0101787
-0.0014485
-0.0028829
0.0117624
-0.0025135
-0.0112865
0.0069765
-0.0073528
0.0102459
0.0013142
0.0083243
0.0013573
0.0069981
0.0241997
-0.0096419
0.0106451
0.0154637
-0.0171367
-0.0094492
-0.0217179
0.0027492
-0.0020608
0.0078751
0.0133594
-0.0017196
0.0096189
-0.0104502
-0.0063541
-0.0049292
-0.0040983
0.0179173
-0.0150585
-0.0129104
-0.0238726
-0.0052869
0.0063065
-0.0016655
0.0306874
-0.0077718
0.0067287
0.0036534
-0.0285697
-0.0035732
0.0214301
0.0057890
0.0036687
0.0075117
0.0148692
0.0205214
0.0095224
0.0115160
-0.0054920
0.0151257
-0.0020266
-0.0067813
-0.0019717
-0.0196909
0.0098048
0.0202658
0.0178559
0.0062485
-0.0011041
-0.0115984
-0.0201230
-0.0026195
-0.0124202
-0.0218376
-0.0000507
0.0013936
0.0052803
0.0092940
0.0047721
0.0019635
-0.0123812
-0.0095137
0.0195991
-0.0019722
-0.0221846
-0.0065576
0.0089336
0.0146589
-0.0180390
-0.0149393
-0.0144887
-0.0153074
-0.0067445
-0.0326276
-0.0075691
0.0114314
0.0011887
0.0283441
0.0280571
0.0273728
0.0044843
0.0162205
0.0051151
-0.0226281
-0.0128355
-0.0047395
-0.0074269
-0.0163710
-0.0025050
-0.0006686
0.0155919
-0.0079832
-0.0186099
0.0100267
0.0034721
0.0005422
0.0129905
0.0219095
0.0137002
-0.0016927
0.0184315
0.0166773
-0.0144034
-0.0313389
-0.0337703
-0.0380003
-0.0278165
-0.0155980
-0.0036965
0.0120577
0.0002354
0.0233636
0.0081446
0.0183722
0.0360473
0.0353340
0.0280245
0.0065030
0.0100364
-0.0154764
-0.0116078
-0.0268240
-0.0365553
-0.0505063
-0.0836455
-0.0550649
-0.0367457
-0.0272165
0.0080018
0.0133239
0.0559402
0.1192125
0.1354858
0.0954934
0.0290393
-0.0349435
-0.0887990
-0.0874786
-0.0599118
-0.0567038
-0.0713268
-0.1063891
-0.0933886
-0.0407306
0.0475339
0.1142014
0.1241289
0.0881806
0.0520529
0.0378715
0.0107157
0.0096947
-0.0281018
-0.0534087
-0.0663050
-0.0670631
-0.0635363
-0.0356547
-0.0115060
-0.0116050
0.0159535
0.0026326
0.0286469
0.0516502
0.0193077
0.0218045
0.0130985
0.0230474
0.0059448
-0.0237144
-0.0073200
-0.0352390
-0.0106596
-0.0136126
-0.0158580
-0.0113721
-0.0136363
0.0218625
0.0111659
-0.0074995
0.0113892
0.0159125
0.0087046
-0.0087332
-0.0089288
0.0005825
0.0073818
0.0010343
-0.0075523
-0.0022669
-0.0014118
-0.0028628
-0.0129092
-0.0207626
-0.0143235
0.0058603
-0.0108162
0.0099048
0.0036821
-0.0005403
0.0111949
-0.0174231
0.0177673
0.0085696
0.0200782
0.0132463
0.0022376
0.0118876
0.0058900
0.0154476
0.0125947
0.0124845
-0.0014041
-0.0201623
0.0067665
0.0002680
-0.0265318
0.0057920
0.0126680
0.0011755
0.0153814
-0.0009425
-0.0040982
0.0016453
-0.0144343
0.0134066
0.0206034
0.0033109
0.0174750
0.0033292
-0.0175986
-0.0060985
0.0058606
0.0105139
0.0085274
0.0075065
0.0032910
0.0018620
0.0201786
-0.0031718
-0.0062382
0.0214884
-0.0004031
0.0060862
0.0149399
-0.0052391
-0.0052940
0.0047056
0.0217904
-0.0053132
-0.0149795
0.0158709
-0.0034201
-0.0073620
0.0082462
0.0066746
0.0055283
0.0055991
0.0003935
0.0061554
-0.0025610
-0.0019484
0.0147253
-0.0025386
-0.0069778
0.0145942
0.0073602
-0.0160341
-0.0148697
-0.0218672
-0.0297010
-0.0163076
-0.0056163
0.0116074
0.0170791
0.0027477
0.0066488
0.0112111
0.0137065
0.0206156
-0.0052370
0.0074444
0.0099744
-0.0019331
0.0069435
-0.0168698
0.0081687
-0.0084236
-0.0141688
-0.0002707
0.0001598
0.0098043
0.0001486
0.0106454
0.0038681
-0.0154711
0.0110525
0.0109998
-0.0024724
-0.0003935
0.0022414
0.0022782
-0.0001509
-0.0090093
-0.0243015
-0.0299872
-0.0200272
-0.0055703
-0.0150134
-0.0062793
0.0022964
-0.0103197
0.0072092
0.0378702
0.0441338
0.0280193
0.0245467
0.0395473
0.0191332
-0.0186520
-0.0501299
-0.0423189
-0.0503744
-0.0542350
-0.0517808
-0.0673571
-0.0323783
-0.0212188
-0.0109315
0.0231340
0.0760846
0.1273393
0.1508866
0.1019992
0.0243955
-0.0602343
-0.1037109
-0.0709593
-0.0938274
-0.0893333
-0.1033832
-0.1076022
-0.0575683
-0.0105156
0.0733223
0.1266682
0.1142834
0.0899812
0.0605981
0.0391852
0.0159774
-0.0014378
-0.0574714
-0.0711102
-0.0660013
-0.0773468
-0.0387861
-0.0305065
-0.0111493
0.0100960
0.0110795
0.0396686
0.0502084
0.0369639
0.0253785
0.0091351
0.0253387
0.0255868
-0.0021728
0.0011604
-0.0177426
-0.0337676
-0.0146383
-0.0284224
-0.0203871
-0.0057952
-0.0266978
-0.0076550
0.0154459
0.0192675
0.0268281
0.0185527
0.0157639
0.0092125
0.0169522
0.0027251
0.0003931
0.0103928
-0.0237915
-0.0114288
-0.0089723
-0.0114332
-0.0206243
-0.0147522
0.0045189
0.0040850
0.0177042
0.0224995
0.0060527
-0.0048165
-0.0016163
0.0089544
0.0045602
0.0017804
0.0178119
0.0087787
0.0064017
0.0181727
0.0002221
-0.0169078
-0.0133652
0.0138725
0.0200964
-0.0017741
-0.0125090
-0.0066998
-0.0143678
-0.0188034
-0.0143611
-0.0144241
-0.0041384
-0.0082442
-0.0119228
-0.0130678
-0.0117936
0.0121388
0.0100202
0.0016802
0.0137833
-0.0002894
-0.0022192
0.0156748
0.0112996
0.0075222
0.0163831
-0.0037558
-0.0144620
-0.0070386
-0.0069330
0.0125951
0.0126276
-0.0083369
-0.0048849
-0.0084680
-0.0084040
0.0220681
0.0038094
-0.0123211
