1.1104225
0.9609214
0.5978620
-0.1313497
-0.6910977
-1.1188541
-1.3127444
-0.8929976
-0.2803120
0.1631630
0.3956903
0.3165710
0.2587923
0.5088932
0.4512328
0.2851273
0.2101359
-0.0494103
-0.1167177
-0.0514555
-0.0604261
-0.1873936
-0.3219782
-0.1486732
-0.1735128
-0.1178336
-0.0803012
-0.0364383
0.0689591
-0.1401361
-0.0245936
0.0774740
-0.0908330
0.0357409
-0.0416881
0.0352097
0.0356379
0.0345690
0.0909457
-0.1467915
-0.1361274
-0.0083266
0.0843301
0.0140136
-0.0071162
0.1338177
-0.0173267
-0.1155005
0.0917895
-0.1058553
-0.1823401
-0.0316651
-0.1676781
-0.0160255
0.0523048
0.1758188
0.1331053
0.0079380
0.1644048
0.2570627
0.2605703
0.2995216
0.3097814
0.1025188
0.0814162
-0.0145861
-0.3080589
-0.6767483
-1.0698092
-0.8669480
-0.3695977
0.1000216
0.7797044
1.0804906
1.0651693
0.9887198
0.7548281
0.1525265
-0.6949239
-0.9698554
-1.0926238
-1.0824863
-0.4816841
-0.1740854
0.1473630
0.3035568
0.2204827
0.4635397
0.4417416
0.4203811
0.2666576
-0.0551438
0.1392884
0.0655890
-0.0449473
-0.1610053
-0.1251877
-0.1754766
-0.2860246
-0.1361854
-0.0205066
0.1357449
0.1739265
0.0151534
-0.0763566
0.0889604
0.0072401
-0.0184099
-0.0009249
0.0450020
0.1382362
-0.1330289
-0.1513996
-0.0739880
-0.1737939
-0.0032465
0.0366949
-0.0909594
-0.0897887
-0.1694323
-0.0838553
0.1311108
0.1204455
0.1633851
0.2310120
0.1039175
0.1880418
0.0367150
-0.2054837
-0.0794646
-0.0369671
0.0182369
-0.0538904
-0.2368939
-0.0158047
0.0954794
-0.0512815
0.0034133
-0.0277236
0.0246424
0.1642925
0.1495524
0.2133007
0.0872789
-0.0244673
0.0820844
0.0112535
-0.0447595
-0.0736939
-0.5114452
-0.7420574
-0.7304653
-0.4944751
0.3338820
0.8714213
1.0758114
0.7073166
0.0828972
-0.0408180
-0.1357077
-0.1559774
-0.2494877
-0.4692005
-0.3910724
-0.2209998
0.1279054
-0.0479389
0.0667309
0.0583220
0.0017083
0.1627530
0.0370396
0.1660991
0.0161018
0.0706464
0.0084613
-0.1796359
-0.0621648
-0.1014432
-0.1625713
-0.0205256
0.0373028
-0.1436687
-0.1935478
0.0173004
-0.0618457
0.0511300
0.0978452
0.1598718
0.0582008
-0.0768097
0.1790357
0.0449455
-0.1053100
-0.0275148
-0.0345795
-0.0905040
0.0719209
0.0470471
-0.1000632
0.0219068
-0.0186851
-0.2124157
-0.0762570
0.0376758
-0.1435238
-0.0879314
-0.0430454
0.0111775
-0.0171544
0.0959669
0.3106914
0.2235728
0.2668203
0.2023942
0.1697972
0.0395593
-0.1600569
-0.0792711
-0.1935904
-0.4915040
-0.5766765
-0.6749078
-0.6937984
-0.5524104
-0.1507807
0.7844316
1.4798929
1.6131861
1.1447173
0.0657981
-0.9578559
-1.3201253
-0.9791242
-0.5252389
-0.2261714
-0.1678877
-0.0731891
0.2669662
0.2101212
0.1492626
0.3914818
0.2574153
0.1599908
0.1556260
-0.0304653
-0.0492372
-0.1157023
-0.1252411
-0.2133562
-0.2351834
0.0095291
-0.0189433
-0.0137366
0.0755346
0.0797680
0.1281015
-0.0125589
-0.0939882
0.0284995
0.0133985
0.0688880
0.1245003
-0.0453481
-0.0773883
0.0768632
0.1500451
0.1127275
-0.0436063
-0.0088061
0.0219541
-0.0988925
-0.2186317
-0.1639939
-0.0279695
-0.1930837
0.0244108
0.1409432
0.1213643
0.0531059
0.0641918
0.1799184
0.3084437
0.3783984
0.0685011
0.1362677
0.0804488
-0.0129860
-0.0189701
-0.2925023
-0.4963618
-0.4959423
-0.4076028
-0.1222343
0.1860059
0.3826787
0.7335013
0.8529306
0.8765519
0.6678104
-0.2009146
-0.7234106
-0.6928980
-0.5874964
-0.2532453
-0.1229639
-0.1633431
0.0074338
0.3194250
0.1585152
0.1834885
0.2751102
0.1565796
0.2932466
0.0377766
-0.1069307
-0.0670717
-0.1534813
-0.2101301
-0.1505167
-0.2213574
-0.1319991
0.0761876
-0.0207973
0.0737541
0.1294152
-0.0096865
0.1545271
0.0383026
0.0189003
0.0941522
0.0524967
0.1989990
0.1809522
0.1479160
0.0961733
0.1314149
0.1019568
-0.1090509
0.0339487
-0.1447843
-0.1016688
0.0103922
-0.1668569
0.0635001
-0.1223616
0.0234189
-0.0164189
0.0810355
0.0532704
-0.1230399
0.1130131
0.2957170
0.3379270
0.1398410
0.1574367
0.1703191
-0.0536698
-0.2318940
-0.1201566
-0.2937660
-0.4720495
-0.6906200
-0.6949959
-0.1780954
0.1404678
0.7604675
0.9711870
1.2414236
0.9090950
0.0485569
-0.5376859
-0.9557432
-0.7839854
-0.5940434
-0.2069007
0.1582621
0.0179854
0.1326294
0.1512961
0.0960371
0.3321430
0.1483491
0.0710871
0.1826022
-0.0210453
0.0677516
0.1428891
-0.1028686
-0.2666940
-0.0725158
0.0017846
-0.0291385
0.0546878
0.0138366
0.0936169
0.1388456
0.0868530
-0.0877784
0.0523615
0.0410317
0.0089211
0.1474617
0.0368552
0.0202949
0.0500127
0.1890775
0.1941943
0.1701902
0.1041910
-0.0741067
-0.2081261
-0.0688416
0.0393011
-0.1992692
-0.1632363
-0.0059699
-0.1319935
-0.1274761
-0.0261622
-0.0192644
0.0485694
0.1621655
0.1890395
0.1010096
0.1209811
0.2088648
0.1501317
0.0684500
-0.0702532
0.0156912
-0.0226722
-0.2774565
-0.4765436
-0.5955621
-0.5111940
-0.3701292
0.1670836
0.5556259
0.9890021
1.4957294
1.1262764
0.1254563
-0.6631685
-1.0545731
-0.9906478
-0.4555569
-0.1097144
-0.1437679
0.0163123
0.1749339
0.1621512
0.0504665
0.1839533
0.3393441
0.0817103
0.0364295
0.0586954
0.1261851
0.0304286
-0.1543258
-0.2098711
-0.1357685
-0.0079587
-0.1761470
-0.2211869
-0.0411975
-0.0878513
-0.0582595
-0.0730779
-0.1387264
-0.0763247
0.0002788
-0.0681742
0.0647403
0.1156378
-0.0896343
0.1658857
-0.0413173
-0.0254869
0.0399219
-0.0648526
0.0997814
-0.1329023
-0.1636242
0.0462236
-0.0444928
-0.0661469
-0.0836366
-0.1075187
-0.0893033
-0.2028408
0.0199295
0.0905392
-0.0346162
0.2727828
0.2561166
0.1367675
0.2979609
0.3048864
